3 0.41171875 0.91875 0.028125 0.0625
3 0.315625 0.75234375 0.0328125 0.06796875
3 0.41171875 0.61484375 0.0171875 0.0328125
3 0.37734375 0.603125 0.01953125 0.0375
3 0.40859375 0.51484375 0.02109375 0.02265625
3 0.459375 0.6078125 0.0171875 0.02734375
3 0.3875 0.57109375 0.015625 0.028125
2 0.51640625 0.65703125 0.02109375 0.07734375
3 0.4 0.54296875 0.01796875 0.02890625
3 0.553125 0.6875 0.034375 0.0328125
1 0.37109375 0.9015625 0.0109375 0.04296875
3 0.465625 0.44296875 0.01328125 0.0203125
3 0.49765625 0.509375 0.0109375 0.025
3 0.51640625 0.4375 0.01484375 0.01796875
3 0.48359375 0.4640625 0.00859375 0.01953125
3 0.5140625 0.47578125 0.01484375 0.02578125
3 0.5390625 0.46484375 0.021875 0.028125
3 0.51640625 0.40390625 0.0109375 0.0203125
3 0.56015625 0.459375 0.015625 0.02734375
3 0.5359375 0.4109375 0.02109375 0.0171875
3 0.5 0.425 0.01328125 0.01953125
3 0.53828125 0.44609375 0.01875 0.01484375
3 0.334375 0.4609375 0.02265625 0.01953125
3 0.96640625 0.50390625 0.0125 0.021875
3 0.34609375 0.6359375 0.025 0.02421875
3 0.51484375 0.6015625 0.0140625 0.028125
3 0.5859375 0.4453125 0.01484375 0.0296875
6 0.265625 0.90390625 0.0546875 0.10546875
3 0.55859375 0.66640625 0.0375 0.02578125
3 0.5890625 0.7671875 0.0203125 0.059375
2 0.340625 0.684375 0.0359375 0.078125
1 0.49453125 0.47890625 0.00703125 0.01875
1 0.44296875 0.53046875 0.00546875 0.02421875
3 0.4859375 0.44375 0.01015625 0.01484375
3 0.43671875 0.4359375 0.009375 0.01640625
3 0.496875 0.36484375 0.00625 0.01328125
3 0.490625 0.4125 0.00859375 0.015625