3 0.396875 0.915625 0.0296875 0.0640625
3 0.30703125 0.74609375 0.0359375 0.06875
3 0.4078125 0.61171875 0.01875 0.0328125
3 0.3734375 0.5984375 0.0203125 0.0375
3 0.4078125 0.51171875 0.021875 0.0234375
3 0.45546875 0.60625 0.01875 0.028125
3 0.38515625 0.5671875 0.0171875 0.028125
2 0.5109375 0.6578125 0.0234375 0.078125
3 0.3984375 0.5390625 0.01875 0.0296875
3 0.546875 0.6890625 0.0359375 0.034375
1 0.35703125 0.896875 0.0125 0.04375
3 0.46796875 0.4421875 0.0140625 0.0203125
3 0.49765625 0.509375 0.0125 0.025
3 0.51875 0.43828125 0.015625 0.01875
3 0.48515625 0.46328125 0.009375 0.0203125
3 0.51484375 0.4765625 0.015625 0.0265625
3 0.540625 0.46640625 0.0234375 0.028125
3 0.51953125 0.4046875 0.0109375 0.0203125
3 0.56171875 0.46171875 0.0171875 0.028125
3 0.5390625 0.4125 0.021875 0.0171875
3 0.50234375 0.425 0.0140625 0.0203125
3 0.53984375 0.44765625 0.01875 0.015625
3 0.3359375 0.45546875 0.0234375 0.0203125
3 0.965625 0.5203125 0.0125 0.021875
3 0.34140625 0.63046875 0.0265625 0.025
3 0.5109375 0.60234375 0.015625 0.028125
3 0.5875 0.4484375 0.015625 0.0296875
6 0.2515625 0.8953125 0.0578125 0.1078125
3 0.553125 0.66796875 0.0390625 0.0265625
3 0.5796875 0.7703125 0.021875 0.059375
2 0.334375 0.67890625 0.0390625 0.0796875
1 0.4953125 0.47890625 0.0078125 0.01875
1 0.4421875 0.528125 0.00625 0.025
3 0.48828125 0.44296875 0.0109375 0.015625
3 0.4390625 0.43359375 0.009375 0.0171875
3 0.5015625 0.36484375 0.00625 0.0140625
3 0.49375 0.4125 0.009375 0.015625