3 0.5015625 0.57421875 0.0421875 0.040625
1 0.16484375 0.66953125 0.01875 0.025
1 0.634375 0.47265625 0.009375 0.0140625
1 0.83046875 0.63515625 0.01875 0.01875
4 0.74921875 0.66484375 0.0125 0.0125
4 0.82421875 0.69375 0.0109375 0.009375
4 0.22890625 0.828125 0.0140625 0.021875
1 0.0453125 0.71015625 0.0203125 0.0171875
1 0.4578125 0.63125 0.01875 0.0171875
1 0.51328125 0.62109375 0.0171875 0.0171875
4 0.5140625 0.8546875 0.0078125 0.0109375
1 0.92890625 0.47578125 0.0171875 0.0140625
4 0.984375 0.41328125 0.0140625 0.0234375
4 0.94375 0.6859375 0.0140625 0.015625
4 0.94453125 0.70078125 0.0140625 0.0140625