3 0.50703125 0.57421875 0.040625 0.0390625
1 0.17734375 0.6921875 0.01875 0.0234375
1 0.63203125 0.46328125 0.009375 0.0140625
1 0.8390625 0.61171875 0.0171875 0.0171875
4 0.76015625 0.646875 0.0125 0.0125
4 0.83671875 0.67109375 0.0109375 0.009375
4 0.25234375 0.846875 0.0140625 0.021875
1 0.0609375 0.74140625 0.01875 0.0171875
1 0.4671875 0.634375 0.0171875 0.0171875
1 0.521875 0.6203125 0.015625 0.015625
4 0.5390625 0.85234375 0.0078125 0.0109375
1 0.9265625 0.4453125 0.0171875 0.0140625
4 0.9765625 0.3796875 0.0140625 0.0234375
4 0.95625 0.6546875 0.0140625 0.015625
4 0.9578125 0.66953125 0.0140625 0.0140625