3 0.24453125 0.56171875 0.0453125 0.0453125
1 0.43125 0.61171875 0.01875 0.0171875
1 0.37578125 0.62265625 0.0171875 0.0171875
1 0.721875 0.6515625 0.0203125 0.0171875
1 0.73203125 0.49453125 0.0203125 0.0203125
4 0.9578125 0.45 0.021875 0.028125
4 0.89765625 0.7203125 0.015625 0.015625
4 0.7796875 0.721875 0.0125 0.0140625
4 0.76171875 0.6875 0.0109375 0.0140625
4 0.89609375 0.73515625 0.0125 0.015625
4 0.99296875 0.45703125 0.0140625 0.0171875
1 0.059375 0.65625 0.0234375 0.01875
4 0.20078125 0.80390625 0.015625 0.021875