3 0.50546875 0.57421875 0.03984375 0.0390625
1 0.17421875 0.68671875 0.01796875 0.0234375
1 0.6328125 0.465625 0.009375 0.01328125
1 0.83671875 0.61796875 0.0171875 0.0171875
4 0.7578125 0.6515625 0.01171875 0.0125
4 0.83359375 0.6765625 0.01015625 0.009375
4 0.24609375 0.8421875 0.01328125 0.02109375
1 0.05703125 0.73359375 0.01875 0.01640625
1 0.46484375 0.63359375 0.0171875 0.01640625
1 0.51953125 0.6203125 0.015625 0.015625
4 0.5328125 0.853125 0.00703125 0.01015625
1 0.92734375 0.453125 0.0171875 0.01328125
4 0.97890625 0.38828125 0.01328125 0.02265625
4 0.953125 0.6625 0.0140625 0.01484375
4 0.9546875 0.67734375 0.01328125 0.0140625