3 0.25546875 0.596875 0.040625 0.040625
1 0.44765625 0.6203125 0.015625 0.015625
1 0.39375 0.6390625 0.015625 0.015625
1 0.740625 0.61953125 0.01875 0.015625
1 0.72890625 0.4625 0.01875 0.01875
4 0.94609375 0.38671875 0.01875 0.025
4 0.92421875 0.6625 0.0125 0.0140625
4 0.8078125 0.68046875 0.009375 0.0125
4 0.78515625 0.64921875 0.009375 0.0125
4 0.925 0.67734375 0.0109375 0.0140625
4 0.98359375 0.3890625 0.015625 0.015625
1 0.08515625 0.71640625 0.021875 0.015625
4 0.24609375 0.8421875 0.0125 0.021875