3 0.48125 0.56328125 0.040625 0.0359375
1 0.6375 0.6203125 0.01875 0.0234375
1 0.30859375 0.64140625 0.015625 0.0171875
3 0.05703125 0.6078125 0.0578125 0.04375
1 0.1671875 0.69140625 0.0203125 0.01875
1 0.23359375 0.66875 0.015625 0.015625
1 0.578125 0.625 0.015625 0.0125
1 0.44453125 0.44453125 0.0171875 0.0171875
1 0.98828125 0.65859375 0.01875 0.01875
4 0.66796875 0.43359375 0.0109375 0.0125
4 0.665625 0.44375 0.0109375 0.0140625
4 0.67890625 0.4453125 0.0140625 0.0234375
4 0.47421875 0.703125 0.009375 0.0140625
4 0.590625 0.6796875 0.009375 0.0140625
4 0.16484375 0.78828125 0.0140625 0.0140625
4 0.13125 0.78359375 0.0109375 0.0171875
4 0.36953125 0.82890625 0.0078125 0.0125
4 0.3484375 0.95546875 0.009375 0.0203125
1 0.196875 0.88359375 0.0125 0.0359375