3 0.88125 0.64609375 0.0453125 0.0390625
1 0.3890625 0.61640625 0.015625 0.015625
1 0.50390625 0.6171875 0.01875 0.0203125
1 0.825 0.6875 0.0140625 0.0140625
1 0.7328125 0.67421875 0.0171875 0.0125
3 0.0453125 0.54375 0.0578125 0.05
1 0.33515625 0.6296875 0.0171875 0.021875
4 0.3265625 0.80625 0.0109375 0.015625
4 0.50625 0.66328125 0.009375 0.0140625
4 0.61953125 0.7046875 0.009375 0.009375
4 0.7328125 0.47265625 0.009375 0.0140625
4 0.72890625 0.48671875 0.0125 0.0171875
4 0.74296875 0.4859375 0.015625 0.01875
4 0.95546875 0.503125 0.0140625 0.0140625
1 0.1453125 0.84140625 0.0140625 0.034375