3 0.3515625 0.58984375 0.0484375 0.0421875
3 0.884375 0.5578125 0.046875 0.0421875
1 0.4125 0.6453125 0.0140625 0.015625
1 0.31796875 0.68671875 0.015625 0.0171875
1 0.9546875 0.60546875 0.01875 0.01875
3 0.075 0.678125 0.0578125 0.0515625
1 0.21796875 0.7140625 0.0171875 0.01875
1 0.2890625 0.68046875 0.015625 0.015625
1 0.321875 0.6984375 0.0171875 0.015625
1 0.55625 0.6171875 0.015625 0.0125
1 0.54921875 0.64609375 0.0140625 0.0125
1 0.53125 0.6421875 0.0171875 0.015625
1 0.53203125 0.62421875 0.0203125 0.015625
1 0.53046875 0.48125 0.015625 0.015625
4 0.91171875 0.4140625 0.015625 0.0140625
4 0.85546875 0.671875 0.0140625 0.0140625
4 0.78359375 0.65859375 0.015625 0.015625
4 0.92421875 0.4234375 0.009375 0.0109375
4 0.33984375 0.8015625 0.009375 0.0125
4 0.33046875 0.815625 0.0078125 0.0109375
4 0.334375 0.809375 0.0078125 0.0109375
4 0.33984375 0.8203125 0.009375 0.0125
4 0.40859375 0.84296875 0.0109375 0.015625
1 0.24609375 0.9390625 0.0140625 0.0328125