3 0.903125 0.56328125 0.04375 0.0375
1 0.415625 0.63671875 0.0140625 0.015625
1 0.528125 0.61328125 0.01875 0.0203125
1 0.85703125 0.61640625 0.0140625 0.0140625
1 0.7640625 0.621875 0.0171875 0.0109375
3 0.0640625 0.6375 0.05625 0.0484375
1 0.365625 0.6609375 0.0171875 0.0203125
4 0.39375 0.83515625 0.009375 0.015625
4 0.53984375 0.65859375 0.009375 0.0140625
4 0.659375 0.675 0.0078125 0.009375
4 0.72265625 0.425 0.009375 0.0140625
4 0.72109375 0.4390625 0.0109375 0.0171875
4 0.734375 0.4359375 0.015625 0.0171875
4 0.94609375 0.40859375 0.0140625 0.0140625
1 0.22421875 0.9078125 0.0125 0.034375