3 0.33125 0.5390625 0.05 0.04375
3 0.84765625 0.67421875 0.046875 0.04375
1 0.371875 0.61171875 0.0140625 0.015625
1 0.9546875 0.75703125 0.015625 0.025
1 0.26953125 0.62109375 0.0171875 0.0171875
1 0.89921875 0.740625 0.01875 0.0203125
3 0.04140625 0.53828125 0.059375 0.053125
1 0.165625 0.61640625 0.0171875 0.01875
1 0.24375 0.60625 0.015625 0.015625
1 0.26953125 0.63359375 0.0171875 0.0171875
1 0.5171875 0.62890625 0.0171875 0.0140625
1 0.5015625 0.65390625 0.015625 0.0125
1 0.48515625 0.6453125 0.0171875 0.015625
1 0.49140625 0.628125 0.0203125 0.015625
1 0.534375 0.4921875 0.015625 0.015625
4 0.91796875 0.5453125 0.015625 0.0140625
4 0.78515625 0.7734375 0.0140625 0.0140625
4 0.7203125 0.7390625 0.015625 0.015625
4 0.9265625 0.5578125 0.009375 0.0109375
4 0.25390625 0.7375 0.009375 0.0125
4 0.24140625 0.74765625 0.0078125 0.0125
4 0.246875 0.74296875 0.0078125 0.0109375
4 0.2484375 0.7546875 0.009375 0.0125
4 0.30703125 0.79765625 0.0125 0.015625
1 0.12265625 0.8390625 0.015625 0.0328125