3 0.46875 0.55859375 0.046875 0.04375
1 0.609375 0.64609375 0.021875 0.0265625
1 0.28359375 0.5984375 0.0171875 0.0203125
3 0.04453125 0.51328125 0.0640625 0.053125
1 0.134375 0.61875 0.021875 0.021875
1 0.20390625 0.609375 0.0171875 0.01875
1 0.55 0.6390625 0.0171875 0.0140625
1 0.45703125 0.434375 0.01875 0.01875
1 0.94453125 0.75703125 0.0203125 0.0203125
4 0.67734375 0.4703125 0.0125 0.0140625
4 0.6734375 0.4796875 0.0125 0.015625
4 0.6859375 0.48359375 0.0171875 0.025
4 0.43203125 0.69296875 0.0109375 0.0140625
4 0.5515625 0.69453125 0.0125 0.015625
4 0.1125 0.71171875 0.0171875 0.0171875
4 0.08046875 0.70078125 0.0125 0.01875
4 0.30390625 0.79453125 0.009375 0.0140625
4 0.25703125 0.9140625 0.0125 0.0203125
1 0.1234375 0.81171875 0.01875 0.0375