3 0.48046875 0.56328125 0.040625 0.0359375
1 0.63515625 0.62265625 0.01796875 0.0234375
1 0.30625 0.63828125 0.01484375 0.0171875
3 0.05546875 0.6 0.05703125 0.04296875
1 0.1640625 0.6859375 0.01953125 0.01796875
1 0.23046875 0.6640625 0.01484375 0.015625
1 0.57578125 0.6265625 0.01484375 0.01171875
1 0.4453125 0.44375 0.01640625 0.01640625
1 0.98515625 0.6671875 0.01796875 0.01796875
4 0.66875 0.43671875 0.0109375 0.01171875
4 0.66640625 0.446875 0.01015625 0.01328125
4 0.6796875 0.4484375 0.01328125 0.0234375
4 0.4703125 0.70234375 0.00859375 0.01328125
4 0.5875 0.68125 0.009375 0.0140625
4 0.16015625 0.78203125 0.0140625 0.0140625
4 0.1265625 0.77734375 0.01015625 0.01640625
4 0.3640625 0.8265625 0.0078125 0.0125
4 0.340625 0.953125 0.009375 0.01953125
1 0.18984375 0.878125 0.0125 0.03515625