3 0.47265625 0.56015625 0.0453125 0.040625
1 0.61953125 0.63828125 0.0203125 0.025
1 0.290625 0.61328125 0.0171875 0.01875
3 0.046875 0.5453125 0.0625 0.05
1 0.14375 0.64375 0.021875 0.0203125
1 0.2125 0.6296875 0.0171875 0.0171875
1 0.56015625 0.63515625 0.015625 0.0140625
1 0.45234375 0.4375 0.01875 0.01875
1 0.9609375 0.725 0.0203125 0.0203125
4 0.675 0.4578125 0.0125 0.0125
4 0.671875 0.4671875 0.0109375 0.0140625
4 0.684375 0.47109375 0.015625 0.025
4 0.44609375 0.696875 0.009375 0.0140625
4 0.56484375 0.690625 0.0109375 0.015625
4 0.128125 0.73828125 0.015625 0.015625
4 0.0953125 0.7296875 0.0125 0.0171875
4 0.325 0.8078125 0.009375 0.0140625
4 0.28671875 0.93046875 0.0109375 0.0203125
1 0.14609375 0.8375 0.0171875 0.0359375