3 0.34296875 0.5734375 0.0453125 0.0375
3 0.8765625 0.59765625 0.0421875 0.0390625
1 0.39765625 0.6359375 0.0125 0.0140625
1 0.9953125 0.65703125 0.009375 0.0234375
1 0.29921875 0.66640625 0.0140625 0.015625
1 0.940625 0.65234375 0.0171875 0.0171875
3 0.059375 0.6328125 0.053125 0.046875
1 0.196875 0.68359375 0.015625 0.0171875
1 0.271875 0.65703125 0.0140625 0.0140625
1 0.30234375 0.67890625 0.015625 0.0140625
1 0.54375 0.62265625 0.015625 0.0109375
1 0.53359375 0.65078125 0.0140625 0.0109375
1 0.515625 0.64453125 0.015625 0.0140625
1 0.51875 0.6265625 0.01875 0.0140625
1 0.53203125 0.48515625 0.0140625 0.0140625
4 0.91796875 0.45703125 0.0140625 0.0125
4 0.8359375 0.7078125 0.0125 0.0125
4 0.765625 0.6875 0.0140625 0.0140625
4 0.9296875 0.46796875 0.009375 0.009375
4 0.309375 0.78359375 0.0078125 0.0125
4 0.2984375 0.79609375 0.00625 0.0109375
4 0.303125 0.790625 0.00625 0.0109375
4 0.30703125 0.8015625 0.0078125 0.0125
4 0.3734375 0.83125 0.009375 0.015625
1 0.2015625 0.91015625 0.0109375 0.03125