3 0.1921875 0.8359375 0.0390625 0.0484375
1 0.753125 0.4765625 0.0171875 0.0203125
1 0.52734375 0.6421875 0.0125 0.0171875
1 0.22578125 0.8890625 0.0140625 0.021875
4 0.33671875 0.9109375 0.0078125 0.0140625
4 0.3328125 0.90625 0.0078125 0.0125
4 0.3 0.97578125 0.009375 0.0125
4 0.45859375 0.76171875 0.0078125 0.0125
4 0.54453125 0.66875 0.0078125 0.009375
4 0.57890625 0.6796875 0.0109375 0.015625
4 0.50234375 0.478125 0.009375 0.0109375
4 0.49453125 0.46796875 0.009375 0.0171875
4 0.45859375 0.50625 0.009375 0.0140625
4 0.60703125 0.36953125 0.0078125 0.0171875
4 0.5328125 0.446875 0.009375 0.01875
4 0.52734375 0.4390625 0.009375 0.015625
4 0.534375 0.42890625 0.009375 0.0140625
4 0.61484375 0.37734375 0.0078125 0.0171875
4 0.61484375 0.38828125 0.0078125 0.0171875
4 0.62109375 0.39375 0.0078125 0.0171875
1 0.671875 0.53671875 0.0125 0.01875
1 0.37890625 0.75859375 0.0109375 0.01875
1 0.34609375 0.78984375 0.0125 0.0140625
4 0.35 0.840625 0.009375 0.0125
4 0.98203125 0.1140625 0.0125 0.015625
4 0.9671875 0.39765625 0.0140625 0.015625
4 0.85859375 0.45703125 0.0125 0.015625
4 0.86484375 0.46953125 0.009375 0.015625
4 0.95 0.15234375 0.0125 0.015625
4 0.94609375 0.13828125 0.0125 0.01875
4 0.946875 0.146875 0.0125 0.015625
1 0.996875 0.3140625 0.00625 0.01875