3 0.69296875 0.46484375 0.040625 0.0515625
1 0.76484375 0.45703125 0.015625 0.0203125
1 0.28125 0.86171875 0.0125 0.0171875
1 0.65 0.40859375 0.01875 0.021875
1 0.803125 0.4453125 0.015625 0.0203125
4 0.82265625 0.4875 0.0109375 0.015625
4 0.825 0.49375 0.0109375 0.0171875
4 0.73046875 0.5328125 0.009375 0.0140625
1 0.64140625 0.56875 0.0140625 0.0140625
4 0.7125 0.55625 0.0109375 0.0109375
4 0.71171875 0.565625 0.0078125 0.0078125
4 0.71328125 0.57578125 0.0109375 0.0125
4 0.671875 0.60703125 0.009375 0.0125
4 0.92734375 0.11328125 0.0140625 0.01875
4 0.98984375 0.19921875 0.015625 0.025
4 0.4984375 0.4484375 0.0078125 0.015625
4 0.49375 0.4734375 0.00625 0.0125
4 0.49609375 0.4796875 0.00625 0.0125
4 0.50078125 0.484375 0.0078125 0.0203125
4 0.378125 0.553125 0.00625 0.009375
4 0.3765625 0.56484375 0.00625 0.009375
4 0.38125 0.57421875 0.0078125 0.0140625
4 0.29296875 0.59765625 0.0109375 0.0140625
1 0.43359375 0.71953125 0.0140625 0.015625
1 0.43515625 0.73203125 0.0125 0.015625
1 0.2875 0.88125 0.0140625 0.01875
4 0.36015625 0.88125 0.009375 0.015625