3 0.69140625 0.4578125 0.0390625 0.05
1 0.76328125 0.44765625 0.01484375 0.0203125
1 0.29375 0.86953125 0.0125 0.0171875
1 0.646875 0.403125 0.01796875 0.021875
1 0.80078125 0.43515625 0.01484375 0.01953125
4 0.821875 0.4765625 0.0109375 0.01484375
4 0.82421875 0.4828125 0.01015625 0.0171875
4 0.73125 0.525 0.009375 0.0140625
1 0.64375 0.5640625 0.01328125 0.0140625
4 0.7140625 0.5484375 0.01015625 0.0109375
4 0.7140625 0.5578125 0.00703125 0.0078125
4 0.715625 0.56796875 0.01015625 0.01171875
4 0.67578125 0.60078125 0.009375 0.0125
4 0.91328125 0.0984375 0.01328125 0.01796875
4 0.97890625 0.18203125 0.01484375 0.025
4 0.496875 0.4484375 0.00703125 0.015625
4 0.49296875 0.4734375 0.00625 0.01171875
4 0.4953125 0.4796875 0.00546875 0.01171875
4 0.5 0.484375 0.0078125 0.01953125
4 0.3796875 0.55703125 0.00546875 0.009375
4 0.37890625 0.56875 0.00546875 0.00859375
4 0.38359375 0.578125 0.00703125 0.0140625
4 0.296875 0.6046875 0.01015625 0.01328125
1 0.44140625 0.721875 0.01328125 0.015625
1 0.44296875 0.734375 0.01171875 0.01484375
1 0.30078125 0.88828125 0.0140625 0.01796875
4 0.3734375 0.8859375 0.00859375 0.01484375