3 0.14609375 0.91484375 0.0390625 0.0515625
3 0.95078125 0.171875 0.046875 0.059375
3 0.14609375 0.8515625 0.040625 0.0453125
1 0.909375 0.2703125 0.015625 0.021875
4 0.5375 0.42890625 0.0125 0.03125
4 0.8875 0.084375 0.0203125 0.040625
4 0.34765625 0.6296875 0.0125 0.021875
4 0.53359375 0.71953125 0.009375 0.0140625
1 0.77890625 0.43125 0.0125 0.0171875
1 0.553125 0.47421875 0.015625 0.0171875
1 0.678125 0.5265625 0.0125 0.01875
4 0.18125 0.6453125 0.0109375 0.015625
4 0.5421875 0.73203125 0.0078125 0.015625
4 0.646875 0.521875 0.0078125 0.0109375
4 0.6015625 0.59140625 0.0078125 0.009375
4 0.65234375 0.30625 0.009375 0.0140625
4 0.85390625 0.0984375 0.015625 0.0234375
4 0.93515625 0.3328125 0.0125 0.01875