3 0.6515625 0.46015625 0.04375 0.0515625
1 0.2875 0.98203125 0.015625 0.021875
1 0.734375 0.41640625 0.01875 0.0203125
1 0.34609375 0.89140625 0.0125 0.0171875
1 0.82890625 0.31953125 0.015625 0.021875
1 0.3328125 0.93125 0.015625 0.0203125
1 0.40078125 0.83046875 0.015625 0.0203125
4 0.196875 0.653125 0.015625 0.01875
4 0.27421875 0.61328125 0.0140625 0.015625
4 0.43671875 0.5328125 0.0078125 0.0125
1 0.37421875 0.884375 0.015625 0.021875
4 0.4171875 0.990625 0.0078125 0.0109375
4 0.4203125 0.996875 0.00625 0.00625
4 0.43828125 0.9328125 0.0109375 0.0171875
4 0.49296875 0.7875 0.0109375 0.0140625
4 0.5296875 0.73203125 0.009375 0.0140625
4 0.534375 0.7390625 0.009375 0.0125
4 0.59453125 0.68125 0.0109375 0.015625
4 0.5890625 0.65859375 0.009375 0.0140625
4 0.6171875 0.62890625 0.0078125 0.0109375
4 0.6203125 0.6390625 0.0078125 0.0109375
1 0.5578125 0.640625 0.015625 0.01875
1 0.603125 0.578125 0.0125 0.0125
1 0.63046875 0.55234375 0.0125 0.0140625
1 0.61640625 0.5828125 0.0140625 0.0140625
4 0.4421875 0.54765625 0.009375 0.0125
4 0.5078125 0.43359375 0.0078125 0.0109375
4 0.5484375 0.38203125 0.0078125 0.0109375
4 0.6171875 0.29921875 0.0109375 0.015625
4 0.74296875 0.4734375 0.0109375 0.0171875
4 0.91796875 0.29921875 0.0140625 0.0171875
4 0.82265625 0.05546875 0.009375 0.015625
1 0.88125 0.06171875 0.0171875 0.021875
1 0.7296875 0.43671875 0.0171875 0.0171875
1 0.74453125 0.41875 0.015625 0.0203125
1 0.65 0.32890625 0.0140625 0.0171875
4 0.625 0.853125 0.009375 0.0140625