3 0.65625 0.51171875 0.04375 0.053125
1 0.1421875 0.88671875 0.015625 0.021875
1 0.7484375 0.496875 0.01875 0.0203125
1 0.22734375 0.8203125 0.0140625 0.0171875
1 0.86953125 0.43671875 0.0171875 0.021875
1 0.2015625 0.853125 0.015625 0.0203125
1 0.2984375 0.78046875 0.015625 0.0203125
4 0.16328125 0.54609375 0.015625 0.01875
4 0.25 0.53359375 0.0140625 0.015625
4 0.42890625 0.51015625 0.0078125 0.0125
1 0.25625 0.82265625 0.015625 0.021875
4 0.26171875 0.9375 0.0078125 0.0125
4 0.26171875 0.94765625 0.00625 0.0125
4 0.2671875 0.953125 0.009375 0.0125
4 0.30078125 0.8890625 0.0109375 0.0171875
4 0.4 0.76953125 0.0109375 0.0140625
4 0.45234375 0.72890625 0.009375 0.0140625
4 0.4546875 0.7375 0.009375 0.0125
4 0.53046875 0.70234375 0.0109375 0.015625
4 0.5328125 0.67890625 0.009375 0.0140625
4 0.56875 0.659375 0.0078125 0.0125
4 0.56796875 0.6703125 0.009375 0.0109375
1 0.50859375 0.6515625 0.015625 0.01875
1 0.57265625 0.60703125 0.0125 0.0125
1 0.60703125 0.5921875 0.0125 0.0140625
1 0.58359375 0.61640625 0.0140625 0.0140625
4 0.4296875 0.5265625 0.009375 0.0125
4 0.52890625 0.43984375 0.0078125 0.0109375
4 0.584375 0.4046875 0.0078125 0.0109375
4 0.67578125 0.3484375 0.0109375 0.015625
4 0.73828125 0.55390625 0.0109375 0.0171875
4 0.9609375 0.44609375 0.0140625 0.0171875
4 0.95 0.18515625 0.009375 0.015625
1 0.996875 0.209375 0.00625 0.021875
1 0.7375 0.51484375 0.0171875 0.0171875
1 0.75703125 0.50234375 0.015625 0.0203125
1 0.69765625 0.3875 0.0140625 0.0171875
4 0.503125 0.87421875 0.009375 0.0140625