3 0.05625 0.81640625 0.0421875 0.053125
3 0.07109375 0.75546875 0.04375 0.046875
1 0.953125 0.3765625 0.0171875 0.021875
4 0.55390625 0.440625 0.0140625 0.03125
4 0.9765625 0.18984375 0.0234375 0.040625
4 0.3203125 0.58828125 0.0140625 0.021875
4 0.47890625 0.72109375 0.009375 0.015625
1 0.78671875 0.5 0.0140625 0.01875
1 0.5578125 0.4875 0.0171875 0.01875
1 0.66640625 0.56875 0.0140625 0.01875
4 0.15546875 0.5640625 0.0125 0.015625
4 0.48515625 0.7359375 0.0078125 0.015625
4 0.6375 0.55625 0.009375 0.0125
4 0.5765625 0.61328125 0.009375 0.009375
4 0.69453125 0.34921875 0.0109375 0.015625
4 0.940625 0.1953125 0.0171875 0.025
4 0.96328125 0.44296875 0.0140625 0.01875