3 0.1109375 0.88203125 0.034375 0.0484375
3 0.97734375 0.2125 0.0421875 0.05625
3 0.11640625 0.81953125 0.0375 0.0421875
1 0.928125 0.30703125 0.0140625 0.0203125
4 0.54375 0.4328125 0.01015625 0.03046875
4 0.921875 0.11953125 0.0171875 0.0390625
4 0.33671875 0.615625 0.0109375 0.0203125
4 0.5140625 0.721875 0.0078125 0.0140625
1 0.78359375 0.45546875 0.01171875 0.01640625
1 0.55546875 0.47890625 0.0140625 0.01640625
1 0.675 0.5421875 0.01171875 0.0171875
4 0.16953125 0.6171875 0.01015625 0.0140625
4 0.521875 0.73515625 0.00625 0.01484375
4 0.64453125 0.534375 0.00703125 0.0109375
4 0.59296875 0.6 0.0078125 0.00859375
4 0.66875 0.3203125 0.00859375 0.0140625
4 0.8875 0.13046875 0.01328125 0.02265625
4 0.9484375 0.37109375 0.01171875 0.0171875