1 0.6484375 0.9734375 0.0140625 0.0375
3 0.3390625 0.30703125 0.0328125 0.059375
3 0.390625 0.15625 0.034375 0.084375
1 0.63125 0.978125 0.0140625 0.034375
1 0.20546875 0.76015625 0.0125 0.034375
3 0.52421875 0.734375 0.0296875 0.08125
1 0.184375 0.73671875 0.0125 0.03125
1 0.25390625 0.86953125 0.0140625 0.03125
1 0.71640625 0.86875 0.0140625 0.0265625
1 0.6953125 0.96171875 0.015625 0.0359375
1 0.61953125 0.9859375 0.0140625 0.028125
1 0.68984375 0.934375 0.0125 0.03125
1 0.6375 0.9359375 0.0140625 0.0359375
1 0.75078125 0.8921875 0.0140625 0.0328125
1 0.15 0.74453125 0.0125 0.03125
1 0.64453125 0.925 0.0125 0.03125
1 0.70546875 0.96015625 0.0140625 0.0296875
1 0.67578125 0.95234375 0.015625 0.0328125
1 0.22734375 0.865625 0.0125 0.0359375
1 0.65703125 0.90390625 0.0109375 0.0328125
1 0.6515625 0.915625 0.0125 0.03125
1 0.18984375 0.95703125 0.01875 0.028125
1 0.76953125 0.89296875 0.01875 0.0234375
1 0.665625 0.95234375 0.0171875 0.0328125
1 0.68671875 0.97890625 0.0125 0.0359375
1 0.73359375 0.93359375 0.0125 0.03125
1 0.234375 0.80390625 0.0140625 0.0296875
1 0.68984375 0.59765625 0.0140625 0.0328125
1 0.6203125 0.81015625 0.0125 0.028125
1 0.57734375 0.74296875 0.0125 0.03125
1 0.19140625 0.88671875 0.015625 0.03125
1 0.18671875 0.87578125 0.015625 0.028125
1 0.18359375 0.9453125 0.0171875 0.0265625
1 0.1640625 0.9359375 0.015625 0.0265625
1 0.21953125 0.85859375 0.0171875 0.028125
1 0.21171875 0.8484375 0.0140625 0.03125
1 0.20390625 0.84375 0.0140625 0.0328125
1 0.196875 0.8375 0.0140625 0.03125
1 0.1890625 0.83125 0.0125 0.0296875
1 0.184375 0.8125 0.0109375 0.028125
1 0.2203125 0.76875 0.0171875 0.0328125
1 0.19765625 0.75625 0.015625 0.03125
1 0.17109375 0.84453125 0.015625 0.025
1 0.178125 0.73984375 0.0140625 0.0328125
1 0.16015625 0.77578125 0.0140625 0.028125
1 0.1359375 0.75078125 0.015625 0.0359375
1 0.14375 0.7546875 0.0140625 0.0359375
1 0.15703125 0.81796875 0.0171875 0.040625
1 0.16015625 0.82890625 0.015625 0.03125
1 0.109375 0.721875 0.0125 0.0265625
1 0.71796875 0.9453125 0.0140625 0.03125
1 0.725 0.93203125 0.0140625 0.0265625
1 0.7390625 0.92578125 0.0109375 0.028125
1 0.69765625 0.91875 0.015625 0.034375
1 0.66484375 0.91015625 0.0125 0.034375
1 0.67265625 0.9078125 0.0125 0.0328125
1 0.67890625 0.9 0.0125 0.0328125
1 0.6875 0.890625 0.0125 0.0296875
1 0.69609375 0.87890625 0.0125 0.03125
1 0.7078125 0.90625 0.0140625 0.0296875
1 0.71171875 0.884375 0.0140625 0.0265625
1 0.73125 0.896875 0.0140625 0.03125
1 0.74296875 0.89375 0.0125 0.0328125
1 0.75703125 0.8796875 0.0125 0.028125
1 0.77265625 0.87734375 0.0171875 0.0234375
1 0.78515625 0.875 0.015625 0.0265625
1 0.79765625 0.8890625 0.015625 0.03125
1 0.7875 0.89921875 0.015625 0.028125
1 0.79765625 0.91640625 0.015625 0.0265625
1 0.79296875 0.92734375 0.015625 0.025
1 0.81171875 0.92734375 0.015625 0.028125
1 0.8078125 0.96015625 0.015625 0.03125
4 0.27421875 0.7203125 0.0078125 0.0140625
4 0.26953125 0.7140625 0.0078125 0.0140625
4 0.36484375 0.02109375 0.0109375 0.01875