1 0.74375 0.93203125 0.0140625 0.0375
3 0.30234375 0.34453125 0.0328125 0.059375
3 0.321875 0.18671875 0.034375 0.084375
1 0.728125 0.940625 0.0140625 0.034375
1 0.26640625 0.81640625 0.0125 0.034375
3 0.571875 0.72421875 0.0296875 0.08125
1 0.240625 0.79765625 0.0125 0.03125
1 0.3359375 0.9125 0.0140625 0.03125
1 0.78828125 0.815625 0.0140625 0.0265625
1 0.78671875 0.91171875 0.015625 0.0359375
1 0.71953125 0.95625 0.0140625 0.0390625
1 0.7765625 0.8859375 0.0125 0.03125
1 0.725 0.8984375 0.0140625 0.0359375
1 0.82734375 0.83203125 0.0140625 0.0328125
1 0.20859375 0.81171875 0.0125 0.03125
1 0.7296875 0.8859375 0.0125 0.03125
1 0.796875 0.90703125 0.0140625 0.0296875
1 0.765625 0.90546875 0.015625 0.0328125
1 0.309375 0.9140625 0.0125 0.0359375
1 0.7375 0.8625 0.0109375 0.0328125
1 0.73515625 0.875 0.0125 0.03125
1 0.8453125 0.828125 0.01875 0.0234375
1 0.75546875 0.90859375 0.0171875 0.0328125
1 0.78203125 0.9296875 0.0125 0.0359375
1 0.81875 0.87578125 0.0125 0.03125
1 0.303125 0.85234375 0.0140625 0.0296875
1 0.70625 0.55625 0.0140625 0.0328125
1 0.6828125 0.77890625 0.0125 0.028125
1 0.6265625 0.721875 0.0125 0.03125
1 0.27890625 0.94296875 0.015625 0.03125
1 0.27109375 0.9328125 0.015625 0.028125
1 0.28359375 0.99375 0.0171875 0.0125
1 0.2625 0.99140625 0.015625 0.0171875
1 0.3 0.909375 0.0171875 0.028125
1 0.290625 0.90078125 0.0140625 0.03125
1 0.28203125 0.89765625 0.0140625 0.0328125
1 0.2734375 0.89296875 0.0140625 0.03125
1 0.2640625 0.88828125 0.0125 0.0296875
1 0.25625 0.87109375 0.0109375 0.028125
1 0.28203125 0.82109375 0.0171875 0.0328125
1 0.25703125 0.8140625 0.015625 0.03125
1 0.25 0.90546875 0.015625 0.025
1 0.234375 0.8015625 0.0140625 0.0328125
1 0.225 0.840625 0.0140625 0.028125
1 0.19609375 0.82109375 0.015625 0.0359375
1 0.2046875 0.8234375 0.0140625 0.0359375
1 0.23046875 0.8828125 0.0171875 0.040625
1 0.2359375 0.8921875 0.015625 0.03125
1 0.1640625 0.7984375 0.0125 0.0265625
1 0.80546875 0.890625 0.0140625 0.03125
1 0.809375 0.87578125 0.0140625 0.0265625
1 0.821875 0.86640625 0.0109375 0.028125
1 0.78046875 0.86875 0.015625 0.034375
1 0.746875 0.8671875 0.0125 0.034375
1 0.753125 0.86328125 0.0125 0.0328125
1 0.7578125 0.85390625 0.0125 0.0328125
1 0.76484375 0.84296875 0.0125 0.0296875
1 0.7703125 0.8296875 0.0125 0.03125
1 0.7875 0.85390625 0.0140625 0.0296875
1 0.78671875 0.83203125 0.0140625 0.0265625
1 0.80859375 0.83984375 0.0140625 0.03125
1 0.81953125 0.83515625 0.0125 0.0328125
1 0.83046875 0.81796875 0.0125 0.028125
1 0.8453125 0.8125 0.0171875 0.0234375
1 0.85703125 0.80703125 0.015625 0.0265625
1 0.871875 0.81796875 0.015625 0.03125
1 0.8640625 0.83125 0.015625 0.028125
1 0.878125 0.8453125 0.015625 0.0265625
1 0.875 0.85703125 0.015625 0.025
1 0.89375 0.853125 0.015625 0.028125
1 0.89609375 0.88671875 0.015625 0.03125
4 0.325 0.7625 0.0078125 0.0140625
4 0.31875 0.75703125 0.0078125 0.0140625
4 0.26796875 0.059375 0.0109375 0.01875