1 0.1890625 0.784375 0.0109375 0.03125
1 0.696875 0.96015625 0.015625 0.0328125
1 0.73359375 0.9109375 0.0140625 0.03125
1 0.6609375 0.98671875 0.015625 0.0265625
1 0.1546875 0.7921875 0.0109375 0.0359375
1 0.67734375 0.9828125 0.0140625 0.034375
1 0.73828125 0.87421875 0.0140625 0.028125
1 0.20546875 0.80390625 0.0140625 0.03125
1 0.715625 0.984375 0.015625 0.03125
1 0.68359375 0.9109375 0.0140625 0.0328125
1 0.7640625 0.9265625 0.0109375 0.0375
1 0.8234375 0.88671875 0.015625 0.0359375
1 0.71796875 0.93359375 0.0125 0.03125
1 0.17734375 0.784375 0.0109375 0.0328125
1 0.66484375 0.9390625 0.0140625 0.0375
1 0.215625 0.88984375 0.0109375 0.0359375
1 0.2375 0.9125 0.0140625 0.0390625
1 0.696875 0.9125 0.0109375 0.03125
1 0.196875 0.92265625 0.0140625 0.0359375
1 0.70859375 0.89765625 0.0109375 0.03125
1 0.19765625 0.8765625 0.0109375 0.028125
1 0.7453125 0.9484375 0.0140625 0.0359375
1 0.1125 0.7671875 0.0125 0.0265625
1 0.16484375 0.82421875 0.009375 0.0265625
1 0.225 0.8171875 0.0125 0.03125
1 0.64375 0.475 0.0140625 0.0359375