1 0.20390625 0.8 0.0109375 0.03125
1 0.4515625 0.6828125 0.01171875 0.028125
1 0.71875 0.9546875 0.01484375 0.03125
1 0.75390625 0.89921875 0.01328125 0.0359375
1 0.25859375 0.92578125 0.0125 0.0359375
1 0.18203125 0.84375 0.00859375 0.03125
1 0.23828125 0.90625 0.00859375 0.0375
1 0.16953125 0.81015625 0.009375 0.0359375
1 0.71953125 0.9109375 0.01171875 0.03125
1 0.61796875 0.29921875 0.0125 0.0265625
1 0.22265625 0.821875 0.01171875 0.034375
1 0.68671875 0.93203125 0.0109375 0.0421875
1 0.6859375 0.98203125 0.0125 0.0328125
1 0.73984375 0.92421875 0.01171875 0.0328125
1 0.79453125 0.8671875 0.01328125 0.028125
1 0.8609375 0.90703125 0.0140625 0.0328125
1 0.7015625 0.97890625 0.0109375 0.0359375
1 0.12734375 0.78515625 0.0109375 0.0234375
1 0.22578125 0.94765625 0.0109375 0.0328125
1 0.74375 0.95625 0.01171875 0.03125
1 0.21640625 0.8984375 0.00859375 0.03125
1 0.78203125 0.9234375 0.01328125 0.034375
1 0.75625 0.86015625 0.01484375 0.0265625
1 0.84140625 0.90390625 0.0140625 0.0296875
1 0.23828125 0.83125 0.00859375 0.03125
1 0.19375 0.8015625 0.0078125 0.03125
1 0.76796875 0.93515625 0.00859375 0.0296875
1 0.86171875 0.94140625 0.01484375 0.0359375
1 0.4984375 0.8078125 0.0109375 0.028125