1 0.2203125 0.81484375 0.0125 0.03125
1 0.4609375 0.68515625 0.0125 0.028125
1 0.7421875 0.94296875 0.0171875 0.03125
1 0.77421875 0.88515625 0.015625 0.0359375
1 0.28125 0.9375 0.0140625 0.0359375
1 0.20078125 0.86015625 0.0109375 0.03125
1 0.26015625 0.91953125 0.0109375 0.0375
1 0.1859375 0.82734375 0.0109375 0.0359375
1 0.740625 0.89921875 0.0140625 0.03125
1 0.60703125 0.29296875 0.0140625 0.0265625
1 0.23984375 0.8359375 0.0140625 0.034375
1 0.709375 0.921875 0.0125 0.0421875
1 0.7109375 0.971875 0.0140625 0.0328125
1 0.76171875 0.9109375 0.0140625 0.0328125
1 0.81328125 0.8515625 0.0140625 0.028125
1 0.88203125 0.8875 0.015625 0.0328125
1 0.7265625 0.96796875 0.0125 0.0359375
1 0.14296875 0.80390625 0.0125 0.0234375
1 0.24921875 0.96171875 0.0125 0.0328125
1 0.7671875 0.94296875 0.0140625 0.03125
1 0.2375 0.9125 0.0109375 0.03125
1 0.80390625 0.9078125 0.015625 0.034375
1 0.775 0.84609375 0.015625 0.0265625
1 0.86171875 0.88515625 0.015625 0.0296875
1 0.25625 0.84453125 0.0109375 0.03125
1 0.21015625 0.8171875 0.009375 0.03125
1 0.790625 0.9203125 0.009375 0.0296875
1 0.884375 0.921875 0.0171875 0.0359375
1 0.51484375 0.8078125 0.0125 0.028125