1 0.7625 0.94375 0.0125 0.034375
3 0.63203125 0.959375 0.03125 0.053125
3 0.6015625 0.8828125 0.0375 0.0859375
3 0.540625 0.10703125 0.034375 0.0765625
1 0.8234375 0.84609375 0.0140625 0.03125
3 0.3234375 0.04296875 0.0359375 0.0484375
1 0.7484375 0.95390625 0.015625 0.03125
1 0.26484375 0.8421875 0.015625 0.0328125
1 0.784375 0.91875 0.015625 0.0296875
1 0.24765625 0.8265625 0.0125 0.03125
1 0.2890625 0.8515625 0.015625 0.0328125
1 0.80234375 0.840625 0.015625 0.0328125
1 0.8234375 0.896875 0.015625 0.03125
1 0.77421875 0.91875 0.0171875 0.03125
1 0.834375 0.84375 0.015625 0.0328125
1 0.7421875 0.90859375 0.0171875 0.0375
3 0.5453125 0.253125 0.0375 0.0796875
1 0.78515625 0.83515625 0.015625 0.034375
1 0.84296875 0.83671875 0.0171875 0.03125
3 0.31171875 0.19765625 0.0390625 0.0859375
1 0.6671875 0.82109375 0.0140625 0.040625
1 0.8046875 0.86328125 0.015625 0.0328125
1 0.73515625 0.96015625 0.0125 0.021875
4 0.74765625 0.3546875 0.009375 0.015625
1 0.8921875 0.40234375 0.0203125 0.021875
1 0.6734375 0.91484375 0.0109375 0.03125
1 0.74609375 0.896875 0.0140625 0.0265625
1 0.75078125 0.88515625 0.0125 0.0265625
1 0.75390625 0.87265625 0.0125 0.03125
1 0.76171875 0.8765625 0.0125 0.0328125
1 0.76875 0.8734375 0.0140625 0.0296875
1 0.7734375 0.8640625 0.0125 0.03125
1 0.778125 0.853125 0.0109375 0.028125
1 0.79375 0.89609375 0.0125 0.0328125
1 0.8015625 0.9390625 0.0140625 0.034375
1 0.80546875 0.921875 0.015625 0.034375
1 0.8265625 0.88359375 0.0140625 0.0265625
1 0.83515625 0.8828125 0.0125 0.0265625
1 0.83984375 0.8734375 0.0125 0.028125
1 0.7984375 0.87734375 0.01875 0.034375
1 0.8015625 0.821875 0.0140625 0.021875
1 0.8453125 0.82421875 0.0140625 0.0265625
1 0.8609375 0.834375 0.0203125 0.0234375
1 0.86171875 0.81796875 0.0171875 0.0265625
1 0.871875 0.81328125 0.0171875 0.028125
1 0.87890625 0.83671875 0.015625 0.028125
1 0.88828125 0.821875 0.01875 0.0359375
1 0.8953125 0.84921875 0.01875 0.0328125
1 0.8921875 0.86328125 0.01875 0.0359375
1 0.91171875 0.859375 0.0171875 0.034375
1 0.92734375 0.884375 0.015625 0.0453125
1 0.915625 0.88984375 0.01875 0.034375
1 0.64296875 0.853125 0.0171875 0.0421875
1 0.2734375 0.84609375 0.0125 0.034375
1 0.3203125 0.94765625 0.015625 0.03125
1 0.31171875 0.940625 0.0171875 0.028125
1 0.3015625 0.9328125 0.0140625 0.03125
1 0.29296875 0.928125 0.0140625 0.0328125
1 0.28984375 0.97421875 0.0171875 0.0296875
1 0.2828125 0.965625 0.0171875 0.03125
1 0.28359375 0.9265625 0.015625 0.0296875
1 0.27265625 0.921875 0.015625 0.03125
1 0.265625 0.90234375 0.0125 0.0296875
1 0.26015625 0.93828125 0.0171875 0.0296875
1 0.25078125 0.93359375 0.0171875 0.028125
1 0.24453125 0.925 0.015625 0.028125
1 0.2328125 0.875 0.0140625 0.03125
1 0.22578125 0.9078125 0.015625 0.0296875
1 0.23984375 0.834375 0.0140625 0.0328125
1 0.2171875 0.84375 0.0140625 0.0359375
1 0.20234375 0.85234375 0.015625 0.0375
1 0.21171875 0.85859375 0.0109375 0.0328125
1 0.21171875 0.89296875 0.0140625 0.028125
1 0.22109375 0.90546875 0.0109375 0.0328125
1 0.16796875 0.8328125 0.0125 0.0328125
1 0.17734375 0.85078125 0.0140625 0.0359375
1 0.18671875 0.859375 0.0125 0.0328125
4 0.17421875 0.76171875 0.009375 0.0203125
4 0.18125 0.76015625 0.009375 0.021875
4 0.18671875 0.0875 0.0125 0.025