1 0.70703125 0.971875 0.009375 0.0328125
3 0.575 0.971875 0.0265625 0.05
3 0.5546875 0.8921875 0.0265625 0.0828125
3 0.58828125 0.11484375 0.0265625 0.0734375
1 0.77890625 0.8828125 0.0109375 0.0296875
3 0.38046875 0.025 0.03125 0.0453125
1 0.69140625 0.98125 0.0109375 0.0296875
1 0.225 0.8109375 0.0125 0.03125
1 0.73125 0.95 0.0125 0.0296875
1 0.209375 0.79375 0.009375 0.0296875
1 0.24765625 0.8234375 0.0125 0.03125
1 0.7578125 0.875 0.0125 0.03125
1 0.77265625 0.93359375 0.0125 0.0296875
1 0.72109375 0.94921875 0.0140625 0.0296875
1 0.790625 0.88203125 0.0125 0.0328125
1 0.690625 0.93515625 0.0125 0.0359375
3 0.575 0.26015625 0.028125 0.0765625
1 0.7421875 0.86796875 0.0125 0.0328125
1 0.79921875 0.87578125 0.0125 0.0296875
3 0.35 0.1765625 0.028125 0.0828125
1 0.62734375 0.8390625 0.009375 0.0390625
1 0.7578125 0.89765625 0.0125 0.03125
1 0.67734375 0.98515625 0.009375 0.0203125
4 0.7640625 0.3859375 0.0078125 0.0140625
1 0.9015625 0.45078125 0.01875 0.0203125
1 0.621875 0.9328125 0.00625 0.03125
1 0.69609375 0.92421875 0.0109375 0.025
1 0.7015625 0.91328125 0.009375 0.025
1 0.70625 0.90078125 0.0078125 0.0296875
1 0.7140625 0.90546875 0.0078125 0.0328125
1 0.72109375 0.903125 0.0109375 0.0296875
1 0.72734375 0.89453125 0.0078125 0.0296875
1 0.73359375 0.884375 0.0078125 0.028125
1 0.74375 0.92890625 0.009375 0.03125
1 0.74609375 0.97265625 0.009375 0.0328125
1 0.7515625 0.95546875 0.0109375 0.034375
1 0.77734375 0.9203125 0.0109375 0.025
1 0.7859375 0.92109375 0.009375 0.025
1 0.79140625 0.9125 0.009375 0.0265625
1 0.75 0.91015625 0.0140625 0.0328125
1 0.76015625 0.85625 0.0125 0.021875
1 0.803125 0.86328125 0.0109375 0.025
1 0.8171875 0.87578125 0.0171875 0.021875
1 0.8203125 0.86015625 0.0140625 0.025
1 0.83125 0.85625 0.0140625 0.0265625
1 0.83515625 0.88046875 0.0125 0.028125
1 0.84609375 0.86640625 0.0140625 0.0359375
1 0.85 0.89453125 0.015625 0.03125
1 0.84453125 0.9078125 0.015625 0.034375
1 0.86484375 0.90703125 0.0140625 0.0328125
1 0.87734375 0.93359375 0.009375 0.04375
1 0.86484375 0.9375 0.0140625 0.0328125
1 0.5984375 0.86796875 0.0125 0.040625
1 0.2328125 0.815625 0.009375 0.0328125
1 0.2671875 0.921875 0.0125 0.03125
1 0.259375 0.9140625 0.0140625 0.0265625
1 0.25 0.90546875 0.0109375 0.03125
1 0.2421875 0.9 0.0109375 0.03125
1 0.23359375 0.9453125 0.0140625 0.028125
1 0.228125 0.9359375 0.0125 0.0296875
1 0.23359375 0.896875 0.0125 0.0296875
1 0.2234375 0.890625 0.0109375 0.0296875
1 0.21796875 0.8703125 0.009375 0.028125
1 0.20859375 0.90625 0.0140625 0.028125
1 0.2 0.9 0.0140625 0.0265625
1 0.1953125 0.890625 0.0125 0.028125
1 0.1890625 0.83984375 0.009375 0.0296875
1 0.178125 0.87109375 0.0125 0.028125
1 0.2015625 0.80078125 0.009375 0.03125
1 0.17734375 0.80625 0.009375 0.034375
1 0.16171875 0.8140625 0.0109375 0.0359375
1 0.1703125 0.8203125 0.0078125 0.0328125
1 0.16640625 0.85546875 0.0109375 0.028125
1 0.1734375 0.86796875 0.00625 0.0328125
1 0.1296875 0.78984375 0.009375 0.0328125
1 0.1375 0.80859375 0.009375 0.034375
1 0.1453125 0.81875 0.0078125 0.0328125
4 0.14453125 0.7203125 0.00625 0.0203125
4 0.15234375 0.71953125 0.00625 0.021875
4 0.2390625 0.05234375 0.009375 0.025