1 0.23125 0.825 0.0140625 0.0328125
1 0.46796875 0.68671875 0.0140625 0.0296875
1 0.7578125 0.93359375 0.0171875 0.0328125
1 0.7875 0.87578125 0.015625 0.0375
1 0.296875 0.9453125 0.015625 0.0375
1 0.21328125 0.8703125 0.0109375 0.03125
1 0.275 0.92734375 0.0125 0.0375
1 0.19765625 0.8375 0.0125 0.0359375
1 0.7546875 0.890625 0.0140625 0.0328125
1 0.6 0.28984375 0.0140625 0.028125
1 0.2515625 0.84453125 0.0140625 0.0359375
1 0.7234375 0.9140625 0.0140625 0.04375
1 0.72734375 0.9640625 0.015625 0.034375
1 0.77578125 0.9015625 0.0140625 0.034375
1 0.82578125 0.83984375 0.015625 0.0296875
1 0.8953125 0.87421875 0.0171875 0.034375
1 0.7421875 0.959375 0.0140625 0.0375
1 0.15390625 0.81640625 0.0125 0.025
1 0.265625 0.96953125 0.0140625 0.034375
1 0.7828125 0.93359375 0.0140625 0.0328125
1 0.25234375 0.921875 0.0109375 0.03125
1 0.81796875 0.896875 0.015625 0.0359375
1 0.78671875 0.83671875 0.0171875 0.028125
1 0.875 0.87265625 0.0171875 0.03125
1 0.26796875 0.853125 0.0109375 0.03125
1 0.22109375 0.82734375 0.0109375 0.03125
1 0.8046875 0.91015625 0.0109375 0.0296875
1 0.8984375 0.9078125 0.0171875 0.0375
1 0.525 0.80703125 0.0140625 0.0296875