1 0.165625 0.75625 0.0140625 0.0328125
1 0.65546875 0.97578125 0.01875 0.034375
1 0.696875 0.9296875 0.015625 0.0328125
1 0.61796875 0.9921875 0.0171875 0.015625
1 0.13046875 0.7609375 0.0140625 0.0375
1 0.63359375 0.9890625 0.0171875 0.021875
1 0.7046875 0.89296875 0.0171875 0.0296875
1 0.18046875 0.7765625 0.015625 0.0328125
1 0.671875 0.99296875 0.01875 0.0140625
1 0.646875 0.925 0.015625 0.034375
1 0.72578125 0.9484375 0.0140625 0.0390625
1 0.78828125 0.91328125 0.01875 0.0375
1 0.6796875 0.9515625 0.015625 0.0328125
1 0.15390625 0.75546875 0.0125 0.034375
1 0.62578125 0.9515625 0.0171875 0.0390625
1 0.1828125 0.86328125 0.0140625 0.0375
1 0.20234375 0.88828125 0.0171875 0.040625
1 0.66015625 0.928125 0.0125 0.0328125
1 0.1609375 0.8953125 0.0171875 0.0375
1 0.67265625 0.9140625 0.0125 0.0328125
1 0.16640625 0.84921875 0.0125 0.0296875
1 0.70546875 0.96796875 0.0171875 0.0375
1 0.09140625 0.73203125 0.015625 0.028125
1 0.1375 0.79375 0.0125 0.028125
1 0.1984375 0.7921875 0.015625 0.0328125
1 0.6453125 0.4875 0.0171875 0.0359375