1 0.6984375 0.97578125 0.00859375 0.0328125
3 0.56640625 0.9734375 0.025 0.05
3 0.54765625 0.89296875 0.02578125 0.0828125
3 0.5953125 0.11640625 0.025 0.0734375
1 0.771875 0.8875 0.01015625 0.0296875
3 0.3890625 0.02265625 0.0296875 0.0453125
1 0.6828125 0.984375 0.0109375 0.0296875
1 0.21953125 0.80625 0.01171875 0.03125
1 0.7234375 0.95390625 0.0125 0.02890625
1 0.2046875 0.78828125 0.00859375 0.0296875
1 0.2421875 0.81875 0.01171875 0.03125
1 0.7515625 0.8796875 0.01171875 0.03125
1 0.76484375 0.93828125 0.01171875 0.0296875
1 0.71328125 0.953125 0.01328125 0.02890625
1 0.78359375 0.88671875 0.01171875 0.03203125
1 0.6828125 0.93828125 0.01171875 0.0359375
3 0.57890625 0.26171875 0.02734375 0.0765625
1 0.7359375 0.871875 0.01171875 0.0328125
1 0.79296875 0.88125 0.0125 0.0296875
3 0.35546875 0.17421875 0.02734375 0.0828125
1 0.62109375 0.84140625 0.00859375 0.0390625
1 0.75078125 0.90234375 0.01171875 0.03125
1 0.66875 0.98828125 0.009375 0.0203125
4 0.765625 0.390625 0.0078125 0.0140625
1 0.90234375 0.4578125 0.01796875 0.01953125
1 0.6140625 0.93515625 0.00625 0.03046875
1 0.68828125 0.92734375 0.01015625 0.025
1 0.69453125 0.91640625 0.00859375 0.025
1 0.69921875 0.9046875 0.0078125 0.0296875
1 0.70703125 0.909375 0.0078125 0.0328125
1 0.7140625 0.90703125 0.01015625 0.02890625
1 0.7203125 0.8984375 0.0078125 0.0296875
1 0.7265625 0.88828125 0.00703125 0.028125
1 0.7359375 0.9328125 0.00859375 0.03125
1 0.7375 0.9765625 0.009375 0.0328125
1 0.74375 0.96015625 0.0109375 0.03359375
1 0.7703125 0.925 0.0109375 0.025
1 0.77890625 0.92578125 0.00859375 0.025
1 0.784375 0.9171875 0.00859375 0.0265625
1 0.74296875 0.91484375 0.0140625 0.0328125
1 0.75390625 0.8609375 0.01171875 0.02109375
1 0.796875 0.86875 0.01015625 0.025
1 0.8109375 0.88125 0.0171875 0.02109375
1 0.8140625 0.865625 0.0140625 0.025
1 0.825 0.86171875 0.01328125 0.0265625
1 0.828125 0.8859375 0.01171875 0.02734375
1 0.83984375 0.87265625 0.01328125 0.03515625
1 0.84296875 0.90078125 0.01484375 0.03046875
1 0.8375 0.9140625 0.01484375 0.03359375
1 0.8578125 0.91328125 0.01328125 0.0328125
1 0.86953125 0.93984375 0.009375 0.04375
1 0.85703125 0.94375 0.0140625 0.0328125
1 0.5921875 0.86953125 0.01171875 0.040625
1 0.22734375 0.8109375 0.00859375 0.0328125
1 0.26015625 0.91796875 0.01171875 0.03046875
1 0.25234375 0.91015625 0.0140625 0.0265625
1 0.24296875 0.90078125 0.01015625 0.03046875
1 0.23515625 0.8953125 0.01015625 0.03125
1 0.22578125 0.940625 0.01328125 0.028125
1 0.2203125 0.93125 0.0125 0.0296875
1 0.2265625 0.8921875 0.0125 0.02890625
1 0.21640625 0.8859375 0.0109375 0.0296875
1 0.21171875 0.865625 0.009375 0.028125
1 0.2015625 0.90078125 0.01328125 0.028125
1 0.19296875 0.89453125 0.01328125 0.0265625
1 0.18828125 0.88515625 0.01171875 0.02734375
1 0.1828125 0.834375 0.009375 0.0296875
1 0.171875 0.865625 0.0125 0.028125
1 0.19609375 0.7953125 0.009375 0.03125
1 0.171875 0.80078125 0.00859375 0.034375
1 0.15625 0.8078125 0.01015625 0.0359375
1 0.16484375 0.81484375 0.00703125 0.0328125
1 0.16015625 0.84921875 0.01015625 0.02734375
1 0.1671875 0.8625 0.00625 0.03203125
1 0.125 0.78359375 0.00859375 0.03203125
1 0.13203125 0.80234375 0.00859375 0.034375
1 0.13984375 0.8125 0.0078125 0.0328125
4 0.140625 0.7140625 0.00625 0.0203125
4 0.1484375 0.71328125 0.00625 0.021875
4 0.246875 0.04765625 0.009375 0.02421875