1 0.2046875 0.8 0.009375 0.03125
1 0.7203125 0.94921875 0.0140625 0.0328125
1 0.7546875 0.8984375 0.01171875 0.03125
1 0.6875 0.98125 0.01328125 0.034375
1 0.1703125 0.81015625 0.009375 0.0359375
1 0.70234375 0.9734375 0.0125 0.034375
1 0.7578125 0.8609375 0.01328125 0.028125
1 0.221875 0.81875 0.01171875 0.03125
1 0.740625 0.97578125 0.01328125 0.0359375
1 0.7046875 0.90078125 0.01171875 0.0328125
1 0.7859375 0.9125 0.009375 0.0375
1 0.84296875 0.86953125 0.01328125 0.0359375
1 0.740625 0.921875 0.0109375 0.03125
1 0.19296875 0.80078125 0.00859375 0.0328125
1 0.6875 0.9296875 0.01171875 0.0375
1 0.23671875 0.90390625 0.00859375 0.0359375
1 0.259375 0.92578125 0.01171875 0.0390625
1 0.71796875 0.9015625 0.00859375 0.03125
1 0.21953125 0.93828125 0.01171875 0.0359375
1 0.72890625 0.8859375 0.00859375 0.03125
1 0.21796875 0.8921875 0.009375 0.028125
1 0.76875 0.93515625 0.01171875 0.0359375
1 0.12734375 0.78671875 0.01171875 0.0265625
1 0.18203125 0.84140625 0.00859375 0.0265625
1 0.2421875 0.83125 0.0109375 0.03125
1 0.6421875 0.4671875 0.0125 0.03515625