1 0.209375 0.80546875 0.0109375 0.03125
1 0.4546875 0.68359375 0.0125 0.028125
1 0.7265625 0.95078125 0.015625 0.03125
1 0.7609375 0.89453125 0.0140625 0.0359375
1 0.26640625 0.9296875 0.0125 0.0359375
1 0.18828125 0.84921875 0.009375 0.03125
1 0.2453125 0.9109375 0.009375 0.0375
1 0.175 0.815625 0.009375 0.0359375
1 0.7265625 0.90703125 0.0125 0.03125
1 0.6140625 0.296875 0.0125 0.0265625
1 0.228125 0.8265625 0.0125 0.034375
1 0.69453125 0.92890625 0.0109375 0.0421875
1 0.69453125 0.97890625 0.0125 0.0328125
1 0.746875 0.9203125 0.0125 0.0328125
1 0.80078125 0.86171875 0.0140625 0.028125
1 0.86796875 0.90078125 0.0140625 0.0328125
1 0.71015625 0.975 0.0109375 0.0359375
1 0.13203125 0.79140625 0.0109375 0.0234375
1 0.23359375 0.95234375 0.0109375 0.0328125
1 0.7515625 0.9515625 0.0125 0.03125
1 0.2234375 0.903125 0.009375 0.03125
1 0.7890625 0.91875 0.0140625 0.034375
1 0.7625 0.85546875 0.015625 0.0265625
1 0.8484375 0.89765625 0.0140625 0.0296875
1 0.24375 0.8359375 0.009375 0.03125
1 0.19921875 0.80703125 0.0078125 0.03125
1 0.77578125 0.93046875 0.009375 0.0296875
1 0.86953125 0.93515625 0.015625 0.0359375
1 0.50390625 0.8078125 0.0109375 0.028125