1 0.175 0.7671875 0.0125 0.0328125
1 0.671875 0.96953125 0.0171875 0.034375
1 0.71171875 0.92265625 0.015625 0.0328125
1 0.63515625 0.98984375 0.0171875 0.0203125
1 0.13984375 0.77421875 0.0125 0.0375
1 0.6515625 0.98671875 0.015625 0.0265625
1 0.71875 0.8859375 0.015625 0.0296875
1 0.18984375 0.78828125 0.015625 0.0328125
1 0.68984375 0.98984375 0.0171875 0.0203125
1 0.66171875 0.9203125 0.015625 0.034375
1 0.74140625 0.93984375 0.0125 0.0375
1 0.80234375 0.903125 0.0171875 0.0375
1 0.6953125 0.94453125 0.0140625 0.0328125
1 0.16328125 0.7671875 0.0125 0.0328125
1 0.64140625 0.946875 0.015625 0.0390625
1 0.19609375 0.87421875 0.0125 0.0359375
1 0.21640625 0.8984375 0.015625 0.040625
1 0.675 0.921875 0.0125 0.03125
1 0.175 0.90625 0.015625 0.0375
1 0.6875 0.9078125 0.0125 0.03125
1 0.17890625 0.8609375 0.0125 0.0296875
1 0.721875 0.9609375 0.015625 0.0375
1 0.09921875 0.74609375 0.0140625 0.028125
1 0.1484375 0.80625 0.0109375 0.0265625
1 0.20859375 0.80234375 0.0140625 0.0328125
1 0.64453125 0.48203125 0.015625 0.0359375