3 0.56171875 0.51015625 0.040625 0.0390625
3 0.25859375 0.515625 0.0453125 0.046875
3 0.5546875 0.9140625 0.025 0.08125
1 0.734375 0.9296875 0.0140625 0.03125
1 0.7203125 0.95390625 0.0140625 0.0359375
1 0.76796875 0.875 0.0140625 0.034375
1 0.85625 0.83203125 0.015625 0.0359375
1 0.76796875 0.83203125 0.0140625 0.0265625
1 0.87421875 0.86953125 0.0171875 0.0328125
1 0.45234375 0.9578125 0.0109375 0.03125
1 0.2390625 0.978125 0.015625 0.0375
1 0.23203125 0.8515625 0.0125 0.03125
1 0.628125 0.95234375 0.0140625 0.03125
1 0.71796875 0.88515625 0.0125 0.03125
1 0.2734375 0.95546875 0.0125 0.0359375
1 0.85546875 0.87421875 0.0171875 0.0296875
1 0.7609375 0.934375 0.0125 0.0328125
1 0.20703125 0.834375 0.0125 0.0328125
1 0.75078125 0.8453125 0.0140625 0.0328125
1 0.703125 0.9671875 0.0140625 0.0359375
1 0.07421875 0.84140625 0.021875 0.028125
1 0.7359375 0.875 0.0140625 0.040625
1 0.175 0.84765625 0.0109375 0.03125
1 0.70390625 0.91640625 0.0125 0.0375
1 0.13046875 0.8359375 0.009375 0.0328125
1 0.8 0.8828125 0.0109375 0.0296875
1 0.18984375 0.87890625 0.0125 0.0265625
1 0.24453125 0.93515625 0.0125 0.0328125
1 0.25703125 0.9390625 0.009375 0.0359375
1 0.0640625 0.81484375 0.015625 0.0265625
1 0.25078125 0.85859375 0.0109375 0.03125
1 0.7828125 0.90859375 0.0125 0.0328125
1 0.22265625 0.91015625 0.0125 0.03125
1 0.82734375 0.83046875 0.015625 0.0359375
1 0.46875 0.67109375 0.015625 0.0234375
1 0.18125 0.90546875 0.0140625 0.03125
1 0.84296875 0.8453125 0.0140625 0.0265625
1 0.7890625 0.85625 0.0140625 0.0328125
1 0.7546875 0.8984375 0.0125 0.0328125
1 0.8078125 0.8390625 0.0125 0.0359375
3 0.06875 0.57578125 0.05625 0.0328125