3 0.5609375 0.5125 0.03984375 0.0375
3 0.2578125 0.50703125 0.04453125 0.0453125
3 0.53984375 0.915625 0.02265625 0.08125
1 0.71953125 0.9375 0.01328125 0.03125
1 0.7046875 0.96171875 0.0125 0.0359375
1 0.7546875 0.884375 0.01328125 0.034375
1 0.84453125 0.84453125 0.01484375 0.0359375
1 0.75625 0.84140625 0.0125 0.0265625
1 0.8609375 0.88203125 0.015625 0.0328125
1 0.43671875 0.95625 0.009375 0.03125
1 0.22265625 0.96875 0.01484375 0.0375
1 0.21953125 0.8421875 0.01171875 0.03125
1 0.6125 0.95625 0.0125 0.03125
1 0.7046875 0.8921875 0.0109375 0.03125
1 0.2578125 0.94765625 0.01171875 0.0359375
1 0.8421875 0.88671875 0.015625 0.0296875
1 0.7453125 0.94296875 0.01171875 0.0328125
1 0.1953125 0.82421875 0.01171875 0.0328125
1 0.73828125 0.85390625 0.0125 0.0328125
1 0.68671875 0.97421875 0.0125 0.0359375
1 0.0625 0.8265625 0.02109375 0.028125
1 0.72265625 0.8828125 0.0125 0.040625
1 0.16328125 0.8359375 0.009375 0.03125
1 0.6890625 0.9234375 0.01171875 0.0375
1 0.11875 0.82265625 0.00859375 0.0328125
1 0.78671875 0.89296875 0.009375 0.0296875
1 0.1765625 0.86796875 0.0109375 0.0265625
1 0.2296875 0.92578125 0.0109375 0.0328125
1 0.2421875 0.93046875 0.00859375 0.0359375
1 0.053125 0.79921875 0.01484375 0.0265625
1 0.23828125 0.85 0.009375 0.03125
1 0.76875 0.91796875 0.0109375 0.0328125
1 0.20859375 0.9 0.01171875 0.03125
1 0.815625 0.84140625 0.0140625 0.0359375
1 0.4625 0.66953125 0.0140625 0.0234375
1 0.1671875 0.89375 0.01328125 0.03125
1 0.83046875 0.85703125 0.01328125 0.0265625
1 0.7765625 0.86640625 0.0125 0.0328125
1 0.740625 0.90703125 0.01171875 0.0328125
1 0.79609375 0.84921875 0.01171875 0.0359375
3 0.06640625 0.5609375 0.0546875 0.03046875