1 0.75546875 0.82265625 0.0125 0.0296875
3 0.71484375 0.54296875 0.046875 0.0421875
1 0.70390625 0.9421875 0.0109375 0.034375
1 0.60625 0.85625 0.009375 0.03125
1 0.20546875 0.79140625 0.0109375 0.0328125
1 0.228125 0.80546875 0.00859375 0.0359375
1 0.76484375 0.7984375 0.009375 0.025
3 0.58203125 0.01171875 0.015625 0.0234375
1 0.71484375 0.91640625 0.01171875 0.0296875
1 0.23203125 0.88671875 0.00859375 0.0296875
3 0.56328125 0.2359375 0.0328125 0.078125
4 0.71640625 0.03359375 0.01015625 0.025
4 0.74140625 0.0859375 0.01015625 0.0234375
4 0.75390625 0.08046875 0.00859375 0.0203125
1 0.5875 0.80625 0.01328125 0.03203125
1 0.6078125 0.98515625 0.009375 0.0296875
1 0.12890625 0.784375 0.00859375 0.0296875
1 0.175 0.7984375 0.01015625 0.0296875
1 0.1875 0.83046875 0.0109375 0.0265625
1 0.21640625 0.8625 0.009375 0.0265625
1 0.2234375 0.88125 0.009375 0.03046875
1 0.23984375 0.88984375 0.0078125 0.03359375
1 0.2484375 0.89296875 0.01015625 0.03359375
1 0.25703125 0.90234375 0.0109375 0.0296875
1 0.26640625 0.9078125 0.0125 0.03046875
1 0.228125 0.92421875 0.0125 0.028125
1 0.23359375 0.93359375 0.0125 0.0296875
1 0.2078125 0.8984375 0.01015625 0.0265625
1 0.675 0.9640625 0.01015625 0.034375
1 0.68671875 0.9515625 0.0109375 0.034375
1 0.6859375 0.90546875 0.0125 0.0375
1 0.69140625 0.8953125 0.0109375 0.02890625
1 0.6984375 0.884375 0.0109375 0.02890625
1 0.70234375 0.87109375 0.009375 0.0296875
1 0.709375 0.87578125 0.00859375 0.03203125
1 0.7171875 0.871875 0.009375 0.028125
1 0.72265625 0.86328125 0.0109375 0.0296875
1 0.72734375 0.853125 0.01484375 0.03203125
1 0.7375 0.83828125 0.01484375 0.0359375
1 0.72734375 0.91875 0.01171875 0.03359375
1 0.74140625 0.93984375 0.0125 0.0375
1 0.74609375 0.9234375 0.0125 0.03359375
1 0.73828125 0.89375 0.0109375 0.03046875
1 0.74375 0.87734375 0.0140625 0.03359375
1 0.753125 0.8640625 0.0125 0.03125
1 0.75390625 0.840625 0.0125 0.0296875
1 0.77421875 0.84921875 0.01328125 0.03125
1 0.78515625 0.84765625 0.01171875 0.034375
1 0.79609375 0.84296875 0.01328125 0.03359375
1 0.7984375 0.82890625 0.0125 0.0296875
1 0.78671875 0.8765625 0.009375 0.028125
1 0.78203125 0.88671875 0.0109375 0.028125
1 0.7734375 0.88671875 0.01171875 0.02734375
1 0.7671875 0.90078125 0.01328125 0.0328125
1 0.81171875 0.840625 0.01640625 0.021875
1 0.81484375 0.82421875 0.015625 0.0265625
1 0.8265625 0.81953125 0.0140625 0.028125
1 0.840625 0.828125 0.0140625 0.03125
1 0.83046875 0.84296875 0.0140625 0.0265625
1 0.859375 0.86796875 0.01484375 0.03046875
1 0.87265625 0.89140625 0.01171875 0.0375
1 0.85859375 0.9 0.015625 0.0328125
1 0.83984375 0.86875 0.0125 0.02734375
1 0.8453125 0.85859375 0.01328125 0.03125
1 0.246875 0.8109375 0.01484375 0.03671875
4 0.75625 0.053125 0.0078125 0.02109375
4 0.75 0.04609375 0.009375 0.01875