1 0.7828125 0.79921875 0.015625 0.03125
3 0.71796875 0.52421875 0.05 0.046875
1 0.74140625 0.92265625 0.0140625 0.0359375
1 0.63671875 0.8453125 0.0125 0.03125
1 0.23203125 0.815625 0.0140625 0.034375
1 0.25546875 0.828125 0.0109375 0.0359375
1 0.78984375 0.77421875 0.0109375 0.025
3 0.53828125 0.009375 0.0171875 0.01875
1 0.75 0.89609375 0.0140625 0.03125
1 0.26640625 0.90859375 0.0109375 0.0296875
3 0.53984375 0.23125 0.0390625 0.08125
4 0.675 0.01640625 0.0125 0.0265625
4 0.7046875 0.06640625 0.0125 0.025
4 0.71640625 0.06015625 0.0109375 0.0203125
1 0.6140625 0.79765625 0.015625 0.0328125
1 0.65 0.97421875 0.0125 0.0296875
1 0.15546875 0.815625 0.0109375 0.0296875
1 0.20234375 0.82578125 0.0125 0.0296875
1 0.2171875 0.85625 0.0125 0.028125
1 0.24921875 0.8859375 0.0109375 0.0265625
1 0.2578125 0.90390625 0.0125 0.03125
1 0.275 0.9109375 0.0109375 0.034375
1 0.28359375 0.91328125 0.0125 0.034375
1 0.29296875 0.921875 0.0140625 0.03125
1 0.303125 0.9265625 0.015625 0.03125
1 0.26640625 0.94609375 0.015625 0.0296875
1 0.27265625 0.95546875 0.015625 0.03125
1 0.24375 0.92265625 0.0125 0.028125
1 0.71484375 0.946875 0.0125 0.034375
1 0.725 0.93359375 0.0140625 0.0359375
1 0.7203125 0.8875 0.015625 0.0390625
1 0.725 0.87734375 0.0140625 0.0296875
1 0.73125 0.865625 0.0140625 0.0296875
1 0.73359375 0.85234375 0.0125 0.0296875
1 0.74140625 0.85625 0.0109375 0.0328125
1 0.7484375 0.8515625 0.0125 0.028125
1 0.753125 0.8421875 0.0140625 0.03125
1 0.75703125 0.83203125 0.0171875 0.0328125
1 0.76640625 0.81640625 0.0171875 0.0375
1 0.76328125 0.89765625 0.0140625 0.034375
1 0.77890625 0.9171875 0.015625 0.0390625
1 0.78203125 0.9 0.015625 0.034375
1 0.771875 0.87109375 0.0140625 0.03125
1 0.77578125 0.8546875 0.0171875 0.034375
1 0.78359375 0.840625 0.015625 0.0328125
1 0.7828125 0.8171875 0.015625 0.03125
1 0.80390625 0.82421875 0.015625 0.0328125
1 0.8140625 0.82109375 0.0140625 0.0359375
1 0.825 0.815625 0.015625 0.034375
1 0.82578125 0.8015625 0.015625 0.03125
1 0.81875 0.85 0.0125 0.028125
1 0.81484375 0.8609375 0.0140625 0.0296875
1 0.80625 0.86171875 0.0140625 0.028125
1 0.80078125 0.87578125 0.015625 0.034375
1 0.83984375 0.8125 0.01875 0.0234375
1 0.8421875 0.7953125 0.0171875 0.028125
1 0.853125 0.78984375 0.0171875 0.0296875
1 0.86796875 0.796875 0.0171875 0.0328125
1 0.859375 0.8125 0.015625 0.028125
1 0.88984375 0.83515625 0.0171875 0.03125
1 0.90546875 0.8578125 0.015625 0.0390625
1 0.8921875 0.8671875 0.01875 0.034375
1 0.8703125 0.8375 0.0140625 0.028125
1 0.875 0.82734375 0.015625 0.0328125
1 0.275 0.83203125 0.01875 0.0375
4 0.71640625 0.0328125 0.009375 0.021875
4 0.709375 0.02578125 0.0109375 0.01875