3 0.5578125 0.52265625 0.0453125 0.04375
3 0.26015625 0.46484375 0.0515625 0.053125
3 0.4671875 0.91640625 0.0359375 0.084375
1 0.63984375 0.96875 0.01875 0.0328125
1 0.6203125 0.9859375 0.01875 0.028125
1 0.684375 0.92265625 0.01875 0.0359375
1 0.7796875 0.89921875 0.0203125 0.0375
1 0.69296875 0.88046875 0.0171875 0.028125
1 0.7890625 0.9390625 0.0203125 0.034375
1 0.35859375 0.93828125 0.0140625 0.0328125
1 0.1453125 0.91328125 0.021875 0.0390625
1 0.1640625 0.78828125 0.0171875 0.0328125
1 0.53125 0.96875 0.0171875 0.0328125
1 0.63359375 0.921875 0.015625 0.0328125
1 0.18359375 0.8984375 0.0171875 0.0375
1 0.76953125 0.940625 0.0203125 0.03125
1 0.66484375 0.97890625 0.0171875 0.034375
1 0.14375 0.76640625 0.0171875 0.034375
1 0.6734375 0.88984375 0.01875 0.034375
1 0.6015625 0.98984375 0.01875 0.0203125
1 0.0125 0.7453125 0.025 0.03125
1 0.653125 0.915625 0.01875 0.0421875
1 0.11015625 0.77265625 0.0140625 0.0328125
1 0.6125 0.95 0.01875 0.0390625
1 0.06875 0.7515625 0.0140625 0.034375
1 0.7140625 0.93671875 0.0140625 0.03125
1 0.11796875 0.80625 0.015625 0.028125
1 0.16015625 0.87265625 0.0171875 0.034375
1 0.17109375 0.87890625 0.0140625 0.0375
1 0.00859375 0.7171875 0.0171875 0.028125
1 0.18125 0.79921875 0.0140625 0.0328125
1 0.6921875 0.95859375 0.0171875 0.034375
1 0.14375 0.84296875 0.0171875 0.0328125
1 0.7515625 0.89140625 0.0203125 0.0375
1 0.43359375 0.66015625 0.0171875 0.025
1 0.10390625 0.8296875 0.01875 0.0328125
1 0.76328125 0.909375 0.0171875 0.028125
1 0.70859375 0.90859375 0.01875 0.034375
1 0.66640625 0.94296875 0.0171875 0.034375
1 0.73125 0.8953125 0.0171875 0.0375
3 0.0625 0.484375 0.059375 0.0390625