3 0.54921875 0.90703125 0.0328125 0.0828125
3 0.303125 0.25703125 0.0359375 0.071875
3 0.3171875 0.12421875 0.040625 0.078125
1 0.075 0.71796875 0.021875 0.025
1 0.66484375 0.684375 0.009375 0.03125
1 0.640625 0.69921875 0.009375 0.03125
1 0.60078125 0.5125 0.0109375 0.0296875
1 0.46640625 0.96875 0.0125 0.03125
1 0.6390625 0.753125 0.009375 0.028125
1 0.31484375 0.46328125 0.0140625 0.034375
1 0.47734375 0.67421875 0.0140625 0.0359375
1 0.659375 0.88984375 0.0125 0.0390625
1 0.440625 0.62421875 0.0171875 0.03125
1 0.60859375 0.19765625 0.0109375 0.0328125
1 0.30078125 0.42890625 0.0140625 0.034375
1 0.3015625 0.95546875 0.015625 0.0375
1 0.2921875 0.94921875 0.0140625 0.0265625
1 0.28125 0.940625 0.0125 0.0296875
1 0.2734375 0.93671875 0.0125 0.0328125
1 0.265625 0.9359375 0.015625 0.03125
1 0.25546875 0.928125 0.0140625 0.03125
1 0.246875 0.9109375 0.0109375 0.0296875
1 0.27421875 0.85859375 0.0171875 0.0328125
1 0.25703125 0.85234375 0.0109375 0.0328125
1 0.24765625 0.853125 0.0140625 0.034375
1 0.15234375 0.84453125 0.0109375 0.03125
1 0.215625 0.88515625 0.009375 0.025
1 0.21171875 0.8421875 0.009375 0.0296875
1 0.2234375 0.840625 0.015625 0.0375
1 0.23359375 0.8390625 0.0125 0.0359375
1 0.20078125 0.85078125 0.0125 0.0359375
1 0.1859375 0.86171875 0.0109375 0.034375
1 0.19453125 0.8671875 0.0125 0.0359375
1 0.26953125 0.9828125 0.0171875 0.03125
1 0.265625 0.975 0.0171875 0.0296875
1 0.240625 0.81953125 0.0125 0.0234375
1 0.25390625 0.8203125 0.015625 0.025
1 0.2625 0.80859375 0.015625 0.025
1 0.1953125 0.90234375 0.0140625 0.0296875
1 0.209375 0.90390625 0.0125 0.034375
1 0.24140625 0.9484375 0.0171875 0.0296875
1 0.24921875 0.9546875 0.0140625 0.03125
1 0.72734375 0.95625 0.0125 0.0328125
1 0.74296875 0.94296875 0.0171875 0.0375
1 0.715625 0.96796875 0.0140625 0.03125
1 0.69375 0.93671875 0.009375 0.028125
1 0.70078125 0.93671875 0.009375 0.034375
1 0.70703125 0.93515625 0.0109375 0.0375
1 0.72265625 0.909375 0.0125 0.0359375
1 0.72578125 0.896875 0.0140625 0.0296875
1 0.73125 0.88359375 0.0125 0.0296875
1 0.7359375 0.8734375 0.0125 0.0328125
1 0.74296875 0.87421875 0.0109375 0.0359375
1 0.75 0.87109375 0.0125 0.03125
1 0.75546875 0.8625 0.0140625 0.034375
1 0.75390625 0.91875 0.015625 0.028125
1 0.76484375 0.9171875 0.0140625 0.03125
1 0.78046875 0.93671875 0.0125 0.0328125
1 0.78515625 0.91953125 0.0171875 0.0359375
1 0.7734375 0.89140625 0.0125 0.028125
1 0.778125 0.875 0.015625 0.0328125
1 0.7859375 0.86171875 0.0140625 0.0296875
1 0.7609375 0.85078125 0.015625 0.0296875
1 0.7671875 0.83359375 0.0140625 0.03125
1 0.784375 0.83828125 0.0125 0.028125
1 0.784375 0.82109375 0.015625 0.0265625
1 0.80546875 0.84375 0.0140625 0.0296875
1 0.803125 0.89609375 0.015625 0.0296875
1 0.80703125 0.88203125 0.0125 0.025
1 0.815625 0.878125 0.0109375 0.025
1 0.8203125 0.8703125 0.0125 0.028125
1 0.81640625 0.84140625 0.015625 0.0328125
1 0.825 0.834375 0.015625 0.0296875
1 0.82734375 0.8203125 0.0140625 0.028125
1 0.84375 0.83125 0.0171875 0.025
1 0.84375 0.81640625 0.015625 0.028125
1 0.8921875 0.8546875 0.015625 0.0296875
1 0.90703125 0.8765625 0.0140625 0.0328125
1 0.89375 0.884375 0.0171875 0.03125
1 0.87265625 0.8578125 0.0171875 0.0296875
1 0.86015625 0.8328125 0.0140625 0.0234375
1 0.85390625 0.809375 0.015625 0.0265625
1 0.8703125 0.81796875 0.0171875 0.0359375