3 0.4921875 0.909375 0.03125 0.0828125
3 0.3390625 0.23203125 0.034375 0.0703125
3 0.37109375 0.10234375 0.0375 0.0765625
1 0.04921875 0.65703125 0.021875 0.025
1 0.6375 0.70625 0.009375 0.03125
1 0.61171875 0.7171875 0.009375 0.03125
1 0.59765625 0.5265625 0.009375 0.0296875
1 0.4015625 0.959375 0.0109375 0.03125
1 0.60234375 0.76953125 0.0078125 0.028125
1 0.321875 0.43828125 0.0125 0.0328125
1 0.45390625 0.66953125 0.0140625 0.034375
1 0.60390625 0.90859375 0.0109375 0.0390625
1 0.4234375 0.61484375 0.015625 0.0296875
1 0.64921875 0.21640625 0.009375 0.0328125
1 0.3125 0.4015625 0.0125 0.0328125
1 0.23984375 0.9234375 0.0140625 0.0359375
1 0.23203125 0.91640625 0.0125 0.025
1 0.221875 0.90546875 0.0109375 0.0296875
1 0.21484375 0.9015625 0.0125 0.0328125
1 0.20703125 0.89921875 0.0140625 0.03125
1 0.19765625 0.88984375 0.0125 0.0296875
1 0.1921875 0.871875 0.009375 0.0296875
1 0.2265625 0.8234375 0.015625 0.0328125
1 0.21015625 0.81484375 0.0109375 0.0328125
1 0.20078125 0.81484375 0.0125 0.034375
1 0.1078125 0.79296875 0.009375 0.03125
1 0.16484375 0.84140625 0.009375 0.025
1 0.16640625 0.7984375 0.0078125 0.0296875
1 0.178125 0.7984375 0.0140625 0.0359375
1 0.18828125 0.79921875 0.0109375 0.0359375
1 0.1546875 0.80546875 0.0109375 0.0359375
1 0.13828125 0.8140625 0.009375 0.034375
1 0.146875 0.82109375 0.0109375 0.0359375
1 0.2046875 0.94609375 0.015625 0.03125
1 0.2015625 0.93828125 0.015625 0.028125
1 0.19921875 0.78046875 0.0125 0.0234375
1 0.21171875 0.7828125 0.015625 0.025
1 0.221875 0.77265625 0.015625 0.025
1 0.14296875 0.85625 0.0125 0.028125
1 0.15546875 0.86015625 0.0125 0.034375
1 0.18125 0.9078125 0.015625 0.0296875
1 0.18828125 0.915625 0.0140625 0.03125
1 0.66171875 0.98359375 0.0125 0.0328125
1 0.67890625 0.97265625 0.015625 0.0359375
1 0.6484375 0.9890625 0.0125 0.021875
1 0.63046875 0.959375 0.0078125 0.028125
1 0.6375 0.96015625 0.009375 0.034375
1 0.64375 0.959375 0.009375 0.0375
1 0.66328125 0.93671875 0.0125 0.0359375
1 0.66875 0.92421875 0.0125 0.028125
1 0.67578125 0.91171875 0.0109375 0.0296875
1 0.68125 0.90234375 0.0109375 0.0328125
1 0.68828125 0.90390625 0.0109375 0.0359375
1 0.6953125 0.90234375 0.0125 0.03125
1 0.70234375 0.89453125 0.0140625 0.034375
1 0.69296875 0.95 0.015625 0.0265625
1 0.70390625 0.94921875 0.0140625 0.03125
1 0.7171875 0.97109375 0.0109375 0.0328125
1 0.72421875 0.95546875 0.015625 0.034375
1 0.71640625 0.92578125 0.0109375 0.028125
1 0.7234375 0.91015625 0.0140625 0.0328125
1 0.7328125 0.89765625 0.0125 0.0296875
1 0.71015625 0.88359375 0.0140625 0.0296875
1 0.71796875 0.8671875 0.0140625 0.03125
1 0.734375 0.87421875 0.0125 0.028125
1 0.73671875 0.8578125 0.0140625 0.0265625
1 0.7546875 0.8828125 0.0125 0.0296875
1 0.74453125 0.934375 0.0140625 0.028125
1 0.75078125 0.92109375 0.0109375 0.025
1 0.759375 0.91796875 0.009375 0.025
1 0.765625 0.91171875 0.0109375 0.0265625
1 0.765625 0.88203125 0.0140625 0.0328125
1 0.775 0.8765625 0.0140625 0.0296875
1 0.7796875 0.8625 0.0125 0.0265625
1 0.79375 0.87578125 0.0171875 0.025
1 0.79609375 0.8609375 0.015625 0.0265625
1 0.8390625 0.90546875 0.0140625 0.0296875
1 0.85078125 0.9296875 0.0125 0.03125
1 0.8359375 0.93515625 0.015625 0.03125
1 0.81875 0.90625 0.015625 0.028125
1 0.81015625 0.8796875 0.0140625 0.021875
1 0.8078125 0.85546875 0.0140625 0.0265625
1 0.82265625 0.86640625 0.015625 0.0359375