1 0.6953125 0.8625 0.0171875 0.03125
3 0.70390625 0.5796875 0.053125 0.05
1 0.62421875 0.97109375 0.0171875 0.0359375
1 0.54296875 0.86953125 0.0140625 0.0328125
1 0.159375 0.7359375 0.0171875 0.034375
1 0.17890625 0.75390625 0.0140625 0.0375
1 0.709375 0.83984375 0.0140625 0.0265625
3 0.665625 0.03359375 0.01875 0.0265625
1 0.6390625 0.94765625 0.0171875 0.03125
1 0.16875 0.834375 0.0140625 0.03125
3 0.6078125 0.25078125 0.0453125 0.0828125
4 0.79375 0.078125 0.0140625 0.0265625
4 0.809375 0.134375 0.0140625 0.025
4 0.82265625 0.13125 0.0125 0.021875
1 0.5328125 0.81640625 0.01875 0.034375
1 0.52109375 0.990625 0.0140625 0.01875
1 0.08515625 0.715625 0.0140625 0.03125
1 0.128125 0.7375 0.015625 0.03125
1 0.13515625 0.77109375 0.015625 0.028125
1 0.1578125 0.8078125 0.0140625 0.028125
1 0.16171875 0.82734375 0.0140625 0.03125
1 0.17578125 0.8390625 0.0140625 0.034375
1 0.184375 0.84296875 0.015625 0.034375
1 0.190625 0.85390625 0.015625 0.03125
1 0.19921875 0.8609375 0.0171875 0.0328125
1 0.15859375 0.8703125 0.0171875 0.0296875
1 0.1625 0.88046875 0.0171875 0.03125
1 0.14296875 0.84140625 0.0140625 0.028125
1 0.590625 0.984375 0.015625 0.03125
1 0.60546875 0.97734375 0.0171875 0.0359375
1 0.6125 0.93125 0.01875 0.0390625
1 0.61953125 0.92265625 0.015625 0.0296875
1 0.62890625 0.91328125 0.015625 0.0296875
1 0.63515625 0.90078125 0.0140625 0.03125
1 0.640625 0.90625 0.0140625 0.0328125
1 0.64921875 0.90390625 0.0140625 0.0296875
1 0.65625 0.89609375 0.015625 0.03125
1 0.6625 0.8875 0.0203125 0.034375
1 0.675 0.87421875 0.0203125 0.0375
1 0.6515625 0.9515625 0.0171875 0.034375
1 0.66171875 0.975 0.01875 0.0390625
1 0.66875 0.959375 0.01875 0.0359375
1 0.66640625 0.92890625 0.015625 0.03125
1 0.67421875 0.9140625 0.0203125 0.0359375
1 0.6859375 0.90234375 0.0171875 0.0328125
1 0.690625 0.8796875 0.0171875 0.03125
1 0.709375 0.89140625 0.01875 0.0328125
1 0.7203125 0.8921875 0.0171875 0.0359375
1 0.73203125 0.8890625 0.01875 0.0359375
1 0.73671875 0.87578125 0.0171875 0.03125
1 0.7171875 0.9203125 0.0140625 0.0296875
1 0.7109375 0.9296875 0.015625 0.0296875
1 0.70234375 0.928125 0.015625 0.0296875
1 0.69375 0.94140625 0.01875 0.034375
1 0.74765625 0.88984375 0.0203125 0.025
1 0.75390625 0.87421875 0.0203125 0.028125
1 0.76640625 0.87109375 0.01875 0.0296875
1 0.778125 0.88203125 0.01875 0.0328125
1 0.765625 0.8953125 0.01875 0.028125
1 0.78984375 0.925 0.0203125 0.0328125
1 0.79921875 0.95 0.01875 0.0390625
1 0.78359375 0.95625 0.0203125 0.034375
1 0.7703125 0.921875 0.0171875 0.0296875
1 0.778125 0.91328125 0.01875 0.0328125
1 0.196875 0.7625 0.0203125 0.0390625
4 0.8296875 0.1046875 0.0109375 0.021875
4 0.825 0.09609375 0.0125 0.0203125