3 0.44921875 0.90625 0.0390625 0.084375
3 0.36796875 0.21640625 0.040625 0.0734375
3 0.4140625 0.090625 0.0453125 0.0796875
1 0.03515625 0.609375 0.0234375 0.0265625
1 0.615625 0.71953125 0.0125 0.03125
1 0.58828125 0.72734375 0.0125 0.03125
1 0.59453125 0.53671875 0.0125 0.03125
1 0.35390625 0.946875 0.0140625 0.0328125
1 0.5734375 0.77890625 0.0109375 0.028125
1 0.32890625 0.4203125 0.015625 0.034375
1 0.4359375 0.6640625 0.0171875 0.0359375
1 0.56015625 0.9171875 0.0140625 0.0390625
1 0.41171875 0.60625 0.01875 0.03125
1 0.678125 0.2328125 0.0125 0.0328125
1 0.32421875 0.3828125 0.015625 0.034375
1 0.196875 0.89453125 0.0171875 0.0375
1 0.18984375 0.8859375 0.015625 0.0265625
1 0.18125 0.87421875 0.0140625 0.03125
1 0.17421875 0.86953125 0.015625 0.0328125
1 0.16640625 0.86640625 0.0171875 0.0328125
1 0.15859375 0.85625 0.015625 0.03125
1 0.1546875 0.8375 0.0125 0.03125
1 0.19375 0.79296875 0.01875 0.034375
1 0.17890625 0.7828125 0.0140625 0.0328125
1 0.16953125 0.78125 0.015625 0.034375
1 0.07890625 0.75078125 0.0125 0.0328125
1 0.13046875 0.8046875 0.0109375 0.0265625
1 0.1375 0.7625 0.0109375 0.0296875
1 0.14921875 0.76328125 0.0171875 0.0375
1 0.159375 0.76484375 0.015625 0.0375
1 0.12421875 0.76796875 0.0140625 0.0359375
1 0.1078125 0.775 0.0125 0.0359375
1 0.11484375 0.78203125 0.015625 0.0375
1 0.159375 0.9125 0.01875 0.0328125
1 0.1578125 0.9046875 0.01875 0.0296875
1 0.17109375 0.74765625 0.0140625 0.0234375
1 0.18359375 0.7515625 0.0171875 0.0265625
1 0.1953125 0.7421875 0.0171875 0.0265625
1 0.10703125 0.81640625 0.015625 0.0296875
1 0.1203125 0.821875 0.015625 0.0359375
1 0.140625 0.87265625 0.01875 0.03125
1 0.14609375 0.88046875 0.015625 0.03125
1 0.609375 0.98984375 0.015625 0.0203125
1 0.628125 0.984375 0.01875 0.03125
1 0.5953125 0.9953125 0.015625 0.009375
1 0.58203125 0.9703125 0.0109375 0.028125
1 0.5890625 0.971875 0.0125 0.034375
1 0.5953125 0.97265625 0.0125 0.0375
1 0.6171875 0.95078125 0.015625 0.0359375
1 0.6234375 0.93984375 0.015625 0.0296875
1 0.63125 0.928125 0.0140625 0.03125
1 0.63828125 0.91875 0.0140625 0.034375
1 0.6453125 0.921875 0.0140625 0.0359375
1 0.65234375 0.9203125 0.015625 0.0328125
1 0.66015625 0.9140625 0.0171875 0.034375
1 0.6453125 0.9671875 0.01875 0.028125
1 0.65625 0.96875 0.015625 0.03125
1 0.66640625 0.98671875 0.0140625 0.0265625
1 0.675 0.9765625 0.01875 0.0359375
1 0.6703125 0.94609375 0.0140625 0.0296875
1 0.6796875 0.93125 0.0171875 0.0328125
1 0.68984375 0.9203125 0.015625 0.0296875
1 0.66875 0.903125 0.0171875 0.03125
1 0.678125 0.88828125 0.015625 0.03125
1 0.69453125 0.896875 0.015625 0.028125
1 0.6984375 0.88046875 0.0171875 0.028125
1 0.71328125 0.90703125 0.015625 0.0296875
1 0.69765625 0.9578125 0.0171875 0.0296875
1 0.70546875 0.94453125 0.0140625 0.025
1 0.71484375 0.94296875 0.0125 0.0265625
1 0.72109375 0.93671875 0.0140625 0.028125
1 0.72421875 0.9078125 0.0171875 0.0328125
1 0.734375 0.903125 0.0171875 0.03125
1 0.740625 0.88984375 0.015625 0.028125
1 0.753125 0.9046875 0.01875 0.025
1 0.75703125 0.890625 0.01875 0.028125
1 0.7953125 0.9390625 0.0171875 0.03125
1 0.80390625 0.9640625 0.015625 0.0328125
1 0.7890625 0.96796875 0.01875 0.0328125
1 0.775 0.9375 0.01875 0.0296875
1 0.76875 0.91015625 0.015625 0.0234375
1 0.76875 0.8859375 0.0171875 0.028125
1 0.7828125 0.8984375 0.01875 0.0375