3 0.1625 0.57890625 0.04375 0.0390625
3 0.37265625 0.43203125 0.03671875 0.0421875
3 0.70703125 0.41875 0.04375 0.05625
3 0.375 0.15078125 0.01953125 0.0671875
3 0.6046875 0.88515625 0.01640625 0.0859375
1 0.74296875 0.8546875 0.01171875 0.03125
1 0.7109375 0.96171875 0.0109375 0.0359375
3 0.5640625 0.8875 0.01640625 0.075
3 0.021875 0.57265625 0.0421875 0.0296875
1 0.62890625 0.88125 0.0078125 0.03125
1 0.68203125 0.98515625 0.01171875 0.0265625
1 0.69453125 0.97421875 0.01171875 0.0359375
1 0.69375 0.92265625 0.0125 0.0359375
1 0.2046875 0.8359375 0.009375 0.03125
1 0.73125 0.9375 0.0125 0.03125
1 0.221875 0.85078125 0.0125 0.0328125
1 0.8671875 0.87578125 0.015625 0.0328125
1 0.1828125 0.88203125 0.0109375 0.0328125
1 0.475 0.76328125 0.015625 0.0234375
1 0.21953125 0.92421875 0.009375 0.0390625
1 0.26640625 0.9 0.00859375 0.028125
1 0.24453125 0.93828125 0.00859375 0.0359375
1 0.74609375 0.91171875 0.009375 0.0328125
1 0.16953125 0.84765625 0.009375 0.0328125
1 0.84453125 0.8421875 0.01171875 0.03125
1 0.84453125 0.875 0.015625 0.03125
1 0.225 0.971875 0.0125 0.03125
1 0.2453125 0.88046875 0.009375 0.0359375
1 0.26171875 0.9515625 0.0109375 0.034375
1 0.7546875 0.94765625 0.0125 0.0359375
1 0.2296875 0.93515625 0.01171875 0.0359375
1 0.759375 0.88203125 0.01328125 0.0328125
1 0.70546875 0.8953125 0.0109375 0.03125
1 0.72890625 0.8796875 0.00859375 0.0375
1 0.78046875 0.8625 0.01171875 0.03125
1 0.77890625 0.9 0.0109375 0.028125
1 0.640625 0.76875 0.01171875 0.03125
1 0.3875 0.67890625 0.01640625 0.0234375
1 0.8671875 0.9125 0.0125 0.03125
1 0.81953125 0.84296875 0.01328125 0.0359375
1 0.76015625 0.84453125 0.01171875 0.0359375
1 0.71796875 0.8890625 0.009375 0.03125
1 0.7953125 0.85625 0.01171875 0.03125
3 0.29765625 0.5921875 0.03984375 0.03984375