1 0.68515625 0.946875 0.0140625 0.0359375
1 0.6703125 0.9578125 0.0125 0.03125
3 0.57890625 0.53984375 0.040625 0.0359375
1 0.846875 0.87265625 0.01875 0.034375
1 0.7109375 0.92421875 0.0125 0.03125
1 0.71015625 0.87109375 0.0109375 0.034375
3 0.38203125 0.0328125 0.0359375 0.065625
1 0.203125 0.8171875 0.0109375 0.0328125
1 0.82890625 0.834375 0.015625 0.0328125
1 0.72421875 0.84296875 0.0125 0.0328125
1 0.1890625 0.80625 0.0109375 0.03125
1 0.74453125 0.83125 0.0125 0.0265625
1 0.659375 0.97265625 0.0109375 0.034375
1 0.73203125 0.9296875 0.0140625 0.03125
1 0.7 0.92265625 0.009375 0.0265625
1 0.7625 0.85078125 0.0125 0.0296875
1 0.72578125 0.89765625 0.009375 0.0265625
3 0.55234375 0.903125 0.0234375 0.0828125
1 0.21171875 0.82109375 0.009375 0.03125
1 0.69765625 0.87890625 0.0109375 0.0328125
1 0.76015625 0.88984375 0.0125 0.0265625
1 0.828125 0.8734375 0.015625 0.0296875
3 0.36171875 0.14453125 0.0296875 0.084375
1 0.16796875 0.8453125 0.0109375 0.03125
1 0.753125 0.90625 0.0140625 0.0296875
1 0.784375 0.85078125 0.0125 0.0265625
1 0.81328125 0.82265625 0.0125 0.0265625
1 0.8453125 0.9046875 0.0140625 0.03125
1 0.775 0.82734375 0.0109375 0.03125
1 0.80390625 0.83046875 0.0171875 0.028125
1 0.740625 0.86875 0.0140625 0.0328125
1 0.621875 0.29765625 0.0125 0.0203125
1 0.6734375 0.9109375 0.0109375 0.034375
1 0.7640625 0.825 0.009375 0.025
1 0.3640625 0.7984375 0.015625 0.0296875
1 0.24375 0.92421875 0.0125 0.0359375
1 0.2203125 0.90859375 0.0109375 0.0328125
1 0.684375 0.8890625 0.009375 0.0296875
1 0.1515625 0.81953125 0.0125 0.03125
1 0.19609375 0.878125 0.0109375 0.03125
1 0.2109375 0.90234375 0.0109375 0.03125
1 0.859375 0.9 0.0109375 0.0328125
4 0.78203125 0.35859375 0.0109375 0.0171875
4 0.7984375 0.3359375 0.0109375 0.0203125
1 0.60703125 0.859375 0.0109375 0.03125
1 0.68984375 0.878125 0.009375 0.028125
1 0.7421875 0.8484375 0.0109375 0.025
1 0.73203125 0.884375 0.0140625 0.0296875
1 0.7265625 0.95 0.0125 0.03125
1 0.76796875 0.89140625 0.0109375 0.0234375
1 0.77421875 0.88125 0.0078125 0.0296875
1 0.81875 0.8484375 0.0125 0.0234375
1 0.80234375 0.84375 0.0171875 0.0203125
1 0.18203125 0.80859375 0.0140625 0.0328125
1 0.2046875 0.94375 0.0140625 0.0328125
1 0.18515625 0.9171875 0.0140625 0.03125
1 0.178125 0.90859375 0.0125 0.028125
1 0.1734375 0.9 0.0125 0.028125
1 0.16640625 0.88671875 0.0125 0.028125
1 0.1453125 0.8640625 0.0109375 0.0296875
1 0.1515625 0.88125 0.009375 0.0296875
1 0.15859375 0.86953125 0.0078125 0.034375
1 0.109375 0.803125 0.009375 0.0359375
1 0.13984375 0.82578125 0.0109375 0.040625
1 0.0421875 0.7796875 0.025 0.028125
1 0.2015625 0.89765625 0.0109375 0.03125
1 0.2265625 0.9109375 0.0125 0.03125
1 0.2359375 0.91953125 0.015625 0.028125
1 0.1703125 0.809375 0.0109375 0.0296875
1 0.14921875 0.83359375 0.0125 0.0328125
1 0.8015625 0.68984375 0.0203125 0.0203125
1 0.8 0.7265625 0.0171875 0.0203125
1 0.1703125 0.3734375 0.021875 0.0265625
1 0.12578125 0.35 0.0203125 0.01875