1 0.64765625 0.9625 0.015625 0.0328125
1 0.63125 0.971875 0.015625 0.0328125
3 0.428125 0.02109375 0.034375 0.0421875
1 0.8140625 0.9015625 0.0203125 0.0359375
1 0.1640625 0.775 0.0140625 0.0328125
1 0.66328125 0.94140625 0.015625 0.028125
1 0.675 0.94140625 0.0171875 0.0328125
1 0.67734375 0.88515625 0.0125 0.034375
1 0.61796875 0.98359375 0.0140625 0.0328125
1 0.6953125 0.8609375 0.015625 0.0328125
1 0.69453125 0.94765625 0.0171875 0.034375
1 0.68984375 0.91640625 0.0125 0.0265625
1 0.71484375 0.8515625 0.0140625 0.028125
1 0.1859375 0.79140625 0.0125 0.034375
1 0.80078125 0.86015625 0.01875 0.034375
3 0.51796875 0.90625 0.0296875 0.0828125
1 0.16875 0.91328125 0.015625 0.03125
1 0.73671875 0.84765625 0.0125 0.0265625
1 0.18515625 0.88046875 0.015625 0.034375
1 0.17734375 0.7890625 0.0125 0.0328125
1 0.74375 0.87265625 0.015625 0.0328125
1 0.175 0.9484375 0.0140625 0.0234375
1 0.81015625 0.93046875 0.01875 0.0328125
1 0.634375 0.928125 0.015625 0.034375
1 0.209375 0.89921875 0.0171875 0.0359375
1 0.725 0.91171875 0.015625 0.0265625
1 0.178125 0.87421875 0.0140625 0.0328125
1 0.78671875 0.85 0.01875 0.028125
1 0.7078125 0.8890625 0.015625 0.0328125
1 0.6640625 0.8953125 0.015625 0.0359375
1 0.1640625 0.85078125 0.0125 0.0328125
1 0.7296875 0.871875 0.015625 0.0328125
4 0.7390625 0.38515625 0.0125 0.01875
4 0.8109375 0.3328125 0.0125 0.021875
3 0.39453125 0.13515625 0.0375 0.078125
1 0.1390625 0.81796875 0.0140625 0.0296875
1 0.13125 0.78515625 0.0109375 0.028125
1 0.1140625 0.79140625 0.0125 0.0328125
1 0.12109375 0.79921875 0.0125 0.0328125
1 0.16875 0.86953125 0.0140625 0.0296875
1 0.20234375 0.89296875 0.015625 0.0296875
1 0.19375 0.884375 0.0125 0.0328125
1 0.15078125 0.88671875 0.0171875 0.03125
1 0.14375 0.8765625 0.015625 0.028125
1 0.13984375 0.86953125 0.0140625 0.0265625
1 0.1359375 0.85625 0.015625 0.0296875
1 0.115625 0.83125 0.0140625 0.0296875
1 0.1203125 0.846875 0.0125 0.0359375
1 0.12890625 0.8375 0.0125 0.034375
1 0.02265625 0.7375 0.021875 0.025
1 0.028125 0.7640625 0.0203125 0.0234375
1 0.0328125 0.78046875 0.021875 0.0265625
1 0.0859375 0.76796875 0.0125 0.03125
1 0.57578125 0.86484375 0.0109375 0.0296875
1 0.64296875 0.915625 0.0125 0.028125
1 0.65 0.90390625 0.0125 0.025
1 0.65546875 0.890625 0.0125 0.0265625
1 0.6703125 0.89375 0.0140625 0.03125
1 0.6875 0.9640625 0.0140625 0.0296875
1 0.6984375 0.9015625 0.015625 0.0328125
1 0.71015625 0.86640625 0.0125 0.0234375
1 0.71796875 0.9265625 0.015625 0.03125
1 0.734375 0.91328125 0.0125 0.028125
1 0.73984375 0.90390625 0.0125 0.03125
1 0.75234375 0.8703125 0.015625 0.0265625
1 0.77421875 0.85546875 0.0171875 0.028125
1 0.77109375 0.86875 0.01875 0.0203125
1 0.7875 0.87421875 0.015625 0.0296875
1 0.79375 0.90234375 0.0171875 0.028125
1 0.82421875 0.92578125 0.0140625 0.0375
1 0.8296875 0.95859375 0.0171875 0.0265625
1 0.15703125 0.77578125 0.015625 0.0328125