3 0.565625 0.8875 0.01875 0.08125
1 0.596875 0.846875 0.00625 0.03125
1 0.64140625 0.76640625 0.0078125 0.0328125
4 0.39453125 0.8546875 0.009375 0.028125
3 0.375 0.14921875 0.02109375 0.0671875
3 0.575 0.07734375 0.02109375 0.0734375
1 0.7109375 0.95859375 0.01328125 0.0359375
1 0.69609375 0.97109375 0.01171875 0.0359375
1 0.68359375 0.984375 0.0109375 0.03125
1 0.69375 0.92421875 0.0109375 0.0328125
1 0.7 0.9109375 0.009375 0.02890625
1 0.7046875 0.9 0.01015625 0.028125
1 0.709375 0.8875 0.009375 0.03203125
1 0.71796875 0.8890625 0.0078125 0.03359375
1 0.73046875 0.87734375 0.0109375 0.0359375
1 0.72421875 0.93515625 0.01640625 0.02578125
1 0.73671875 0.9328125 0.01328125 0.0328125
1 0.75 0.95546875 0.01171875 0.0359375
1 0.75546875 0.93828125 0.0125 0.0328125
1 0.74765625 0.91171875 0.01171875 0.03125
1 0.753125 0.89140625 0.0140625 0.03203125
1 0.7453125 0.85078125 0.01328125 0.03203125
1 0.7640625 0.8375 0.0140625 0.02890625
1 0.76171875 0.85546875 0.01171875 0.028125
1 0.76171875 0.8765625 0.0125 0.03125
1 0.7828125 0.8609375 0.01328125 0.03125
1 0.79453125 0.8578125 0.01171875 0.03046875
1 0.80234375 0.853125 0.0125 0.03046875
1 0.79609375 0.88828125 0.009375 0.03125
1 0.790625 0.89765625 0.01171875 0.02734375
1 0.78203125 0.9 0.01171875 0.0265625
1 0.77578125 0.91328125 0.01171875 0.028125
1 0.76875 0.9171875 0.00859375 0.028125
4 0.74453125 0.81640625 0.00859375 0.02421875
1 0.59921875 0.77578125 0.01328125 0.02890625
1 0.6015625 0.92734375 0.01015625 0.03671875
1 0.6140625 0.86875 0.00859375 0.03359375
1 0.6265625 0.8796875 0.009375 0.0359375
1 0.634375 0.88359375 0.00859375 0.0359375
1 0.65 0.8421875 0.00859375 0.03359375
1 0.821875 0.85078125 0.01796875 0.0296875
1 0.84921875 0.8796875 0.01484375 0.03203125
1 0.86875 0.9078125 0.0171875 0.03515625
1 0.86875 0.875 0.01484375 0.03203125
1 0.85 0.8375 0.015625 0.034375
1 0.8390625 0.8515625 0.01328125 0.0296875
1 0.834375 0.828125 0.015625 0.02890625
1 0.82265625 0.83359375 0.01640625 0.028125
1 0.88125 0.89765625 0.01015625 0.03359375
1 0.22578125 0.971875 0.01171875 0.03046875
1 0.26484375 0.95546875 0.0109375 0.03203125
1 0.27421875 0.98046875 0.01640625 0.03671875
1 0.21328125 0.9109375 0.009375 0.03046875
1 0.2203125 0.92734375 0.009375 0.03203125
1 0.2296875 0.93515625 0.0109375 0.034375
1 0.2390625 0.9375 0.0078125 0.03359375
1 0.246875 0.9390625 0.0078125 0.03203125
1 0.25625 0.94921875 0.0109375 0.0296875
1 0.21796875 0.85 0.009375 0.03203125
1 0.228125 0.85234375 0.009375 0.03515625
1 0.2046875 0.83515625 0.009375 0.03125
1 0.19609375 0.8375 0.00859375 0.03359375
1 0.05703125 0.81328125 0.0171875 0.021875
1 0.0671875 0.83828125 0.01953125 0.021875
1 0.1234375 0.83203125 0.00859375 0.03125
1 0.16953125 0.84609375 0.009375 0.03203125
1 0.15390625 0.85703125 0.0078125 0.03828125
1 0.1640625 0.8640625 0.0078125 0.03203125
1 0.1609375 0.89375 0.01015625 0.03203125
1 0.1828125 0.87890625 0.009375 0.02890625