3 0.175 0.61953125 0.0484375 0.04375
3 0.365625 0.4484375 0.0421875 0.046875
3 0.6953125 0.39375 0.05 0.0609375
3 0.33359375 0.16875 0.028125 0.06875
3 0.65078125 0.86953125 0.0265625 0.0875
1 0.784375 0.82265625 0.015625 0.0328125
1 0.765625 0.9328125 0.015625 0.0375
3 0.6109375 0.8765625 0.025 0.0765625
3 0.034375 0.63046875 0.0453125 0.034375
1 0.67421875 0.8625 0.0109375 0.03125
1 0.73984375 0.959375 0.015625 0.028125
1 0.75078125 0.946875 0.015625 0.0375
1 0.74375 0.89609375 0.0171875 0.0375
1 0.24765625 0.86953125 0.0125 0.0328125
1 0.7828125 0.90625 0.015625 0.0328125
1 0.26640625 0.88203125 0.015625 0.034375
1 0.91015625 0.828125 0.01875 0.034375
1 0.23203125 0.91796875 0.015625 0.034375
1 0.50703125 0.7640625 0.01875 0.025
1 0.2734375 0.95546875 0.0140625 0.040625
1 0.3171875 0.92578125 0.0125 0.0296875
1 0.3 0.96640625 0.0125 0.0359375
1 0.79453125 0.87890625 0.0140625 0.034375
1 0.2140625 0.88515625 0.0140625 0.034375
1 0.88359375 0.79765625 0.015625 0.0328125
1 0.8875 0.83046875 0.01875 0.0328125
1 0.284375 0.9921875 0.015625 0.015625
1 0.29375 0.90859375 0.0140625 0.0375
1 0.31875 0.97734375 0.015625 0.0359375
1 0.80703125 0.91328125 0.0171875 0.0375
1 0.284375 0.96484375 0.015625 0.0375
1 0.80390625 0.84765625 0.0171875 0.034375
1 0.75234375 0.8671875 0.0140625 0.0328125
1 0.7734375 0.84921875 0.0125 0.0375
1 0.82265625 0.82578125 0.015625 0.0328125
1 0.82578125 0.86328125 0.0140625 0.0296875
1 0.67265625 0.74921875 0.015625 0.0328125
1 0.41015625 0.69140625 0.01875 0.025
1 0.91484375 0.86484375 0.015625 0.0328125
1 0.85859375 0.8015625 0.0171875 0.0375
1 0.8 0.81015625 0.015625 0.0375
1 0.7640625 0.859375 0.0125 0.0328125
1 0.83671875 0.81796875 0.015625 0.0328125
3 0.31015625 0.61640625 0.04375 0.04375