1 0.753125 0.9125 0.015625 0.0375
1 0.73984375 0.92578125 0.0140625 0.0328125
3 0.584375 0.52734375 0.0421875 0.0375
1 0.90078125 0.8140625 0.0203125 0.034375
1 0.775 0.8859375 0.0140625 0.0328125
1 0.76484375 0.83359375 0.0125 0.034375
3 0.31015625 0.053125 0.040625 0.075
1 0.25625 0.859375 0.0125 0.034375
1 0.87734375 0.778125 0.0171875 0.034375
1 0.77578125 0.803125 0.0140625 0.034375
1 0.240625 0.85078125 0.0125 0.0328125
1 0.79375 0.7890625 0.0140625 0.028125
1 0.73125 0.9421875 0.0125 0.0359375
1 0.79609375 0.88828125 0.015625 0.0328125
1 0.7640625 0.8859375 0.0109375 0.0265625
1 0.8140625 0.80546875 0.0140625 0.03125
1 0.78515625 0.85703125 0.0109375 0.0265625
3 0.61484375 0.88984375 0.028125 0.0828125
1 0.265625 0.8625 0.0109375 0.03125
1 0.7546875 0.84296875 0.0125 0.0328125
1 0.81796875 0.84453125 0.0140625 0.028125
1 0.88203125 0.8171875 0.0171875 0.03125
3 0.3078125 0.1703125 0.034375 0.0859375
1 0.2265625 0.89296875 0.0125 0.0328125
1 0.8140625 0.86171875 0.015625 0.03125
1 0.8359375 0.8015625 0.0140625 0.028125
1 0.86015625 0.76953125 0.0140625 0.028125
1 0.90390625 0.8453125 0.015625 0.0328125
1 0.82265625 0.78046875 0.0125 0.03125
1 0.85234375 0.77890625 0.01875 0.0296875
1 0.7953125 0.8265625 0.015625 0.034375
1 0.58828125 0.28125 0.0125 0.021875
1 0.73515625 0.87890625 0.0125 0.0359375
1 0.81171875 0.7796875 0.0109375 0.025
1 0.4125 0.81640625 0.0171875 0.03125
1 0.31328125 0.95859375 0.0140625 0.0375
1 0.2875 0.94765625 0.0125 0.034375
1 0.74296875 0.85546875 0.0109375 0.0296875
1 0.20546875 0.8703125 0.0140625 0.0328125
1 0.259375 0.92109375 0.0125 0.03125
1 0.27734375 0.94296875 0.0125 0.0328125
1 0.9171875 0.8390625 0.0125 0.034375
4 0.75625 0.315625 0.0125 0.0171875
4 0.76875 0.29140625 0.0125 0.0203125
1 0.66171875 0.83828125 0.0125 0.03125
1 0.746875 0.84375 0.0109375 0.028125
1 0.79375 0.80625 0.0125 0.025
1 0.7890625 0.84375 0.015625 0.03125
1 0.79453125 0.90859375 0.0140625 0.0328125
1 0.82578125 0.84453125 0.0125 0.025
1 0.83046875 0.83359375 0.009375 0.0296875
1 0.86953125 0.79453125 0.0125 0.0234375
1 0.85234375 0.7921875 0.01875 0.021875
1 0.234375 0.8546875 0.015625 0.0328125
1 0.2765625 0.98359375 0.015625 0.0328125
1 0.25390625 0.9609375 0.015625 0.0328125
1 0.24609375 0.95390625 0.0140625 0.028125
1 0.23984375 0.94609375 0.0140625 0.028125
1 0.23125 0.934375 0.0140625 0.0296875
1 0.20625 0.91484375 0.0125 0.03125
1 0.215625 0.93125 0.0109375 0.0296875
1 0.2203125 0.91796875 0.009375 0.034375
1 0.16171875 0.8609375 0.0109375 0.0359375
1 0.1953125 0.878125 0.0125 0.040625
1 0.0921875 0.84765625 0.0265625 0.0296875
1 0.2671875 0.9390625 0.0125 0.03125
1 0.29453125 0.94921875 0.0140625 0.03125
1 0.30546875 0.95546875 0.0171875 0.0296875
1 0.22265625 0.8578125 0.0125 0.03125
1 0.20546875 0.884375 0.0140625 0.0328125
1 0.82734375 0.63984375 0.0203125 0.0203125
1 0.83203125 0.6765625 0.01875 0.021875
1 0.1546875 0.4265625 0.0234375 0.0265625
1 0.10703125 0.41015625 0.0203125 0.01875