3 0.165625 0.590625 0.0453125 0.040625
3 0.3703125 0.43671875 0.0375 0.04375
3 0.70390625 0.41171875 0.0453125 0.0578125
3 0.3625 0.15546875 0.021875 0.0671875
3 0.61796875 0.88125 0.01875 0.0859375
1 0.75546875 0.84609375 0.0125 0.03125
1 0.7265625 0.95390625 0.0125 0.0359375
3 0.57734375 0.88515625 0.01875 0.075
3 0.025 0.5890625 0.04375 0.03125
1 0.6421875 0.8765625 0.009375 0.03125
1 0.69921875 0.978125 0.0125 0.0265625
1 0.7109375 0.9671875 0.0125 0.0359375
1 0.70859375 0.915625 0.0140625 0.0359375
1 0.21640625 0.84609375 0.0109375 0.03125
1 0.74609375 0.92890625 0.0140625 0.03125
1 0.234375 0.86015625 0.0140625 0.0328125
1 0.88046875 0.8625 0.0171875 0.0328125
1 0.19609375 0.89296875 0.0125 0.0328125
1 0.484375 0.7640625 0.0171875 0.0234375
1 0.234375 0.93359375 0.0109375 0.0390625
1 0.28046875 0.9078125 0.009375 0.028125
1 0.26015625 0.946875 0.009375 0.0359375
1 0.76015625 0.903125 0.0109375 0.0328125
1 0.18203125 0.85859375 0.0109375 0.0328125
1 0.85625 0.8296875 0.0125 0.03125
1 0.85703125 0.8625 0.0171875 0.03125
1 0.24140625 0.98125 0.0140625 0.03125
1 0.25859375 0.8890625 0.0109375 0.0359375
1 0.27734375 0.959375 0.0125 0.034375
1 0.7703125 0.93828125 0.0140625 0.0359375
1 0.2453125 0.94453125 0.0125 0.0359375
1 0.77265625 0.87265625 0.0140625 0.0328125
1 0.71875 0.88828125 0.0125 0.03125
1 0.7421875 0.87109375 0.009375 0.0375
1 0.79296875 0.85234375 0.0125 0.03125
1 0.79296875 0.88984375 0.0125 0.028125
1 0.65 0.7640625 0.0125 0.03125
1 0.39375 0.6828125 0.0171875 0.0234375
1 0.88125 0.89921875 0.0140625 0.03125
1 0.83125 0.83125 0.0140625 0.0359375
1 0.771875 0.83515625 0.0125 0.0359375
1 0.73125 0.88125 0.0109375 0.03125
1 0.8078125 0.84609375 0.0125 0.03125
3 0.30078125 0.59921875 0.040625 0.040625