3 0.525 0.8921875 0.0265625 0.0828125
1 0.56015625 0.85546875 0.009375 0.03125
1 0.6125 0.7796875 0.0109375 0.0328125
4 0.3578125 0.84140625 0.0125 0.0296875
3 0.4125 0.13828125 0.028125 0.06875
3 0.61875 0.0875 0.028125 0.075
1 0.66171875 0.978125 0.0171875 0.0375
1 0.6453125 0.98515625 0.015625 0.0296875
1 0.63203125 0.9921875 0.0140625 0.015625
1 0.6484375 0.9421875 0.0140625 0.034375
1 0.65625 0.9296875 0.0125 0.0296875
1 0.66171875 0.91953125 0.0125 0.0296875
1 0.66796875 0.90703125 0.0125 0.0328125
1 0.67578125 0.909375 0.0109375 0.034375
1 0.68984375 0.89921875 0.0140625 0.0375
1 0.67734375 0.95625 0.01875 0.028125
1 0.68984375 0.95546875 0.0171875 0.034375
1 0.70078125 0.97890625 0.015625 0.0375
1 0.70859375 0.9625 0.015625 0.034375
1 0.703125 0.93515625 0.015625 0.0328125
1 0.7109375 0.915625 0.0171875 0.0328125
1 0.70703125 0.87421875 0.0171875 0.0328125
1 0.72734375 0.86328125 0.0171875 0.0296875
1 0.7234375 0.88125 0.0140625 0.0296875
1 0.72109375 0.9015625 0.015625 0.0328125
1 0.74375 0.88828125 0.0171875 0.0328125
1 0.75546875 0.88671875 0.0140625 0.03125
1 0.7640625 0.8828125 0.015625 0.03125
1 0.75390625 0.9171875 0.0125 0.0328125
1 0.74765625 0.92578125 0.0140625 0.028125
1 0.7390625 0.92734375 0.0140625 0.028125
1 0.73125 0.93984375 0.0140625 0.0296875
1 0.7234375 0.94296875 0.0109375 0.028125
4 0.71015625 0.83984375 0.0109375 0.025
1 0.56953125 0.784375 0.015625 0.0296875
1 0.55625 0.9359375 0.0140625 0.0375
1 0.575 0.87890625 0.0125 0.034375
1 0.5859375 0.890625 0.0125 0.0375
1 0.59375 0.8953125 0.0125 0.0359375
1 0.61328125 0.85625 0.0125 0.034375
1 0.78359375 0.8828125 0.0203125 0.03125
1 0.8078125 0.9140625 0.01875 0.0328125
1 0.82421875 0.94375 0.0203125 0.0375
1 0.82734375 0.91171875 0.01875 0.0328125
1 0.8125 0.871875 0.01875 0.0359375
1 0.80078125 0.88515625 0.015625 0.03125
1 0.7984375 0.8609375 0.01875 0.0296875
1 0.7859375 0.865625 0.01875 0.0296875
1 0.8375 0.93515625 0.0140625 0.034375
1 0.178125 0.940625 0.0140625 0.03125
1 0.21875 0.928125 0.0140625 0.0328125
1 0.225 0.95390625 0.0203125 0.0375
1 0.171875 0.87890625 0.0125 0.03125
1 0.17734375 0.89609375 0.0125 0.0328125
1 0.1859375 0.9046875 0.0140625 0.0359375
1 0.19453125 0.9078125 0.0109375 0.034375
1 0.20234375 0.91015625 0.0109375 0.0328125
1 0.2109375 0.92109375 0.0140625 0.03125
1 0.1828125 0.81875 0.0125 0.0328125
1 0.19296875 0.821875 0.0125 0.0359375
1 0.17109375 0.80234375 0.0125 0.0328125
1 0.1625 0.80390625 0.0125 0.034375
1 0.0265625 0.765625 0.01875 0.0234375
1 0.034375 0.79140625 0.021875 0.0234375
1 0.090625 0.790625 0.0125 0.03125
1 0.13515625 0.809375 0.0125 0.0328125
1 0.11875 0.81875 0.0125 0.0390625
1 0.128125 0.8265625 0.0109375 0.0328125
1 0.121875 0.85625 0.0140625 0.0328125
1 0.1453125 0.84375 0.0125 0.0296875