3 0.62578125 0.87265625 0.03125 0.0828125
1 0.65 0.82734375 0.0109375 0.03125
1 0.68125 0.740625 0.0125 0.034375
4 0.4515625 0.8671875 0.0140625 0.0296875
3 0.321875 0.1734375 0.03125 0.0703125
3 0.5078125 0.07109375 0.0328125 0.0765625
1 0.78046875 0.9203125 0.01875 0.0375
1 0.7671875 0.934375 0.0171875 0.0375
1 0.75703125 0.95 0.015625 0.0328125
1 0.7578125 0.8890625 0.015625 0.034375
1 0.76171875 0.87421875 0.0140625 0.0296875
1 0.76484375 0.86328125 0.0140625 0.0296875
1 0.7671875 0.85 0.0140625 0.0328125
1 0.77578125 0.85 0.0125 0.034375
1 0.78671875 0.83671875 0.0171875 0.0375
1 0.78984375 0.89453125 0.0203125 0.028125
1 0.8015625 0.890625 0.01875 0.034375
1 0.81796875 0.9109375 0.0171875 0.0375
1 0.82109375 0.89296875 0.0171875 0.034375
1 0.809375 0.86796875 0.0171875 0.0328125
1 0.8109375 0.846875 0.01875 0.034375
1 0.796875 0.8078125 0.01875 0.034375
1 0.81328125 0.7921875 0.01875 0.03125
1 0.8140625 0.81015625 0.015625 0.0296875
1 0.8171875 0.83125 0.0171875 0.0328125
1 0.8359375 0.8125 0.01875 0.0328125
1 0.846875 0.80703125 0.015625 0.03125
1 0.85390625 0.8015625 0.0171875 0.0328125
1 0.853125 0.8375 0.0140625 0.0328125
1 0.84921875 0.84765625 0.015625 0.028125
1 0.84140625 0.85078125 0.015625 0.028125
1 0.83671875 0.86484375 0.015625 0.0296875
1 0.83046875 0.8703125 0.0125 0.0296875
4 0.79140625 0.77421875 0.0125 0.025
1 0.64140625 0.75703125 0.0171875 0.03125
1 0.6671875 0.90625 0.015625 0.0375
1 0.6703125 0.84609375 0.0140625 0.034375
1 0.684375 0.85546875 0.015625 0.0375
1 0.69296875 0.8578125 0.0140625 0.0375
1 0.7015625 0.81484375 0.0140625 0.034375
1 0.87265625 0.79609375 0.021875 0.0328125
1 0.9046875 0.8203125 0.0203125 0.034375
1 0.928125 0.8453125 0.021875 0.0375
1 0.92265625 0.8125 0.0203125 0.034375
1 0.8984375 0.77890625 0.0203125 0.0359375
1 0.88984375 0.79453125 0.0171875 0.03125
1 0.88125 0.771875 0.0203125 0.03125
1 0.87109375 0.77890625 0.0203125 0.0296875
1 0.9390625 0.8328125 0.015625 0.034375
1 0.303125 0.99609375 0.015625 0.0078125
1 0.3390625 0.98515625 0.015625 0.0296875
1 0.3515625 0.9953125 0.021875 0.009375
1 0.28125 0.95078125 0.0140625 0.03125
1 0.290625 0.965625 0.0140625 0.0328125
1 0.30078125 0.971875 0.015625 0.0359375
1 0.3109375 0.97265625 0.0125 0.034375
1 0.31875 0.9734375 0.0125 0.0328125
1 0.3296875 0.98203125 0.015625 0.03125
1 0.2765625 0.88984375 0.0140625 0.0328125
1 0.28671875 0.890625 0.0140625 0.0359375
1 0.2609375 0.87734375 0.0140625 0.0328125
1 0.25234375 0.88125 0.0140625 0.034375
1 0.11171875 0.87890625 0.0203125 0.025
1 0.12578125 0.9015625 0.0234375 0.025
1 0.1796875 0.88671875 0.0140625 0.0328125
1 0.228125 0.89375 0.0140625 0.0328125
1 0.2140625 0.90703125 0.0140625 0.0390625
1 0.225 0.9125 0.0125 0.0328125
1 0.2265625 0.9421875 0.015625 0.0328125
1 0.24609375 0.92421875 0.0140625 0.0296875