1 0.740625 0.921875 0.0140625 0.0328125
1 0.7265625 0.934375 0.0125 0.03125
3 0.32890625 0.0390625 0.03125 0.0578125
1 0.890625 0.82734375 0.0171875 0.034375
1 0.228125 0.83828125 0.0109375 0.03125
1 0.7515625 0.89765625 0.0140625 0.028125
1 0.7625 0.8953125 0.015625 0.0328125
1 0.753125 0.83984375 0.0109375 0.0328125
1 0.71640625 0.94921875 0.0109375 0.0328125
1 0.76640625 0.8125 0.0140625 0.03125
1 0.7828125 0.89765625 0.0140625 0.034375
1 0.77265625 0.86796875 0.0109375 0.025
1 0.78359375 0.79921875 0.0125 0.0265625
1 0.253125 0.85 0.0109375 0.0328125
1 0.86875 0.78984375 0.015625 0.0328125
3 0.6015625 0.89375 0.025 0.0828125
1 0.2625 0.9734375 0.0125 0.0296875
1 0.80390625 0.790625 0.0109375 0.025
1 0.27109375 0.9375 0.0125 0.0328125
1 0.24453125 0.85 0.0109375 0.03125
1 0.815625 0.8140625 0.0125 0.03125
1 0.275 0.99765625 0.0125 0.0046875
1 0.89296875 0.85625 0.0171875 0.03125
1 0.72109375 0.89140625 0.0125 0.034375
1 0.29921875 0.95078125 0.0140625 0.0359375
1 0.80625 0.85625 0.0140625 0.0265625
1 0.26328125 0.9328125 0.0125 0.03125
1 0.853125 0.7828125 0.0171875 0.028125
1 0.784375 0.8375 0.0140625 0.03125
1 0.7421875 0.85234375 0.0125 0.0359375
1 0.24453125 0.9125 0.0109375 0.03125
1 0.8015625 0.815625 0.0125 0.03125
4 0.71015625 0.33828125 0.0109375 0.01875
4 0.76875 0.271875 0.0109375 0.0203125
3 0.32109375 0.16484375 0.0328125 0.0765625
1 0.21328125 0.8859375 0.0109375 0.0296875
1 0.1984375 0.85546875 0.009375 0.028125
1 0.18359375 0.86484375 0.009375 0.0328125
1 0.19140625 0.871875 0.009375 0.03125
1 0.253125 0.9296875 0.0125 0.028125
1 0.290625 0.94609375 0.0140625 0.0296875
1 0.28046875 0.93984375 0.0109375 0.03125
1 0.23828125 0.95078125 0.015625 0.03125
1 0.23046875 0.9421875 0.0140625 0.028125
1 0.22421875 0.93671875 0.0125 0.0265625
1 0.21796875 0.92421875 0.0140625 0.0296875
1 0.19296875 0.90390625 0.0125 0.028125
1 0.2 0.91796875 0.0109375 0.0359375
1 0.20703125 0.90703125 0.009375 0.034375
1 0.08203125 0.83125 0.0203125 0.0234375
1 0.09375 0.85625 0.01875 0.0234375
1 0.1015625 0.871875 0.0203125 0.025
1 0.15078125 0.84765625 0.0109375 0.03125
1 0.65 0.84140625 0.009375 0.028125
1 0.72578125 0.8765625 0.0109375 0.0265625
1 0.73046875 0.8640625 0.0109375 0.025
1 0.73359375 0.84921875 0.0109375 0.0265625
1 0.7484375 0.85 0.0125 0.0296875
1 0.7796875 0.91484375 0.0125 0.0296875
1 0.77734375 0.8515625 0.0140625 0.03125
1 0.78203125 0.81484375 0.0109375 0.0234375
1 0.8015625 0.871875 0.0140625 0.0296875
1 0.815625 0.85546875 0.0109375 0.028125
1 0.81875 0.8453125 0.0109375 0.0296875
1 0.82421875 0.809375 0.0140625 0.0265625
1 0.8421875 0.790625 0.015625 0.0265625
1 0.84140625 0.80390625 0.0171875 0.0203125
1 0.85859375 0.80625 0.0140625 0.028125
1 0.87109375 0.8328125 0.015625 0.028125
1 0.90546875 0.84921875 0.0125 0.0375
1 0.91796875 0.88046875 0.015625 0.025
1 0.221875 0.84140625 0.0125 0.0328125