3 0.38046875 0.0703125 0.0296875 0.075
3 0.39921875 0.53515625 0.02265625 0.0796875
1 0.36953125 0.83984375 0.01328125 0.0265625
1 0.75 0.6984375 0.0109375 0.025
1 0.79921875 0.65625 0.0078125 0.025
1 0.61484375 0.8359375 0.00703125 0.034375
1 0.6109375 0.40546875 0.00625 0.0296875
1 0.60078125 0.246875 0.00625 0.028125
1 0.63125 0.7953125 0.00703125 0.028125
1 0.6328125 0.5203125 0.0078125 0.03125
1 0.6171875 0.35234375 0.00625 0.0296875
1 0.64609375 0.5171875 0.00703125 0.028125
1 0.759375 0.49765625 0.0078125 0.0171875
1 0.75234375 0.47578125 0.00859375 0.0234375