1 0.73828125 0.92109375 0.0140625 0.0359375
1 0.72421875 0.93359375 0.0125 0.03125
3 0.58359375 0.53046875 0.040625 0.0375
1 0.8890625 0.82734375 0.01875 0.034375
1 0.7609375 0.8953125 0.0125 0.03125
1 0.753125 0.8421875 0.0109375 0.034375
3 0.32578125 0.046875 0.0375 0.0734375
1 0.24453125 0.85078125 0.0109375 0.0328125
1 0.8671875 0.79140625 0.015625 0.034375
1 0.76484375 0.8125 0.0125 0.0328125
1 0.22890625 0.84140625 0.0109375 0.03125
1 0.78359375 0.79921875 0.0125 0.0265625
1 0.715625 0.95 0.0125 0.034375
1 0.78203125 0.8984375 0.0140625 0.03125
1 0.75 0.8953125 0.0109375 0.0265625
1 0.803125 0.81640625 0.0125 0.0296875
1 0.77265625 0.8671875 0.0109375 0.0265625
3 0.60078125 0.89375 0.025 0.0828125
1 0.253125 0.85390625 0.009375 0.03125
1 0.7421875 0.8515625 0.0109375 0.0328125
1 0.80625 0.85546875 0.0140625 0.0265625
1 0.87109375 0.83046875 0.0171875 0.03125
3 0.31875 0.1640625 0.03125 0.084375
1 0.2125 0.88359375 0.0109375 0.03125
1 0.80078125 0.871875 0.015625 0.03125
1 0.825 0.81328125 0.0125 0.0265625
1 0.85 0.78203125 0.0140625 0.0265625
1 0.89140625 0.859375 0.0140625 0.03125
1 0.8125 0.79140625 0.0109375 0.03125
1 0.8421875 0.790625 0.01875 0.028125
1 0.78359375 0.83671875 0.0140625 0.0328125
1 0.59609375 0.284375 0.0125 0.0203125
1 0.721875 0.88671875 0.0125 0.034375
1 0.8015625 0.790625 0.0109375 0.025
1 0.4015625 0.81328125 0.0171875 0.03125
1 0.29765625 0.9515625 0.0140625 0.0359375
1 0.27265625 0.93984375 0.0109375 0.0328125
1 0.73046875 0.8640625 0.0109375 0.0296875
1 0.19296875 0.86015625 0.0125 0.03125
1 0.24453125 0.9125 0.0109375 0.03125
1 0.26171875 0.93515625 0.0109375 0.03125
1 0.90546875 0.853125 0.0109375 0.0328125
4 0.7625 0.325 0.0109375 0.0171875
4 0.77578125 0.30078125 0.0109375 0.0203125
1 0.65 0.84375 0.0109375 0.03125
1 0.734375 0.85234375 0.009375 0.028125
1 0.7828125 0.81640625 0.0125 0.025
1 0.7765625 0.853125 0.0140625 0.03125
1 0.7796875 0.91875 0.0125 0.03125
1 0.8140625 0.85546875 0.0109375 0.0234375
1 0.81875 0.8453125 0.009375 0.0296875
1 0.859375 0.80703125 0.0125 0.0234375
1 0.84140625 0.80390625 0.0171875 0.0203125
1 0.221875 0.8453125 0.0140625 0.0328125
1 0.2609375 0.9765625 0.0140625 0.034375
1 0.23828125 0.95234375 0.0140625 0.0328125
1 0.23046875 0.94453125 0.0140625 0.028125
1 0.22421875 0.93671875 0.0140625 0.028125
1 0.21640625 0.925 0.0125 0.028125
1 0.1921875 0.9046875 0.0125 0.0296875
1 0.20078125 0.92109375 0.0109375 0.0296875
1 0.20625 0.90859375 0.0078125 0.034375
1 0.14921875 0.8484375 0.009375 0.0359375
1 0.18203125 0.86796875 0.0109375 0.040625
1 0.0796875 0.83359375 0.025 0.0296875
1 0.25234375 0.93046875 0.0109375 0.03125
1 0.27890625 0.94140625 0.0125 0.03125
1 0.2890625 0.9484375 0.015625 0.0296875
1 0.21015625 0.84765625 0.0109375 0.0296875
1 0.1921875 0.87421875 0.0125 0.0328125
1 0.82265625 0.6515625 0.0203125 0.0203125
1 0.82578125 0.68828125 0.0171875 0.0203125
1 0.15703125 0.4140625 0.0234375 0.0265625
1 0.1109375 0.39609375 0.0203125 0.01875