1 0.74609375 0.9171875 0.0140625 0.0375
1 0.73203125 0.9296875 0.0140625 0.0328125
3 0.584375 0.52890625 0.0421875 0.0375
1 0.8953125 0.8203125 0.01875 0.034375
1 0.76796875 0.890625 0.0140625 0.0328125
1 0.759375 0.83828125 0.0109375 0.034375
3 0.31796875 0.05 0.0390625 0.075
1 0.25 0.85546875 0.0125 0.0328125
1 0.87265625 0.78515625 0.0171875 0.034375
1 0.7703125 0.8078125 0.0140625 0.034375
1 0.234375 0.84609375 0.0125 0.03125
1 0.78828125 0.79375 0.0125 0.028125
1 0.7234375 0.94609375 0.0125 0.034375
1 0.7890625 0.89375 0.0140625 0.0328125
1 0.75703125 0.890625 0.0109375 0.0265625
1 0.80859375 0.8109375 0.0140625 0.03125
1 0.77890625 0.8625 0.0109375 0.0265625
3 0.6078125 0.8921875 0.0265625 0.0828125
1 0.259375 0.85859375 0.0109375 0.03125
1 0.7484375 0.84765625 0.0109375 0.0328125
1 0.8125 0.85 0.0140625 0.028125
1 0.8765625 0.82421875 0.0171875 0.03125
3 0.31328125 0.1671875 0.0328125 0.0859375
1 0.21953125 0.88828125 0.0125 0.03125
1 0.80703125 0.86640625 0.015625 0.03125
1 0.83046875 0.8078125 0.0125 0.028125
1 0.8546875 0.77578125 0.0140625 0.028125
1 0.89765625 0.85234375 0.0140625 0.0328125
1 0.8171875 0.7859375 0.0109375 0.03125
1 0.846875 0.78515625 0.01875 0.028125
1 0.7890625 0.83125 0.0140625 0.034375
1 0.5921875 0.2828125 0.0125 0.021875
1 0.72890625 0.8828125 0.0125 0.034375
1 0.80625 0.78515625 0.0109375 0.025
1 0.40703125 0.81484375 0.0171875 0.03125
1 0.30546875 0.95546875 0.0140625 0.0375
1 0.2796875 0.94375 0.0125 0.0328125
1 0.73671875 0.859375 0.0109375 0.0296875
1 0.19921875 0.86484375 0.0140625 0.0328125
1 0.2515625 0.9171875 0.0109375 0.03125
1 0.26953125 0.9390625 0.0125 0.03125
1 0.91171875 0.84609375 0.0125 0.0328125
4 0.759375 0.3203125 0.0109375 0.0171875
4 0.77265625 0.29609375 0.0125 0.0203125
1 0.65625 0.840625 0.0109375 0.03125
1 0.740625 0.8484375 0.0109375 0.028125
1 0.78828125 0.8109375 0.0125 0.025
1 0.7828125 0.8484375 0.015625 0.03125
1 0.7875 0.9140625 0.0125 0.03125
1 0.8203125 0.85 0.0109375 0.0234375
1 0.82421875 0.8390625 0.009375 0.0296875
1 0.8640625 0.80078125 0.0125 0.0234375
1 0.846875 0.7984375 0.01875 0.0203125
1 0.228125 0.85 0.0140625 0.0328125
1 0.26875 0.98046875 0.015625 0.034375
1 0.24609375 0.95703125 0.015625 0.0328125
1 0.23828125 0.94921875 0.0140625 0.028125
1 0.23203125 0.94140625 0.0140625 0.028125
1 0.22421875 0.9296875 0.0140625 0.0296875
1 0.19921875 0.91015625 0.0125 0.0296875
1 0.2078125 0.9265625 0.0109375 0.0296875
1 0.21328125 0.91328125 0.0078125 0.034375
1 0.15546875 0.8546875 0.009375 0.0359375
1 0.18828125 0.8734375 0.0125 0.040625
1 0.0859375 0.840625 0.025 0.0296875
1 0.259375 0.93515625 0.0125 0.03125
1 0.28671875 0.9453125 0.0125 0.03125
1 0.296875 0.95234375 0.0171875 0.0296875
1 0.21640625 0.85234375 0.0125 0.0296875
1 0.19921875 0.87890625 0.0140625 0.0328125
1 0.825 0.6453125 0.0203125 0.0203125
1 0.82890625 0.68203125 0.01875 0.0203125
1 0.15546875 0.4203125 0.0234375 0.0265625
1 0.10859375 0.403125 0.0203125 0.01875