1 0.70859375 0.93671875 0.01171875 0.0359375
1 0.69375 0.9484375 0.0109375 0.03125
3 0.58125 0.5359375 0.0390625 0.034375
1 0.865625 0.85390625 0.01640625 0.0328125
1 0.7328125 0.9125 0.0109375 0.03125
1 0.72890625 0.859375 0.00859375 0.034375
3 0.3578125 0.0359375 0.0328125 0.071875
1 0.2203125 0.83203125 0.009375 0.0328125
1 0.84609375 0.81640625 0.0140625 0.0328125
1 0.7421875 0.83046875 0.0109375 0.0328125
1 0.20546875 0.821875 0.009375 0.03125
1 0.76171875 0.81796875 0.0109375 0.0265625
1 0.68359375 0.9640625 0.009375 0.034375
1 0.75390625 0.9171875 0.01171875 0.03125
1 0.721875 0.91171875 0.00859375 0.0265625
1 0.78046875 0.83671875 0.0109375 0.0296875
1 0.74609375 0.88515625 0.00859375 0.0265625
3 0.5734375 0.9 0.01953125 0.08125
1 0.22890625 0.8359375 0.0078125 0.03125
1 0.7171875 0.86796875 0.00859375 0.0328125
1 0.78046875 0.87578125 0.01171875 0.0265625
1 0.846875 0.85546875 0.01484375 0.0296875
3 0.34296875 0.15234375 0.025 0.08359375
1 0.18671875 0.8625 0.009375 0.03125
1 0.77421875 0.8921875 0.01328125 0.0296875
1 0.80234375 0.83515625 0.0109375 0.0265625
1 0.8296875 0.80546875 0.01171875 0.0265625
1 0.865625 0.8859375 0.01171875 0.03125
1 0.79140625 0.8125 0.00859375 0.03125
1 0.82109375 0.8140625 0.01640625 0.02734375
1 0.759375 0.85546875 0.01171875 0.0328125
1 0.6109375 0.29140625 0.0109375 0.0203125
1 0.69453125 0.9015625 0.009375 0.034375
1 0.78046875 0.8109375 0.00859375 0.025
1 0.3796875 0.80546875 0.01484375 0.0296875
1 0.26640625 0.93671875 0.0109375 0.0359375
1 0.2421875 0.92265625 0.009375 0.0328125
1 0.7046875 0.87890625 0.00859375 0.0296875
1 0.16875 0.8375 0.0109375 0.03125
1 0.21640625 0.89375 0.00859375 0.03125
1 0.23203125 0.9171875 0.009375 0.03125
1 0.8796875 0.88046875 0.009375 0.0328125
4 0.77421875 0.34375 0.01015625 0.01640625
4 0.7890625 0.3203125 0.01015625 0.01953125
1 0.62578125 0.853125 0.00859375 0.03046875
1 0.709375 0.86796875 0.0078125 0.028125
1 0.76015625 0.83515625 0.01015625 0.02421875
1 0.7515625 0.871875 0.0125 0.0296875
1 0.75 0.9375 0.01015625 0.03125
1 0.78828125 0.8765625 0.009375 0.0234375
1 0.79375 0.86640625 0.00703125 0.02890625
1 0.83671875 0.83125 0.0109375 0.02265625
1 0.81953125 0.82734375 0.01640625 0.01953125
1 0.1984375 0.825 0.01171875 0.03203125
1 0.228125 0.95859375 0.0125 0.0328125
1 0.20703125 0.9328125 0.0125 0.03125
1 0.2 0.925 0.01171875 0.02734375
1 0.19453125 0.91640625 0.01171875 0.02734375
1 0.1875 0.90390625 0.0109375 0.028125
1 0.16484375 0.88203125 0.01015625 0.0296875
1 0.171875 0.89921875 0.00859375 0.02890625
1 0.178125 0.88671875 0.00546875 0.03359375
1 0.12578125 0.8234375 0.00703125 0.0359375
1 0.15703125 0.84453125 0.00859375 0.040625
1 0.0578125 0.803125 0.0234375 0.02734375
1 0.22265625 0.9125 0.009375 0.03046875
1 0.2484375 0.925 0.01015625 0.03046875
1 0.25859375 0.9328125 0.0140625 0.028125
1 0.18671875 0.8265625 0.009375 0.0296875
1 0.1671875 0.8515625 0.0109375 0.03203125
1 0.8109375 0.6734375 0.01875 0.01875
1 0.81171875 0.71015625 0.01640625 0.01953125
1 0.1640625 0.390625 0.02109375 0.025
1 0.11875 0.36953125 0.01875 0.0171875