3 0.41484375 0.88828125 0.0359375 0.078125
1 0.5921875 0.80390625 0.0109375 0.0328125
4 0.7609375 0.4234375 0.0125 0.0328125
4 0.15859375 0.68671875 0.015625 0.025
4 0.7375 0.73046875 0.009375 0.01875
4 0.13828125 0.68828125 0.015625 0.0265625
1 0.63046875 0.2515625 0.0109375 0.028125
1 0.48515625 0.88203125 0.0140625 0.0328125
4 0.796875 0.3671875 0.0171875 0.028125
4 0.77421875 0.3484375 0.0234375 0.0359375
1 0.07421875 0.64375 0.0203125 0.025
1 0.06953125 0.6671875 0.0328125 0.0265625
1 0.47265625 0.878125 0.015625 0.046875