3 0.45625 0.8953125 0.028125 0.075
1 0.6234375 0.79296875 0.00703125 0.0328125
4 0.7515625 0.396875 0.009375 0.03125
4 0.1796875 0.72109375 0.0125 0.0234375
4 0.76015625 0.7046875 0.00703125 0.01875
4 0.16015625 0.725 0.0125 0.025
1 0.60390625 0.2390625 0.0078125 0.028125
1 0.525 0.88125 0.0109375 0.03125
4 0.78125 0.33671875 0.01484375 0.0265625
4 0.75703125 0.3203125 0.0203125 0.034375
1 0.09140625 0.6875 0.01875 0.02265625
1 0.0890625 0.7109375 0.0296875 0.02421875
1 0.5125 0.87890625 0.0109375 0.04609375