3 0.40546875 0.540625 0.04375 0.04375
3 0.57109375 0.9265625 0.034375 0.078125
3 0.62109375 0.8875 0.0265625 0.071875
1 0.2765625 0.98671875 0.015625 0.0265625
1 0.290625 0.95546875 0.0125 0.0375
1 0.240625 0.86015625 0.0140625 0.0328125
1 0.740625 0.9328125 0.0140625 0.034375
1 0.77421875 0.80859375 0.015625 0.0328125
1 0.9015625 0.81953125 0.0203125 0.0359375
1 0.259375 0.93359375 0.0125 0.0328125
1 0.78984375 0.9125 0.0171875 0.0359375
1 0.87109375 0.81171875 0.0171875 0.0328125
1 0.2078125 0.88203125 0.0140625 0.0375
1 0.7953125 0.83046875 0.0171875 0.0390625
1 0.31484375 0.96953125 0.0125 0.0328125
1 0.7734375 0.8921875 0.0140625 0.0328125
1 0.8796875 0.784375 0.0171875 0.034375
1 0.275 0.95234375 0.0125 0.0359375
1 0.7296875 0.9515625 0.0125 0.0359375
1 0.225 0.9109375 0.0140625 0.0328125
1 0.81328125 0.81640625 0.0171875 0.034375
1 0.81640625 0.85 0.0140625 0.0328125
1 0.7859375 0.8640625 0.015625 0.0328125
1 0.790625 0.79375 0.0171875 0.03125
1 0.82890625 0.8421875 0.0171875 0.0390625
1 0.8609375 0.77734375 0.0140625 0.03125
1 0.74296875 0.85234375 0.0140625 0.034375
1 0.16640625 0.87265625 0.0140625 0.0328125
1 0.7328125 0.8828125 0.015625 0.0390625
1 0.2578125 0.87734375 0.0125 0.03125
1 0.7625 0.8375 0.015625 0.0375
1 0.2375 0.9421875 0.01875 0.0328125
1 0.84609375 0.80078125 0.0171875 0.034375
1 0.828125 0.8046875 0.0125 0.0296875
1 0.90390625 0.8484375 0.015625 0.0328125