3 0.584375 0.07734375 0.025 0.0765625
3 0.2953125 0.378125 0.0296875 0.0734375
3 0.53671875 0.7625 0.025 0.078125
1 0.16015625 0.8640625 0.0109375 0.03125
1 0.82890625 0.8546875 0.015625 0.0359375
1 0.66640625 0.97734375 0.0125 0.0359375
1 0.14921875 0.83203125 0.0125 0.03125
1 0.709375 0.94140625 0.0109375 0.03125
1 0.20234375 0.8390625 0.015625 0.0328125
1 0.7390625 0.88359375 0.0140625 0.0375
1 0.72265625 0.96328125 0.0140625 0.0359375
1 0.72109375 0.859375 0.015625 0.0328125
1 0.2203125 0.92734375 0.0109375 0.0328125
1 0.10234375 0.815625 0.0109375 0.03125
1 0.178125 0.8203125 0.0109375 0.0359375
1 0.684375 0.8984375 0.0140625 0.0328125
1 0.65390625 0.98671875 0.0109375 0.0265625
1 0.8453125 0.88828125 0.0203125 0.034375
1 0.66796875 0.92890625 0.0140625 0.0328125
1 0.196875 0.9140625 0.0109375 0.03125
1 0.2359375 0.94296875 0.0140625 0.0375
1 0.20703125 0.92265625 0.0109375 0.0375
1 0.696875 0.9421875 0.0125 0.034375
1 0.7578125 0.90859375 0.0109375 0.0296875
1 0.81328125 0.8421875 0.0140625 0.03125
1 0.740625 0.84921875 0.015625 0.03125
1 0.7234375 0.921875 0.0125 0.034375
1 0.7984375 0.853125 0.015625 0.0328125
1 0.77109375 0.90078125 0.0125 0.0375
1 0.69921875 0.8921875 0.0109375 0.0375
1 0.759375 0.8703125 0.0140625 0.03125
1 0.77578125 0.8640625 0.0125 0.0265625
1 0.14765625 0.88828125 0.0140625 0.03125
1 0.03984375 0.78984375 0.0171875 0.028125
1 0.2 0.9578125 0.015625 0.0359375
3 0.58125 0.32421875 0.0265625 0.0859375
3 0.54609375 0.5265625 0.0328125 0.071875
3 0.3734375 0.30234375 0.0359375 0.0875
3 0.2859375 0.30546875 0.0359375 0.0796875
3 0.1546875 0.5203125 0.053125 0.0546875