3 0.5546875 0.07265625 0.0234375 0.075
3 0.2875 0.39296875 0.028125 0.071875
3 0.55546875 0.759375 0.021875 0.0765625
1 0.18671875 0.88671875 0.009375 0.03125
1 0.85234375 0.83046875 0.0140625 0.0359375
1 0.69921875 0.96484375 0.0109375 0.0359375
1 0.1734375 0.85546875 0.0109375 0.03125
1 0.73984375 0.92578125 0.009375 0.03125
1 0.2265625 0.85859375 0.0140625 0.0328125
1 0.76484375 0.865625 0.0125 0.0375
1 0.7546875 0.94609375 0.0125 0.0359375
1 0.74609375 0.84375 0.0140625 0.0328125
1 0.25078125 0.94609375 0.009375 0.0328125
1 0.12578125 0.8421875 0.009375 0.03125
1 0.2015625 0.8421875 0.009375 0.0359375
1 0.71171875 0.884375 0.0125 0.0328125
1 0.68828125 0.97890625 0.009375 0.0328125
1 0.87109375 0.86328125 0.01875 0.0328125
1 0.696875 0.91640625 0.0125 0.0328125
1 0.2265625 0.934375 0.009375 0.03125
1 0.2671875 0.96015625 0.0125 0.0375
1 0.2375 0.9421875 0.009375 0.0375
1 0.72734375 0.92734375 0.0109375 0.034375
1 0.7859375 0.88984375 0.009375 0.0296875
1 0.8359375 0.81953125 0.0125 0.03125
1 0.7640625 0.83125 0.0140625 0.03125
1 0.75234375 0.9046875 0.0109375 0.034375
1 0.821875 0.83125 0.0140625 0.0328125
1 0.7984375 0.88046875 0.0109375 0.0375
1 0.72578125 0.87734375 0.009375 0.0375
1 0.784375 0.8515625 0.0125 0.03125
1 0.80078125 0.84375 0.0125 0.0265625
1 0.17578125 0.91171875 0.0125 0.03125
1 0.0609375 0.82109375 0.015625 0.0265625
1 0.2328125 0.97734375 0.0140625 0.0359375
3 0.56875 0.31875 0.0234375 0.084375
3 0.5484375 0.5234375 0.0296875 0.071875
3 0.36015625 0.31171875 0.0328125 0.0875
3 0.27265625 0.32109375 0.0328125 0.078125
3 0.15703125 0.54453125 0.0515625 0.053125