3 0.40859375 0.88671875 0.0375 0.078125
1 0.58671875 0.80546875 0.0109375 0.0328125
4 0.7625 0.428125 0.0125 0.0328125
4 0.15546875 0.68046875 0.015625 0.025
4 0.73359375 0.73515625 0.009375 0.01875
4 0.13515625 0.68203125 0.015625 0.0265625
1 0.63515625 0.25390625 0.0109375 0.028125
1 0.478125 0.88125 0.0140625 0.0328125
4 0.79921875 0.371875 0.01875 0.028125
4 0.77734375 0.353125 0.025 0.0359375
1 0.071875 0.6359375 0.021875 0.025
1 0.06640625 0.659375 0.0328125 0.028125
1 0.46640625 0.87734375 0.0171875 0.046875