3 0.3984375 0.51640625 0.0453125 0.04375
3 0.465625 0.93046875 0.0375 0.078125
3 0.5234375 0.9046875 0.0296875 0.071875
1 0.16484375 0.921875 0.015625 0.0328125
1 0.18671875 0.89140625 0.0140625 0.0390625
1 0.16171875 0.78671875 0.015625 0.0328125
1 0.628125 0.978125 0.015625 0.034375
1 0.69140625 0.86640625 0.0171875 0.0328125
1 0.81171875 0.90703125 0.0203125 0.0359375
1 0.16171875 0.8625 0.0140625 0.0328125
1 0.68125 0.9703125 0.0171875 0.0359375
1 0.78515625 0.8921875 0.01875 0.0328125
1 0.12421875 0.8 0.015625 0.0375
1 0.70703125 0.8921875 0.01875 0.0390625
1 0.20625 0.9109375 0.0125 0.034375
1 0.67109375 0.946875 0.015625 0.0328125
1 0.79921875 0.86796875 0.0171875 0.034375
1 0.171875 0.884375 0.0140625 0.0359375
1 0.61328125 0.9875 0.0140625 0.025
1 0.13359375 0.83203125 0.015625 0.0328125
1 0.72734375 0.8828125 0.0171875 0.034375
1 0.72265625 0.91640625 0.015625 0.0328125
1 0.6890625 0.92265625 0.0171875 0.0328125
1 0.7109375 0.85546875 0.01875 0.03125
1 0.73671875 0.91171875 0.01875 0.0390625
1 0.7828125 0.85625 0.015625 0.03125
1 0.65078125 0.90078125 0.015625 0.034375
1 0.0859375 0.78125 0.015625 0.0328125
1 0.63359375 0.92734375 0.0171875 0.0390625
1 0.1734375 0.8078125 0.0125 0.0328125
1 0.67265625 0.89140625 0.0171875 0.0375
1 0.13828125 0.865625 0.01875 0.0328125
1 0.7625 0.875 0.01875 0.034375
1 0.74453125 0.875 0.0125 0.0296875
1 0.8078125 0.9359375 0.0171875 0.0328125