3 0.5921875 0.07890625 0.0265625 0.0765625
3 0.29765625 0.375 0.03125 0.0734375
3 0.5328125 0.76328125 0.025 0.078125
1 0.15390625 0.8578125 0.0109375 0.03125
1 0.82265625 0.86015625 0.015625 0.0375
1 0.65859375 0.98046875 0.0140625 0.0359375
1 0.14375 0.82578125 0.0125 0.03125
1 0.7015625 0.94453125 0.0109375 0.03125
1 0.19609375 0.83359375 0.015625 0.034375
1 0.73203125 0.8875 0.0140625 0.0375
1 0.71484375 0.9671875 0.0140625 0.0359375
1 0.71484375 0.86328125 0.015625 0.034375
1 0.2125 0.92265625 0.0109375 0.0328125
1 0.096875 0.80859375 0.0109375 0.03125
1 0.17265625 0.81484375 0.0125 0.0359375
1 0.67734375 0.9015625 0.0140625 0.0328125
1 0.64453125 0.98828125 0.0109375 0.0234375
1 0.83828125 0.89375 0.0203125 0.034375
1 0.66015625 0.93203125 0.0140625 0.0328125
1 0.18984375 0.909375 0.0109375 0.03125
1 0.228125 0.93828125 0.015625 0.0375
1 0.2 0.91796875 0.0125 0.0375
1 0.6890625 0.9453125 0.0140625 0.034375
1 0.75078125 0.91328125 0.0109375 0.0296875
1 0.80703125 0.846875 0.0140625 0.0328125
1 0.734375 0.853125 0.015625 0.0328125
1 0.71640625 0.92578125 0.0140625 0.034375
1 0.7921875 0.8578125 0.015625 0.034375
1 0.7640625 0.90546875 0.0140625 0.0375
1 0.6921875 0.8953125 0.0109375 0.0375
1 0.75234375 0.875 0.0140625 0.03125
1 0.76953125 0.86875 0.0140625 0.0265625
1 0.14140625 0.88203125 0.0140625 0.0328125
1 0.034375 0.78125 0.0171875 0.028125
1 0.1921875 0.95234375 0.015625 0.0375
3 0.584375 0.32578125 0.028125 0.0859375
3 0.54609375 0.52734375 0.034375 0.0734375
3 0.3765625 0.3 0.0375 0.0890625
3 0.2890625 0.30234375 0.0375 0.0796875
3 0.1546875 0.5140625 0.053125 0.05625