1 0.86484375 0.81875 0.0140625 0.03125
3 0.2765625 0.37109375 0.03125 0.06875
1 0.21640625 0.8421875 0.0109375 0.0328125
1 0.7765625 0.8203125 0.0125 0.028125
1 0.74375 0.8609375 0.0125 0.0359375
3 0.55859375 0.86484375 0.025 0.0859375
1 0.2828125 0.95859375 0.0109375 0.0359375
1 0.88203125 0.85078125 0.0171875 0.034375
1 0.234375 0.859375 0.0140625 0.034375
1 0.7578125 0.83515625 0.015625 0.03125
1 0.23046875 0.91953125 0.0109375 0.0296875
1 0.259375 0.94375 0.0109375 0.0359375
1 0.77109375 0.9203125 0.0140625 0.034375
1 0.74375 0.9171875 0.0140625 0.0328125
1 0.703125 0.97265625 0.0125 0.03125
1 0.2 0.384375 0.0140625 0.0296875
1 0.18203125 0.8609375 0.0109375 0.034375
1 0.79609375 0.83984375 0.0109375 0.03125
1 0.60703125 0.73359375 0.015625 0.0375
1 0.19609375 0.8921875 0.0125 0.03125
1 0.18828125 0.7921875 0.015625 0.025
1 0.77734375 0.84609375 0.0125 0.0296875
1 0.7140625 0.95390625 0.0125 0.03125
1 0.2421875 0.978125 0.0125 0.03125
1 0.2453125 0.94140625 0.0109375 0.0328125
1 0.271875 0.95625 0.009375 0.0328125
1 0.834375 0.8234375 0.0140625 0.0359375
1 0.71171875 0.90546875 0.0125 0.0375
1 0.32109375 0.5171875 0.0109375 0.03125
1 0.85234375 0.809375 0.0109375 0.03125
1 0.73125 0.87265625 0.0140625 0.0359375
1 0.79296875 0.8890625 0.0125 0.0359375
1 0.80859375 0.87578125 0.0125 0.0375
1 0.76484375 0.8890625 0.0125 0.03125
1 0.8171875 0.8390625 0.0125 0.03125
1 0.88203125 0.884375 0.0125 0.0328125
1 0.63125 0.80234375 0.0078125 0.0328125
1 0.9734375 0.79921875 0.0140625 0.046875
3 0.3609375 0.2625 0.034375 0.10625
3 0.57734375 0.63984375 0.0328125 0.0890625
3 0.52734375 0.89296875 0.0328125 0.08125