3 0.246875 0.571875 0.0453125 0.040625
1 0.88515625 0.85390625 0.0171875 0.03125
3 0.11875 0.575 0.0421875 0.034375
3 0.565625 0.08515625 0.021875 0.06875
3 0.56796875 0.9296875 0.025 0.0734375
3 0.58515625 0.8671875 0.028125 0.0828125
3 0.77578125 0.51953125 0.04375 0.0375
1 0.6296875 0.8828125 0.009375 0.03125
1 0.778125 0.86484375 0.0125 0.0296875
1 0.7984375 0.8453125 0.0125 0.028125
1 0.2890625 0.97109375 0.0125 0.0328125
1 0.809375 0.8421875 0.0125 0.03125
1 0.865625 0.81953125 0.015625 0.0328125
1 0.23828125 0.8609375 0.0109375 0.0328125
1 0.21484375 0.84609375 0.0125 0.0359375
1 0.77890625 0.82421875 0.0140625 0.025
1 0.74375 0.921875 0.0140625 0.0328125
1 0.77421875 0.92578125 0.0140625 0.0328125
1 0.2375 0.8109375 0.0171875 0.0375
1 0.71171875 0.91484375 0.0109375 0.0328125
1 0.79375 0.89921875 0.0140625 0.03125
1 0.7265625 0.8765625 0.0109375 0.0328125
1 0.721875 0.88984375 0.0125 0.028125
1 0.81796875 0.8375 0.0140625 0.0296875
1 0.2609375 0.94921875 0.0125 0.034375
1 0.6578125 0.85703125 0.009375 0.03125
1 0.1796875 0.85859375 0.0109375 0.03125
1 0.24453125 0.94375 0.0140625 0.034375
1 0.27265625 0.95703125 0.0140625 0.03125
1 0.76015625 0.8375 0.0125 0.0328125
1 0.7984375 0.88515625 0.0125 0.0265625
1 0.71640625 0.90234375 0.0109375 0.0296875
1 0.64609375 0.82734375 0.009375 0.028125
1 0.703125 0.9765625 0.0125 0.0328125
1 0.7703125 0.94296875 0.0109375 0.03125
1 0.75390625 0.9203125 0.0125 0.028125
1 0.73359375 0.87890625 0.009375 0.0296875
1 0.740625 0.87578125 0.0125 0.028125
1 0.74609375 0.8640625 0.0109375 0.0296875
1 0.7640625 0.896875 0.009375 0.0234375
1 0.7765625 0.84140625 0.0125 0.0234375
1 0.8078125 0.884375 0.009375 0.0265625
1 0.8125 0.8734375 0.009375 0.025
1 0.76953125 0.87890625 0.015625 0.0296875
1 0.9 0.878125 0.009375 0.0375
1 0.8890625 0.8890625 0.015625 0.028125
1 0.85078125 0.8125 0.0140625 0.028125
1 0.8375 0.8171875 0.015625 0.025
1 0.83671875 0.8328125 0.0171875 0.0203125
1 0.28125 0.9640625 0.0125 0.0328125
1 0.253125 0.94609375 0.0109375 0.03125
1 0.24140625 0.98203125 0.0125 0.0265625
1 0.23359375 0.9390625 0.0125 0.034375
1 0.22734375 0.9203125 0.0109375 0.0265625
1 0.19453125 0.890625 0.0125 0.028125
1 0.19375 0.85 0.0078125 0.0296875
1 0.20546875 0.8484375 0.0109375 0.0328125
1 0.2296875 0.86015625 0.0140625 0.0328125
1 0.22890625 0.79375 0.0140625 0.0234375
1 0.13203125 0.85 0.0078125 0.0328125
1 0.165625 0.8703125 0.00625 0.034375
1 0.17421875 0.909375 0.0109375 0.0265625
1 0.18828125 0.91171875 0.0078125 0.028125
1 0.1421875 0.8640625 0.0109375 0.03125
1 0.2 0.93203125 0.0140625 0.034375
1 0.21953125 0.95859375 0.015625 0.034375
1 0.2125 0.94765625 0.0171875 0.0296875
4 0.26875 0.0953125 0.009375 0.01875
4 0.2328125 0.0296875 0.0078125 0.0203125