1 0.853125 0.83125 0.0125 0.03125
3 0.28125 0.36328125 0.0296875 0.0671875
1 0.2046875 0.83203125 0.009375 0.0328125
1 0.76484375 0.8296875 0.01171875 0.028125
1 0.73125 0.86953125 0.01171875 0.0359375
3 0.54609375 0.86640625 0.021875 0.0859375
1 0.2671875 0.95078125 0.009375 0.0359375
1 0.86953125 0.8640625 0.015625 0.034375
1 0.221875 0.85 0.01328125 0.034375
1 0.74609375 0.84375 0.01484375 0.03125
1 0.215625 0.91015625 0.009375 0.0296875
1 0.24375 0.93515625 0.009375 0.0359375
1 0.75625 0.9296875 0.0125 0.034375
1 0.72890625 0.92578125 0.01328125 0.0328125
1 0.68671875 0.9796875 0.0109375 0.03125
1 0.20390625 0.37421875 0.01328125 0.0296875
1 0.16953125 0.85 0.009375 0.034375
1 0.784375 0.85 0.009375 0.03125
1 0.5984375 0.7375 0.0140625 0.0375
1 0.1828125 0.88125 0.0109375 0.03125
1 0.178125 0.78125 0.01484375 0.025
1 0.76484375 0.85546875 0.0109375 0.0296875
1 0.6984375 0.9609375 0.0109375 0.03125
1 0.22578125 0.96875 0.01171875 0.03125
1 0.2296875 0.93203125 0.009375 0.0328125
1 0.25625 0.94765625 0.00859375 0.0328125
1 0.82265625 0.83515625 0.01328125 0.0359375
1 0.69765625 0.9125 0.0109375 0.0375
1 0.3203125 0.5109375 0.009375 0.03125
1 0.84140625 0.821875 0.009375 0.03125
1 0.71796875 0.88046875 0.0125 0.0359375
1 0.77890625 0.89921875 0.01171875 0.0359375
1 0.7953125 0.8859375 0.0109375 0.0375
1 0.75078125 0.8984375 0.01171875 0.03125
1 0.80546875 0.85 0.0109375 0.03125
1 0.86875 0.89765625 0.0109375 0.0328125
1 0.6203125 0.80703125 0.00703125 0.0328125
1 0.9625 0.815625 0.0125 0.046875
3 0.36953125 0.2578125 0.03046875 0.10546875
3 0.57265625 0.6421875 0.03046875 0.08828125
3 0.51328125 0.89375 0.0296875 0.0796875