1 0.83515625 0.84921875 0.0140625 0.03125
3 0.2890625 0.35234375 0.0328125 0.06875
1 0.1875 0.81640625 0.0109375 0.0328125
1 0.746875 0.84296875 0.0125 0.028125
1 0.71171875 0.88125 0.0140625 0.0359375
3 0.5265625 0.86796875 0.0265625 0.0875
1 0.24375 0.93828125 0.0109375 0.0359375
1 0.85 0.8828125 0.0171875 0.034375
1 0.20390625 0.83515625 0.015625 0.034375
1 0.728125 0.85625 0.0171875 0.03125
1 0.19453125 0.89453125 0.0109375 0.0296875
1 0.22109375 0.92109375 0.0109375 0.0359375
1 0.73359375 0.9421875 0.0140625 0.034375
1 0.70625 0.9375 0.015625 0.0328125
1 0.6609375 0.98671875 0.0125 0.0265625
1 0.2109375 0.35859375 0.0140625 0.0296875
1 0.1515625 0.83203125 0.0109375 0.034375
1 0.765625 0.8640625 0.0109375 0.03125
1 0.5859375 0.7421875 0.015625 0.0375
1 0.16328125 0.8640625 0.0125 0.03125
1 0.1640625 0.7640625 0.015625 0.025
1 0.74609375 0.86875 0.0125 0.0296875
1 0.67421875 0.9703125 0.0125 0.03125
1 0.2015625 0.95390625 0.0140625 0.03125
1 0.2078125 0.9171875 0.0109375 0.0328125
1 0.2328125 0.934375 0.0109375 0.0328125
1 0.8046875 0.8515625 0.015625 0.0359375
1 0.67578125 0.92265625 0.0125 0.0375
1 0.3203125 0.5015625 0.0109375 0.03125
1 0.82421875 0.8390625 0.0109375 0.03125
1 0.69765625 0.89140625 0.0140625 0.0359375
1 0.7578125 0.91328125 0.0140625 0.0359375
1 0.775 0.90078125 0.0125 0.0375
1 0.7296875 0.9109375 0.0140625 0.03125
1 0.78671875 0.865625 0.0125 0.03125
1 0.84765625 0.91640625 0.0125 0.0328125
1 0.60390625 0.81328125 0.009375 0.0328125
1 0.9453125 0.8390625 0.015625 0.046875
3 0.38203125 0.2515625 0.0359375 0.10625
3 0.56484375 0.64609375 0.034375 0.0890625
3 0.49296875 0.89375 0.034375 0.08125