1 0.9046875 0.84765625 0.0203125 0.0359375
3 0.28203125 0.33125 0.0375 0.084375
1 0.309375 0.984375 0.0125 0.03125
3 0.38046875 0.48515625 0.03125 0.0765625
1 0.83671875 0.83359375 0.0171875 0.03125
1 0.73203125 0.9140625 0.0109375 0.0328125
1 0.81484375 0.89609375 0.0140625 0.0359375
1 0.22578125 0.86328125 0.0109375 0.0328125
1 0.796875 0.8609375 0.015625 0.034375
1 0.79453125 0.81953125 0.0140625 0.0265625
1 0.7421875 0.88828125 0.0125 0.028125
1 0.76484375 0.8640625 0.015625 0.034375
1 0.3015625 0.98359375 0.0140625 0.0328125
1 0.88203125 0.8125 0.0171875 0.034375
1 0.7640625 0.92109375 0.015625 0.0375
1 0.778125 0.83515625 0.015625 0.0328125
1 0.82734375 0.87734375 0.0140625 0.0328125
1 0.8171875 0.84140625 0.0140625 0.0328125
1 0.7265625 0.96953125 0.0125 0.0234375
1 0.79296875 0.91953125 0.015625 0.0328125
1 0.25078125 0.87734375 0.015625 0.034375
1 0.24453125 0.93984375 0.0125 0.028125
1 0.3859375 0.740625 0.0109375 0.03125
1 0.7859375 0.8921875 0.0140625 0.0296875
1 0.26953125 0.96484375 0.0109375 0.0359375
1 0.86171875 0.80625 0.0140625 0.028125
1 0.28125 0.96875 0.0125 0.0359375
1 0.2546875 0.95859375 0.0125 0.0328125
1 0.73671875 0.90234375 0.0125 0.03125
1 0.134375 0.4671875 0.0203125 0.0203125
1 0.1 0.76640625 0.021875 0.0203125
1 0.2640625 0.99453125 0.015625 0.0109375
1 0.21328125 0.9125 0.015625 0.0296875
1 0.146875 0.875 0.0125 0.0328125
1 0.23984375 0.98046875 0.0140625 0.028125
1 0.2203125 0.87109375 0.0140625 0.0296875
1 0.1953125 0.8828125 0.0109375 0.0296875
1 0.21875 0.9546875 0.0140625 0.03125
1 0.22421875 0.96484375 0.0109375 0.025
1 0.23125 0.97421875 0.0125 0.028125
1 0.19296875 0.9328125 0.0109375 0.0265625
1 0.18203125 0.89453125 0.0109375 0.0328125
1 0.19140625 0.903125 0.0125 0.0328125
1 0.29375 0.97578125 0.0125 0.028125
1 0.79296875 0.94140625 0.0140625 0.0375
1 0.8546875 0.8296875 0.01875 0.0203125
1 0.85625 0.8125 0.0171875 0.025
1 0.9203125 0.87109375 0.0125 0.040625
1 0.909375 0.88515625 0.01875 0.0359375
1 0.7453125 0.87578125 0.0125 0.028125
1 0.75234375 0.878125 0.0125 0.0296875
1 0.759375 0.871875 0.0125 0.025
1 0.7953125 0.8375 0.0125 0.025
1 0.7890625 0.87578125 0.0171875 0.03125
1 0.828125 0.83828125 0.015625 0.0328125
1 0.8328125 0.86953125 0.0125 0.025
1 0.81953125 0.88125 0.0109375 0.0265625
4 0.296875 0.16328125 0.0109375 0.025
4 0.8546875 0.7390625 0.0140625 0.0234375