1 0.87265625 0.88125 0.01796875 0.034375
3 0.29765625 0.31328125 0.03046875 0.0828125
1 0.26796875 0.96875 0.009375 0.0375
3 0.38203125 0.475 0.025 0.075
1 0.80625 0.86171875 0.0140625 0.0296875
1 0.6953125 0.9328125 0.00859375 0.0328125
1 0.77890625 0.921875 0.0109375 0.034375
1 0.1953125 0.83828125 0.00859375 0.0328125
1 0.7640625 0.88515625 0.01328125 0.0328125
1 0.765625 0.84375 0.01171875 0.025
1 0.7078125 0.9078125 0.009375 0.02734375
1 0.73203125 0.8859375 0.0125 0.0328125
1 0.26015625 0.96484375 0.01171875 0.03125
1 0.853125 0.84453125 0.0140625 0.0328125
1 0.7265625 0.9421875 0.0125 0.0359375
1 0.74765625 0.8578125 0.0125 0.03125
1 0.79296875 0.9046875 0.0109375 0.03125
1 0.7859375 0.86796875 0.01171875 0.03125
1 0.68515625 0.9875 0.0109375 0.021875
1 0.75546875 0.94375 0.0125 0.03125
1 0.21875 0.85390625 0.0125 0.0328125
1 0.20703125 0.915625 0.009375 0.028125
1 0.365625 0.7296875 0.00859375 0.03125
1 0.75078125 0.915625 0.0109375 0.028125
1 0.2296875 0.94296875 0.00859375 0.0359375
1 0.83359375 0.83671875 0.0125 0.0265625
1 0.24140625 0.94765625 0.009375 0.0359375
1 0.215625 0.93515625 0.009375 0.0328125
1 0.70078125 0.92109375 0.009375 0.03125
1 0.13828125 0.43515625 0.01953125 0.01796875
1 0.078125 0.73046875 0.0203125 0.01796875
1 0.221875 0.98203125 0.0125 0.028125
1 0.178125 0.8859375 0.01328125 0.028125
1 0.115625 0.84296875 0.01015625 0.0328125
1 0.19921875 0.95625 0.01171875 0.02734375
1 0.1890625 0.8453125 0.0109375 0.02890625
1 0.16328125 0.8546875 0.00859375 0.0296875
1 0.18046875 0.928125 0.01171875 0.03046875
1 0.184375 0.9390625 0.009375 0.025
1 0.190625 0.94921875 0.01015625 0.02734375
1 0.15625 0.9046875 0.009375 0.0265625
1 0.1484375 0.865625 0.0078125 0.03203125
1 0.15703125 0.875 0.009375 0.0328125
1 0.253125 0.95625 0.0109375 0.0265625
1 0.753125 0.965625 0.01015625 0.03671875
1 0.82421875 0.859375 0.01640625 0.01953125
1 0.82734375 0.8421875 0.015625 0.02421875
1 0.88671875 0.90625 0.009375 0.03984375
1 0.87421875 0.91953125 0.015625 0.03515625
1 0.71171875 0.89609375 0.009375 0.028125
1 0.71875 0.8984375 0.009375 0.0296875
1 0.72578125 0.89296875 0.0109375 0.0234375
1 0.76484375 0.86171875 0.0109375 0.02421875
1 0.75546875 0.89921875 0.0140625 0.03046875
1 0.79765625 0.865625 0.0125 0.03125
1 0.79921875 0.896875 0.01015625 0.0234375
1 0.78515625 0.9078125 0.009375 0.0265625
4 0.32734375 0.146875 0.009375 0.025
4 0.8328125 0.76875 0.01171875 0.021875