1 0.8984375 0.8546875 0.0203125 0.0359375
3 0.28515625 0.328125 0.0359375 0.084375
1 0.3015625 0.98203125 0.0125 0.0359375
3 0.38046875 0.48359375 0.0296875 0.0765625
1 0.83046875 0.83984375 0.015625 0.03125
1 0.725 0.91796875 0.0109375 0.0328125
1 0.8078125 0.9015625 0.0140625 0.034375
1 0.21953125 0.85859375 0.0109375 0.0328125
1 0.790625 0.865625 0.015625 0.034375
1 0.7890625 0.82421875 0.0140625 0.025
1 0.7359375 0.8921875 0.0109375 0.028125
1 0.75859375 0.86875 0.0140625 0.034375
1 0.29296875 0.98046875 0.0140625 0.03125
1 0.8765625 0.81875 0.015625 0.034375
1 0.75703125 0.925 0.015625 0.0375
1 0.771875 0.83984375 0.0140625 0.0328125
1 0.8203125 0.88359375 0.0125 0.03125
1 0.8109375 0.846875 0.0140625 0.03125
1 0.71875 0.9734375 0.0125 0.021875
1 0.7859375 0.925 0.0140625 0.0328125
1 0.24375 0.87265625 0.0140625 0.034375
1 0.23671875 0.93515625 0.0109375 0.028125
1 0.38203125 0.73828125 0.0109375 0.03125
1 0.77890625 0.896875 0.0125 0.028125
1 0.2609375 0.9609375 0.0109375 0.0359375
1 0.85625 0.8125 0.0140625 0.028125
1 0.2734375 0.96484375 0.0125 0.0359375
1 0.246875 0.95390625 0.0109375 0.0328125
1 0.7296875 0.90625 0.0109375 0.03125
1 0.134375 0.46015625 0.0203125 0.01875
1 0.0953125 0.759375 0.021875 0.01875
1 0.25546875 0.9921875 0.0140625 0.015625
1 0.20546875 0.9078125 0.015625 0.0296875
1 0.140625 0.86875 0.0125 0.0328125
1 0.23203125 0.97578125 0.0140625 0.028125
1 0.2140625 0.86640625 0.0125 0.0296875
1 0.1890625 0.87734375 0.0109375 0.0296875
1 0.2109375 0.94921875 0.0140625 0.03125
1 0.215625 0.96015625 0.0109375 0.025
1 0.22265625 0.96953125 0.0125 0.028125
1 0.18515625 0.92734375 0.0109375 0.0265625
1 0.175 0.8890625 0.009375 0.0328125
1 0.184375 0.89765625 0.0109375 0.0328125
1 0.2859375 0.97265625 0.0125 0.0265625
1 0.78515625 0.946875 0.0125 0.0375
1 0.8484375 0.8359375 0.0171875 0.0203125
1 0.85078125 0.81875 0.0171875 0.025
1 0.9140625 0.878125 0.0125 0.040625
1 0.90234375 0.8921875 0.01875 0.0359375
1 0.7390625 0.88046875 0.0109375 0.028125
1 0.74609375 0.88203125 0.0109375 0.0296875
1 0.75234375 0.8765625 0.0125 0.0234375
1 0.7890625 0.8421875 0.0125 0.025
1 0.7828125 0.88046875 0.015625 0.03125
1 0.82265625 0.84375 0.0140625 0.0328125
1 0.8265625 0.875 0.0125 0.0234375
1 0.81328125 0.88671875 0.0109375 0.0265625
4 0.303125 0.16015625 0.0109375 0.025
4 0.85078125 0.74453125 0.0125 0.021875