3 0.321875 0.25078125 0.0328125 0.0734375
3 0.59375 0.11015625 0.025 0.0734375
3 0.51796875 0.81328125 0.0234375 0.0703125
1 0.175 0.78359375 0.0140625 0.0359375
3 0.5 0.98203125 0.0265625 0.0359375
1 0.821875 0.8421875 0.015625 0.0359375
1 0.73359375 0.8359375 0.015625 0.0328125
1 0.690625 0.92578125 0.0171875 0.0375
1 0.72890625 0.8734375 0.015625 0.0390625
1 0.22578125 0.90703125 0.0140625 0.0375
1 0.18125 0.859375 0.0109375 0.0296875
1 0.83828125 0.8796875 0.0171875 0.034375
1 0.67890625 0.88046875 0.0125 0.03125
1 0.71484375 0.84453125 0.0140625 0.034375
1 0.15234375 0.8265625 0.0140625 0.0328125
1 0.20390625 0.88671875 0.0140625 0.0375
1 0.09765625 0.77265625 0.0109375 0.03125
1 0.71328125 0.95234375 0.0140625 0.0359375
1 0.2140625 0.81171875 0.0109375 0.03125
1 0.72109375 0.9953125 0.0109375 0.009375
1 0.6609375 0.91171875 0.0140625 0.0359375
1 0.696875 0.8765625 0.015625 0.0390625
1 0.64375 0.97265625 0.0140625 0.0359375
1 0.190625 0.921875 0.0140625 0.0328125
1 0.14140625 0.7921875 0.0109375 0.0328125
1 0.19765625 0.80234375 0.009375 0.0328125
1 0.35625 0.29453125 0.0140625 0.0265625
1 0.78828125 0.85078125 0.0171875 0.0328125
1 0.04140625 0.78125 0.0234375 0.0328125
1 0.7546875 0.89453125 0.0140625 0.03125
1 0.74140625 0.91171875 0.0140625 0.0375
1 0.23515625 0.9125 0.0109375 0.0375
1 0.2140625 0.8921875 0.0109375 0.0375
1 0.7140625 0.9 0.015625 0.0359375
1 0.03203125 0.7484375 0.01875 0.025
1 0.071875 0.784375 0.01875 0.034375
1 0.80625 0.83203125 0.0140625 0.0296875
1 0.76796875 0.8515625 0.0140625 0.03125
1 0.7515625 0.8578125 0.015625 0.0359375
3 0.5828125 0.80625 0.0390625 0.0734375