3 0.37421875 0.30859375 0.0328125 0.04375
3 0.61875 0.80546875 0.0421875 0.040625
3 0.57890625 0.928125 0.028125 0.078125
3 0.8421875 0.4625 0.0296875 0.05
3 0.16875 0.20078125 0.0265625 0.034375
3 0.26328125 0.84609375 0.0421875 0.06875
3 0.75 0.78125 0.0234375 0.06875
3 0.459375 0.39453125 0.028125 0.04375
1 0.43359375 0.9875 0.009375 0.0234375
4 0.27734375 0.97109375 0.0109375 0.0328125
1 0.08125 0.20078125 0.0109375 0.01875
1 0.065625 0.18359375 0.009375 0.01875
1 0.071875 0.18828125 0.0109375 0.01875
1 0.0453125 0.13046875 0.009375 0.015625
1 0.0484375 0.1359375 0.0109375 0.0171875
1 0.06796875 0.1578125 0.0109375 0.0171875
1 0.05625 0.140625 0.0109375 0.0171875
1 0.059375 0.14765625 0.009375 0.0171875
1 0.16328125 0.025 0.0078125 0.01875
1 0.1390625 0.00625 0.009375 0.0125
1 0.1453125 0.0078125 0.009375 0.015625
1 0.27578125 0.025 0.0109375 0.0171875
1 0.28125 0.01953125 0.009375 0.0171875
1 0.28671875 0.01171875 0.009375 0.0125
1 0.28984375 0.00703125 0.0109375 0.0140625
1 0.29375 0.00546875 0.009375 0.0109375
4 0.2828125 0.17578125 0.00625 0.021875
4 0.27265625 0.178125 0.00625 0.025
4 0.25625 0.19375 0.0078125 0.0234375
4 0.2640625 0.17421875 0.00625 0.025
1 0.409375 0.37734375 0.0125 0.0203125
1 0.44765625 0.57890625 0.0078125 0.028125
4 0.37734375 0.4859375 0.00625 0.0140625
4 0.38046875 0.4796875 0.00625 0.015625
4 0.928125 0.85546875 0.0125 0.025