3 0.36171875 0.31796875 0.034375 0.0453125
3 0.63984375 0.79609375 0.04375 0.0421875
3 0.60859375 0.92109375 0.03125 0.0796875
3 0.83828125 0.43828125 0.03125 0.0515625
3 0.1484375 0.22421875 0.028125 0.0359375
3 0.28828125 0.86171875 0.0453125 0.0703125
3 0.76875 0.7625 0.0265625 0.0703125
3 0.45234375 0.39765625 0.0296875 0.0453125
1 0.46796875 0.9890625 0.0109375 0.021875
4 0.3109375 0.984375 0.0125 0.03125
1 0.0609375 0.23046875 0.0109375 0.01875
1 0.04453125 0.21484375 0.009375 0.01875
1 0.05078125 0.21953125 0.0109375 0.01875
1 0.02109375 0.16328125 0.0109375 0.015625
1 0.02421875 0.16796875 0.0125 0.0171875
1 0.04453125 0.1890625 0.0125 0.0171875
1 0.03203125 0.17265625 0.0109375 0.0171875
1 0.0359375 0.1796875 0.0109375 0.0171875
1 0.13046875 0.05 0.009375 0.01875
1 0.10546875 0.03046875 0.0109375 0.0171875
1 0.11171875 0.0328125 0.009375 0.01875
1 0.24296875 0.04140625 0.0109375 0.0171875
1 0.24765625 0.0359375 0.0109375 0.0171875
1 0.253125 0.028125 0.009375 0.0125
1 0.25625 0.0234375 0.0109375 0.015625
1 0.259375 0.01953125 0.009375 0.015625
4 0.2609375 0.19140625 0.00625 0.021875
4 0.25078125 0.19453125 0.00625 0.025
4 0.23515625 0.21171875 0.0078125 0.0234375
4 0.2421875 0.19140625 0.0078125 0.025
1 0.40078125 0.38359375 0.0140625 0.0203125
1 0.453125 0.58203125 0.009375 0.028125
4 0.3765625 0.49453125 0.00625 0.0140625
4 0.3796875 0.48828125 0.00625 0.015625
4 0.95234375 0.82421875 0.0125 0.025