3 0.3046875 0.2640625 0.02734375 0.071875
3 0.56640625 0.1046875 0.01953125 0.071875
3 0.53984375 0.8109375 0.01875 0.06875
1 0.1953125 0.80546875 0.01171875 0.0359375
3 0.53359375 0.98125 0.025 0.034375
1 0.8453125 0.81875 0.0125 0.034375
1 0.75625 0.81875 0.0140625 0.03125
1 0.71953125 0.91171875 0.0140625 0.0359375
1 0.7546875 0.85625 0.01328125 0.0375
1 0.2546875 0.925 0.0109375 0.0375
1 0.20703125 0.88046875 0.009375 0.0296875
1 0.8640625 0.85546875 0.015625 0.0328125
1 0.7046875 0.8671875 0.0109375 0.03125
1 0.73828125 0.82890625 0.0125 0.0328125
1 0.17578125 0.85 0.0125 0.03125
1 0.23125 0.90625 0.0109375 0.0375
1 0.11796875 0.8 0.00859375 0.03125
1 0.74453125 0.93671875 0.01171875 0.0359375
1 0.23671875 0.83125 0.00859375 0.03125
1 0.75625 0.98671875 0.009375 0.0234375
1 0.6890625 0.89921875 0.01171875 0.0359375
1 0.72265625 0.86171875 0.0125 0.0390625
1 0.6765625 0.96171875 0.01171875 0.0359375
1 0.22109375 0.9421875 0.0125 0.03125
1 0.1625 0.81640625 0.00859375 0.0328125
1 0.21953125 0.82265625 0.0078125 0.0328125
1 0.3421875 0.3046875 0.0125 0.025
1 0.81171875 0.8296875 0.015625 0.03125
1 0.0625 0.8125 0.02109375 0.03125
1 0.78125 0.87578125 0.0125 0.0296875
1 0.76953125 0.89375 0.0109375 0.0375
1 0.26484375 0.9296875 0.00859375 0.0375
1 0.2421875 0.9109375 0.0078125 0.0375
1 0.74140625 0.884375 0.0125 0.034375
1 0.05078125 0.78046875 0.01640625 0.0234375
1 0.09296875 0.81328125 0.01640625 0.0328125
1 0.82890625 0.81015625 0.01171875 0.0296875
1 0.7921875 0.83203125 0.0125 0.0296875
1 0.77578125 0.8390625 0.01328125 0.034375
3 0.60390625 0.8 0.03359375 0.071875