3 0.3390625 0.2390625 0.0375 0.075
3 0.62109375 0.11796875 0.0296875 0.0734375
3 0.49609375 0.81328125 0.028125 0.0703125
1 0.15546875 0.76015625 0.0171875 0.0375
3 0.46640625 0.98125 0.0296875 0.0375
1 0.79765625 0.8640625 0.0171875 0.0359375
1 0.709375 0.8515625 0.01875 0.0328125
1 0.66015625 0.93828125 0.01875 0.0375
1 0.70234375 0.88828125 0.01875 0.0390625
1 0.19765625 0.88671875 0.015625 0.0390625
1 0.15703125 0.8359375 0.0140625 0.03125
1 0.8109375 0.90234375 0.0203125 0.034375
1 0.6515625 0.8921875 0.015625 0.0328125
1 0.68984375 0.85859375 0.0171875 0.034375
1 0.13046875 0.8015625 0.0171875 0.0328125
1 0.17734375 0.86484375 0.015625 0.0390625
1 0.0796875 0.74375 0.0125 0.0328125
1 0.68125 0.96640625 0.0171875 0.0375
1 0.19296875 0.79140625 0.0125 0.0328125
1 0.63203125 0.921875 0.0171875 0.0375
1 0.6703125 0.8890625 0.0171875 0.040625
1 0.61015625 0.98125 0.0171875 0.0375
1 0.1625 0.89921875 0.0171875 0.0328125
1 0.121875 0.76640625 0.0125 0.034375
1 0.17734375 0.78046875 0.0125 0.0328125
1 0.37109375 0.284375 0.015625 0.0265625
1 0.7625 0.86953125 0.0203125 0.0328125
1 0.0234375 0.7484375 0.025 0.034375
1 0.7265625 0.9109375 0.0171875 0.03125
1 0.71171875 0.92734375 0.015625 0.0390625
1 0.20703125 0.89296875 0.0140625 0.0390625
1 0.1875 0.87109375 0.0125 0.0375
1 0.6859375 0.9140625 0.0171875 0.0359375
1 0.01640625 0.71484375 0.01875 0.025
1 0.053125 0.75390625 0.0203125 0.034375
1 0.7828125 0.853125 0.015625 0.03125
1 0.74296875 0.86953125 0.0171875 0.03125
1 0.72578125 0.87421875 0.0171875 0.0359375
3 0.5609375 0.81171875 0.04375 0.0765625