3 0.31328125 0.25703125 0.0296875 0.0734375
3 0.58046875 0.10703125 0.021875 0.071875
3 0.52890625 0.8125 0.021875 0.06875
1 0.18515625 0.79453125 0.0125 0.0359375
3 0.51640625 0.98203125 0.0265625 0.0359375
1 0.83359375 0.83046875 0.0140625 0.034375
1 0.7453125 0.82734375 0.015625 0.03125
1 0.7046875 0.91875 0.015625 0.0359375
1 0.7421875 0.86484375 0.0140625 0.0375
1 0.23984375 0.91640625 0.0125 0.0375
1 0.19375 0.8703125 0.0109375 0.0296875
1 0.8515625 0.86796875 0.0171875 0.0328125
1 0.69140625 0.87421875 0.0125 0.03125
1 0.7265625 0.83671875 0.0140625 0.0328125
1 0.1640625 0.83828125 0.0140625 0.03125
1 0.2171875 0.896875 0.0125 0.0375
1 0.1078125 0.78671875 0.009375 0.03125
1 0.72890625 0.9453125 0.0125 0.0359375
1 0.225 0.821875 0.009375 0.03125
1 0.73828125 0.99140625 0.0109375 0.0171875
1 0.675 0.90546875 0.0125 0.0359375
1 0.71015625 0.86953125 0.0140625 0.0390625
1 0.66015625 0.96796875 0.0125 0.0359375
1 0.20546875 0.93203125 0.0140625 0.03125
1 0.1515625 0.8046875 0.009375 0.0328125
1 0.20859375 0.8125 0.009375 0.0328125
1 0.34921875 0.29921875 0.0140625 0.025
1 0.8 0.840625 0.0171875 0.03125
1 0.0515625 0.796875 0.021875 0.03125
1 0.76796875 0.88515625 0.0140625 0.0296875
1 0.75546875 0.903125 0.0125 0.0375
1 0.25 0.92109375 0.009375 0.0375
1 0.228125 0.9015625 0.009375 0.0375
1 0.728125 0.8921875 0.0140625 0.034375
1 0.04140625 0.76484375 0.0171875 0.0234375
1 0.08203125 0.79921875 0.0171875 0.0328125
1 0.81796875 0.82109375 0.0125 0.0296875
1 0.78046875 0.8421875 0.0140625 0.0296875
1 0.7640625 0.8484375 0.0140625 0.034375
3 0.59375 0.803125 0.0359375 0.0734375