3 0.23984375 0.21171875 0.040625 0.046875
3 0.69296875 0.23984375 0.034375 0.053125
3 0.778125 0.10390625 0.034375 0.059375
3 0.16640625 0.85703125 0.0453125 0.0796875
3 0.70390625 0.584375 0.0515625 0.065625
1 0.22734375 0.340625 0.0171875 0.034375
1 0.49921875 0.40546875 0.015625 0.028125
4 0.2671875 0.2046875 0.0109375 0.0203125
4 0.27578125 0.2046875 0.0125 0.025
4 0.85859375 0.81171875 0.0125 0.01875
4 0.82578125 0.525 0.0125 0.0171875
1 0.71484375 0.51171875 0.0203125 0.0265625
3 0.740625 0.6484375 0.0421875 0.06875
1 0.77890625 0.31328125 0.015625 0.028125