3 0.20234375 0.25078125 0.034375 0.0421875
3 0.6546875 0.215625 0.02734375 0.05
3 0.7203125 0.06875 0.0265625 0.05625
3 0.21953125 0.9 0.0359375 0.075
3 0.7140625 0.55546875 0.04296875 0.0609375
1 0.2078125 0.38046875 0.01328125 0.0328125
1 0.4859375 0.40625 0.0125 0.02734375
4 0.228125 0.23984375 0.00859375 0.01953125
4 0.23671875 0.2390625 0.00859375 0.0234375
4 0.8984375 0.75859375 0.01015625 0.0171875
4 0.82578125 0.4796875 0.01015625 0.01640625
1 0.7140625 0.48203125 0.01640625 0.02421875
3 0.75859375 0.61328125 0.03359375 0.0640625
1 0.75 0.2765625 0.0125 0.02734375