3 0.30625 0.7203125 0.03984375 0.0375
3 0.76484375 0.75703125 0.03984375 0.0359375
3 0.81171875 0.69140625 0.04296875 0.0359375
4 0.41484375 0.7484375 0.00859375 0.02109375
4 0.6671875 0.49609375 0.00703125 0.0265625
3 0.20390625 0.67421875 0.040625 0.0421875
4 0.65703125 0.35625 0.009375 0.021875
3 0.021875 0.1421875 0.0234375 0.0484375
1 0.5140625 0.4484375 0.0078125 0.0265625
1 0.40078125 0.36171875 0.009375 0.01875
1 0.46796875 0.3015625 0.0109375 0.0265625
1 0.678125 0.028125 0.01015625 0.01875
1 0.6921875 0.01796875 0.01015625 0.0171875
1 0.6953125 0.0140625 0.0078125 0.01875
1 0.71640625 0.00703125 0.0078125 0.0140625
1 0.09609375 0.04453125 0.00703125 0.01875
1 0.09140625 0.04921875 0.00703125 0.01484375
1 0.084375 0.05390625 0.00703125 0.01796875
1 0.06640625 0.06171875 0.00625 0.01953125
1 0.06015625 0.06640625 0.00703125 0.0203125
1 0.0546875 0.06953125 0.00625 0.021875
1 0.046875 0.10390625 0.0140625 0.0109375
1 0.121875 0.0578125 0.0125 0.0125
1 0.11328125 0.03359375 0.00625 0.01796875
1 0.1078125 0.0375 0.00546875 0.01875
1 0.103125 0.040625 0.00546875 0.01875
1 0.1359375 0.021875 0.00625 0.0203125
1 0.13125 0.02421875 0.00625 0.02109375
1 0.1203125 0.0296875 0.00703125 0.01875