3 0.34296875 0.74765625 0.0453125 0.04375
3 0.8015625 0.7125 0.0453125 0.0421875
3 0.8375 0.640625 0.0484375 0.0421875
4 0.4546875 0.75859375 0.0125 0.021875
4 0.66484375 0.4703125 0.0109375 0.0265625
3 0.23515625 0.71875 0.046875 0.0484375
4 0.6328125 0.33359375 0.0125 0.0234375
1 0.50546875 0.446875 0.0125 0.028125
1 0.38046875 0.37890625 0.0125 0.0203125
1 0.4375 0.309375 0.015625 0.028125
1 0.6015625 0.0078125 0.0125 0.015625
1 0.0296875 0.11328125 0.009375 0.0203125
1 0.02578125 0.11875 0.009375 0.015625
1 0.01953125 0.12421875 0.009375 0.01875
1 0.00390625 0.13515625 0.0078125 0.0203125
1 0.05703125 0.12265625 0.0140625 0.0140625
1 0.0453125 0.1 0.009375 0.01875
1 0.040625 0.1046875 0.0078125 0.01875
1 0.0359375 0.10859375 0.0078125 0.01875
1 0.065625 0.084375 0.009375 0.0203125
1 0.06171875 0.0875 0.009375 0.021875
1 0.0515625 0.09453125 0.009375 0.0203125