3 0.27109375 0.68359375 0.0453125 0.04375
3 0.71640625 0.79921875 0.0453125 0.0421875
3 0.7734375 0.74296875 0.0484375 0.0421875
4 0.37265625 0.7296875 0.0125 0.021875
4 0.665625 0.525 0.0109375 0.028125
3 0.178125 0.6203125 0.046875 0.0484375
4 0.6796875 0.3859375 0.0125 0.0234375
3 0.09140625 0.06484375 0.03125 0.0515625
1 0.52265625 0.4515625 0.0125 0.028125
1 0.4265625 0.346875 0.0125 0.0203125
1 0.503125 0.29921875 0.015625 0.028125
1 0.75703125 0.06640625 0.0125 0.0203125
1 0.77265625 0.05859375 0.0125 0.01875
1 0.7765625 0.05546875 0.0109375 0.0203125
1 0.7984375 0.05234375 0.009375 0.015625
1 0.14140625 0.00390625 0.0109375 0.0078125
1 0.1359375 0.0046875 0.009375 0.009375
1 0.12265625 0.03125 0.015625 0.0125
1 0.20390625 0.003125 0.0140625 0.00625