3 0.31015625 0.7234375 0.040625 0.0375
3 0.76953125 0.75234375 0.040625 0.0359375
3 0.81484375 0.6859375 0.04375 0.0359375
4 0.41953125 0.75 0.009375 0.021875
4 0.6671875 0.49296875 0.0078125 0.0265625
3 0.20703125 0.6796875 0.040625 0.0421875
4 0.6546875 0.35390625 0.009375 0.021875
3 0.015625 0.15078125 0.025 0.0484375
1 0.51328125 0.4484375 0.0078125 0.0265625
1 0.3984375 0.36328125 0.009375 0.01875
1 0.46484375 0.30234375 0.0109375 0.0265625
1 0.66953125 0.025 0.0109375 0.01875
1 0.68359375 0.01484375 0.0109375 0.0171875
1 0.68671875 0.0109375 0.0078125 0.01875
1 0.70703125 0.0046875 0.0078125 0.009375
1 0.08828125 0.0515625 0.0078125 0.01875
1 0.08359375 0.05625 0.0078125 0.015625
1 0.0765625 0.0609375 0.0078125 0.01875
1 0.05859375 0.06953125 0.00625 0.0203125
1 0.05234375 0.07421875 0.0078125 0.0203125
1 0.046875 0.07734375 0.00625 0.021875
1 0.03984375 0.11171875 0.0140625 0.0109375
1 0.1140625 0.06484375 0.0125 0.0125
1 0.10546875 0.040625 0.00625 0.01875
1 0.1 0.04453125 0.00625 0.01875
1 0.0953125 0.04765625 0.00625 0.01875
1 0.12734375 0.028125 0.00625 0.0203125
1 0.12265625 0.03046875 0.00625 0.021875
1 0.1125 0.03671875 0.0078125 0.01875