3 0.55546875 0.5890625 0.03125 0.0484375
3 0.61171875 0.4609375 0.028125 0.040625
4 0.15 0.9484375 0.0125 0.015625
3 0.28125 0.99375 0.0375 0.0125
4 0.60625 0.71015625 0.0125 0.034375
1 0.6546875 0.4265625 0.009375 0.0171875
4 0.625 0.53125 0.009375 0.01875
4 0.59765625 0.6125 0.0078125 0.01875
4 0.60234375 0.61484375 0.00625 0.01875
4 0.49296875 0.540625 0.0078125 0.0171875
4 0.8125 0.1265625 0.0078125 0.01875
4 0.8640625 0.03046875 0.0109375 0.021875
3 0.4875 0.9734375 0.040625 0.053125
3 0.53046875 0.89609375 0.040625 0.053125
4 0.14765625 0.9359375 0.009375 0.015625
4 0.1640625 0.89375 0.0125 0.0203125
3 0.346875 0.7328125 0.0328125 0.0515625