3 0.31953125 0.2046875 0.02265625 0.05625
3 0.19375 0.8390625 0.034375 0.075
3 0.4078125 0.1125 0.01796875 0.053125
3 0.28125 0.5625 0.028125 0.0625
3 0.0828125 0.3859375 0.03671875 0.03125
3 0.24921875 0.55078125 0.025 0.0546875
3 0.15234375 0.98203125 0.0265625 0.0328125
3 0.55859375 0.3625 0.03203125 0.05
3 0.5046875 0.30625 0.0328125 0.05
1 0.228125 0.45078125 0.01171875 0.03359375
1 0.24765625 0.44765625 0.01328125 0.0296875
1 0.28515625 0.3296875 0.009375 0.028125
1 0.16796875 0.61796875 0.0171875 0.03203125
1 0.321875 0.66484375 0.01328125 0.04453125
3 0.88515625 0.68984375 0.0296875 0.0734375