3 0.18046875 0.32265625 0.03359375 0.0328125
3 0.5578125 0.31171875 0.0296875 0.0484375
3 0.21328125 0.8390625 0.03046875 0.059375
3 0.365625 0.425 0.02734375 0.05625
3 0.34765625 0.27578125 0.0234375 0.0546875
3 0.23515625 0.67265625 0.0265625 0.0546875
3 0.9265625 0.78203125 0.02890625 0.0734375
3 0.60625 0.3734375 0.0296875 0.053125
3 0.4640625 0.18046875 0.0203125 0.0546875
1 0.20625 0.57578125 0.01328125 0.0328125
1 0.4015625 0.51640625 0.009375 0.0328125
1 0.17265625 0.66015625 0.01171875 0.0328125
1 0.2375 0.52265625 0.0125 0.0296875
1 0.240625 0.54921875 0.0109375 0.0296875
1 0.29921875 0.41796875 0.01796875 0.03828125