3 0.140625 0.1609375 0.0265625 0.05625
3 0.17890625 0.3921875 0.0296875 0.0515625
3 0.384375 0.3578125 0.0421875 0.04375
3 0.4640625 0.396875 0.040625 0.0578125
3 0.778125 0.484375 0.028125 0.065625
3 0.846875 0.84375 0.034375 0.084375
3 0.77734375 0.81953125 0.034375 0.090625
1 0.1265625 0.540625 0.0171875 0.0296875
1 0.134375 0.35234375 0.01875 0.034375
1 0.12578125 0.39765625 0.021875 0.0375
1 0.12734375 0.246875 0.0171875 0.034375
1 0.1296875 0.19296875 0.0140625 0.025
1 0.1515625 0.32578125 0.015625 0.0328125