3 0.2125 0.275 0.0390625 0.0375
3 0.58671875 0.3234375 0.0375 0.053125
3 0.1640625 0.78984375 0.0390625 0.0640625
3 0.37890625 0.4046875 0.0359375 0.059375
3 0.384375 0.2546875 0.03125 0.0578125
3 0.21171875 0.62890625 0.034375 0.0578125
3 0.87734375 0.8453125 0.040625 0.0765625
3 0.625 0.39140625 0.0375 0.0578125
3 0.51484375 0.17890625 0.028125 0.0578125
1 0.19765625 0.52890625 0.01875 0.034375
1 0.4 0.50078125 0.0140625 0.034375
1 0.1515625 0.60703125 0.0171875 0.034375
1 0.2375 0.48125 0.0171875 0.03125
1 0.2359375 0.5078125 0.015625 0.03125
1 0.31484375 0.3875 0.0234375 0.040625