3 0.56328125 0.584375 0.034375 0.05
3 0.6078125 0.4515625 0.03125 0.0421875
4 0.18984375 0.97734375 0.0140625 0.015625
4 0.62421875 0.7 0.015625 0.034375
1 0.64765625 0.41328125 0.0109375 0.01875
4 0.62734375 0.5203125 0.0109375 0.01875
4 0.60703125 0.603125 0.009375 0.01875
4 0.61171875 0.60546875 0.0078125 0.01875
4 0.496875 0.54140625 0.0078125 0.0171875
4 0.77890625 0.1 0.009375 0.01875
4 0.821875 0.00546875 0.0125 0.0109375
3 0.52890625 0.97265625 0.0453125 0.0546875
3 0.56484375 0.89140625 0.04375 0.05625
4 0.18671875 0.96484375 0.0109375 0.015625
4 0.2 0.92109375 0.0140625 0.0203125
3 0.36796875 0.7453125 0.0359375 0.053125