3 0.17421875 0.33359375 0.034375 0.034375
3 0.5515625 0.31015625 0.03125 0.05
3 0.225 0.84921875 0.0328125 0.0609375
3 0.36328125 0.4296875 0.0296875 0.0578125
3 0.33984375 0.28125 0.025 0.05625
3 0.24140625 0.68203125 0.028125 0.05625
3 0.9359375 0.7671875 0.03125 0.075
3 0.6015625 0.36953125 0.03125 0.0546875
3 0.453125 0.18203125 0.021875 0.0546875
1 0.209375 0.5859375 0.0140625 0.0328125
1 0.40234375 0.51953125 0.0109375 0.0328125
1 0.178125 0.67109375 0.0125 0.0328125
1 0.23828125 0.53203125 0.0140625 0.0296875
1 0.2421875 0.55859375 0.0125 0.0296875
1 0.29609375 0.425 0.01875 0.0390625