3 0.3734375 0.178125 0.0328125 0.059375
3 0.13984375 0.78046875 0.046875 0.0796875
3 0.4765625 0.10234375 0.0265625 0.0546875
3 0.2734375 0.5234375 0.0390625 0.0671875
3 0.10859375 0.31484375 0.0421875 0.0375
3 0.24453125 0.50625 0.034375 0.0578125
3 0.07421875 0.9140625 0.03125 0.0375
3 0.58125 0.375 0.040625 0.0546875
3 0.53828125 0.31015625 0.040625 0.0546875
1 0.240625 0.4046875 0.0171875 0.034375
1 0.2609375 0.4046875 0.01875 0.03125
1 0.31796875 0.2953125 0.0140625 0.0296875
1 0.15234375 0.55859375 0.021875 0.034375
1 0.29609375 0.63125 0.0203125 0.046875
3 0.84609375 0.75390625 0.0421875 0.078125