3 0.5625 0.425 0.02578125 0.04375
3 0.68671875 0.209375 0.0265625 0.04375
3 0.29765625 0.575 0.03359375 0.05
3 0.49453125 0.4578125 0.02890625 0.053125
3 0.7375 0.18046875 0.0234375 0.0390625
3 0.79296875 0.52578125 0.028125 0.0640625
3 0.44765625 0.25 0.0265625 0.05
3 0.75859375 0.43515625 0.02578125 0.0515625
3 0.6046875 0.56328125 0.01875 0.0703125
1 0.47578125 0.18828125 0.0109375 0.0234375
1 0.3890625 0.1140625 0.01171875 0.02109375
1 0.43828125 0.14765625 0.0125 0.02109375
1 0.7828125 0.22109375 0.01328125 0.03515625