3 0.5375 0.5984375 0.03125 0.0484375
3 0.61640625 0.4828125 0.028125 0.040625
4 0.0703125 0.8734375 0.0125 0.015625
3 0.1890625 0.95625 0.0359375 0.0390625
4 0.5640625 0.7265625 0.0109375 0.034375
1 0.66640625 0.45703125 0.009375 0.0171875
4 0.61640625 0.5546875 0.0078125 0.01875
4 0.57421875 0.62890625 0.00625 0.01875
4 0.57890625 0.63203125 0.00625 0.01875
4 0.4859375 0.5390625 0.00625 0.0171875
4 0.878125 0.19296875 0.0078125 0.01875
4 0.946875 0.10859375 0.0109375 0.0203125
3 0.39765625 0.96484375 0.0390625 0.05625
3 0.4546875 0.89453125 0.0390625 0.053125
4 0.07109375 0.8609375 0.009375 0.0140625
4 0.0953125 0.821875 0.0125 0.0203125
3 0.30546875 0.69921875 0.03125 0.0515625