3 0.553125 0.41796875 0.03125 0.046875
3 0.65 0.1890625 0.03125 0.046875
3 0.30859375 0.59921875 0.0390625 0.053125
3 0.4890625 0.45859375 0.0359375 0.05625
3 0.696875 0.15390625 0.028125 0.0421875
3 0.79375 0.48984375 0.0359375 0.0671875
3 0.41796875 0.25859375 0.0328125 0.053125
3 0.7484375 0.40390625 0.03125 0.0546875
3 0.61171875 0.55 0.0265625 0.071875
1 0.43828125 0.19375 0.0140625 0.025
1 0.34296875 0.13046875 0.0140625 0.021875
1 0.39609375 0.1578125 0.015625 0.021875
1 0.746875 0.1890625 0.0171875 0.0359375