3 0.5734375 0.4359375 0.0328125 0.046875
3 0.7296875 0.2421875 0.0328125 0.046875
3 0.28828125 0.5421875 0.040625 0.0546875
3 0.5015625 0.4578125 0.0375 0.05625
3 0.784375 0.221875 0.0296875 0.0421875
3 0.78515625 0.57109375 0.0375 0.0671875
3 0.4875 0.24453125 0.034375 0.053125
3 0.765625 0.4765625 0.0328125 0.0546875
3 0.59375 0.57890625 0.0296875 0.071875
1 0.525 0.18828125 0.0140625 0.025
1 0.45078125 0.1015625 0.015625 0.0234375
1 0.49453125 0.1421875 0.015625 0.0234375
1 0.82265625 0.26875 0.01875 0.0375