3 0.45859375 0.678125 0.0390625 0.0625
3 0.63125 0.38359375 0.0328125 0.0546875
3 0.034375 0.33046875 0.0421875 0.0546875
3 0.659375 0.3078125 0.0328125 0.0578125
3 0.0078125 0.29609375 0.015625 0.0546875
3 0.61953125 0.4328125 0.03125 0.0546875
3 0.41875 0.40859375 0.0359375 0.0640625
3 0.19609375 0.31015625 0.0375 0.0484375
3 0.09765625 0.221875 0.0375 0.046875
3 0.0515625 0.1828125 0.0375 0.0484375
3 0.32890625 0.2609375 0.0375 0.053125
3 0.021875 0.15390625 0.0328125 0.040625
3 0.11328125 0.403125 0.040625 0.053125
3 0.190625 0.48046875 0.04375 0.05625