3 0.425 0.25390625 0.0359375 0.0546875
3 0.2953125 0.59609375 0.0390625 0.053125
3 0.459375 0.90625 0.04375 0.06875
3 0.07109375 0.46328125 0.04375 0.0625
3 0.0109375 0.3875 0.021875 0.0625
3 0.50390625 0.7578125 0.0390625 0.05625
3 0.5625 0.81796875 0.0453125 0.0609375
3 0.5078125 0.0140625 0.03125 0.028125
3 0.6640625 0.9265625 0.046875 0.06875
3 0.45546875 0.70390625 0.0421875 0.0578125
3 0.6015625 0.86328125 0.046875 0.0640625
3 0.45859375 0.16640625 0.03125 0.0421875
1 0.45078125 0.21484375 0.0109375 0.0171875
3 0.49296875 0.065625 0.0359375 0.0515625
1 0.71328125 0.94765625 0.0140625 0.021875
1 0.70859375 0.9390625 0.0140625 0.0234375
1 0.69609375 0.92421875 0.0140625 0.0234375
1 0.66875 0.89921875 0.0140625 0.021875
1 0.675 0.90234375 0.015625 0.025
1 0.68046875 0.91171875 0.0140625 0.021875
1 0.68671875 0.91484375 0.0140625 0.0234375
1 0.69140625 0.921875 0.0140625 0.0234375
1 0.5515625 0.75234375 0.0171875 0.0203125
1 0.61875 0.8109375 0.01875 0.021875
1 0.13828125 0.33046875 0.0140625 0.01875
1 0.1453125 0.3359375 0.0140625 0.0203125
1 0.1484375 0.3390625 0.0140625 0.0203125
1 0.3546875 0.44453125 0.0125 0.0171875
1 0.35625 0.4375 0.0125 0.0171875
1 0.36015625 0.42734375 0.0125 0.015625
1 0.365625 0.41328125 0.0125 0.01875
1 0.3734375 0.390625 0.0140625 0.01875
1 0.36796875 0.40703125 0.0140625 0.01875
1 0.38125 0.37109375 0.0140625 0.01875
1 0.38828125 0.346875 0.0125 0.015625
1 0.3921875 0.3421875 0.0109375 0.0171875
1 0.3859375 0.35703125 0.0140625 0.0171875