3 0.50546875 0.77421875 0.0375 0.065625
3 0.1625 0.478125 0.0375 0.05
3 0.6890625 0.47265625 0.03125 0.0546875
3 0.00546875 0.13515625 0.0109375 0.0421875
3 0.7203125 0.39375 0.0296875 0.05625
3 0.04609375 0.35859375 0.040625 0.0546875
3 0.67578125 0.52109375 0.03125 0.059375
3 0.0296875 0.17265625 0.0328125 0.04375
3 0.15078125 0.28671875 0.0359375 0.0484375
3 0.10390625 0.2453125 0.0375 0.0484375
3 0.0828125 0.39765625 0.0390625 0.0515625
3 0.384375 0.3359375 0.0375 0.053125
3 0.246875 0.38203125 0.0375 0.0484375
3 0.07578125 0.21484375 0.0359375 0.0421875
3 0.47265625 0.490625 0.034375 0.065625
3 0.2359375 0.5609375 0.04375 0.059375
1 0.17578125 0.35234375 0.015625 0.0203125
3 0.375 0.371875 0.0328125 0.0609375
1 0.36640625 0.64921875 0.021875 0.0375