3 0.4375 0.671875 0.03203125 0.059375
3 0.64453125 0.40078125 0.02734375 0.0515625
3 0.05859375 0.275 0.0359375 0.05
3 0.68125 0.32890625 0.02578125 0.0546875
3 0.025 0.2359375 0.03515625 0.05
3 0.6265625 0.44765625 0.025 0.0515625
3 0.43046875 0.39921875 0.028125 0.0609375
3 0.221875 0.27421875 0.0328125 0.0453125
3 0.134375 0.175 0.0328125 0.04375
3 0.09375 0.13046875 0.03203125 0.0453125
3 0.359375 0.2421875 0.03203125 0.05
3 0.02578125 0.0546875 0.03046875 0.0375
3 0.06796875 0.0984375 0.028125 0.0375
3 0.128125 0.35703125 0.03515625 0.0484375
3 0.1953125 0.44296875 0.0375 0.0515625
3 0.00546875 0.0203125 0.0109375 0.03125