3 0.45546875 0.246875 0.0265625 0.04765625
3 0.32109375 0.6453125 0.028125 0.04375
3 0.45 0.75859375 0.03125 0.05
3 0.38203125 0.8984375 0.03125 0.0578125
3 0.53125 0.88046875 0.03125 0.05234375
3 0.496875 0.8265625 0.03515625 0.053125
3 0.41328125 0.696875 0.03203125 0.053125
3 0.0171875 0.33359375 0.03125 0.04921875
3 0.57734375 0.94375 0.03515625 0.059375
3 0.06953125 0.4125 0.02734375 0.04296875
3 0.57734375 0.01484375 0.025 0.0296875
3 0.44609375 0.98984375 0.0265625 0.01953125
1 0.15234375 0.28125 0.01171875 0.0203125
1 0.1578125 0.28671875 0.0109375 0.0203125
1 0.16328125 0.29375 0.0125 0.0203125
1 0.1671875 0.2984375 0.0125 0.015625
1 0.253125 0.4234375 0.01171875 0.02265625
1 0.62421875 0.96953125 0.01171875 0.0203125
1 0.62109375 0.9609375 0.0109375 0.0203125
1 0.6125 0.94453125 0.009375 0.021875
1 0.603125 0.93515625 0.009375 0.01875
1 0.5984375 0.92890625 0.0109375 0.01875
1 0.59453125 0.91953125 0.009375 0.01953125
1 0.55625 0.865625 0.01015625 0.021875
1 0.51015625 0.8 0.01015625 0.01875
1 0.49375 0.778125 0.0109375 0.01875
1 0.496875 0.76015625 0.009375 0.01484375
1 0.4796875 0.7515625 0.0109375 0.021875
1 0.15 0.265625 0.01484375 0.01328125
1 0.35703125 0.42109375 0.01171875 0.01640625
1 0.49140625 0.2046875 0.00859375 0.0171875
3 0.5515625 0.06796875 0.02734375 0.053125
3 0.503125 0.16640625 0.025 0.04375
1 0.39296875 0.35859375 0.01171875 0.01640625
1 0.38203125 0.38046875 0.0125 0.01953125
1 0.37421875 0.39375 0.009375 0.01484375
1 0.36328125 0.41328125 0.009375 0.0140625
1 0.3984375 0.34609375 0.01015625 0.0140625
1 0.40390625 0.33671875 0.01015625 0.01484375
1 0.40703125 0.32890625 0.00703125 0.0140625
1 0.41484375 0.3234375 0.0125 0.01796875