3 0.45546875 0.67734375 0.0375 0.0625
3 0.63359375 0.3859375 0.0328125 0.0546875
3 0.0375 0.32265625 0.040625 0.053125
3 0.6625 0.3109375 0.03125 0.0578125
3 0.01015625 0.2859375 0.0203125 0.053125
3 0.6203125 0.434375 0.0296875 0.053125
3 0.4203125 0.40703125 0.034375 0.0640625
3 0.2 0.3046875 0.0375 0.0484375
3 0.10234375 0.21484375 0.0375 0.046875
3 0.05703125 0.175 0.0359375 0.0484375
3 0.3328125 0.25859375 0.0375 0.053125
3 0.028125 0.14609375 0.03125 0.040625
3 0.11484375 0.396875 0.040625 0.0515625
3 0.19140625 0.475 0.0421875 0.0546875