3 0.48203125 0.24296875 0.028125 0.0515625
3 0.27890625 0.54765625 0.03125 0.05
3 0.36953125 0.88671875 0.034375 0.065625
3 0.090625 0.36796875 0.034375 0.059375
3 0.0421875 0.278125 0.0296875 0.059375
3 0.44609375 0.75234375 0.03125 0.053125
3 0.48984375 0.82421875 0.0375 0.05625
3 0.61875 0.02265625 0.0265625 0.0390625
3 0.5640625 0.95234375 0.0375 0.0640625
3 0.4109375 0.68828125 0.034375 0.0546875
3 0.5171875 0.8765625 0.0375 0.059375
3 0.534375 0.165625 0.0265625 0.0390625
1 0.51640625 0.21171875 0.009375 0.015625
3 0.590625 0.075 0.0296875 0.0484375
1 0.60703125 0.984375 0.0109375 0.0203125
1 0.6046875 0.975 0.0109375 0.021875
1 0.59609375 0.9578125 0.0109375 0.0234375
1 0.575 0.92734375 0.0109375 0.021875
1 0.58046875 0.93125 0.0125 0.0234375
1 0.5828125 0.94140625 0.0109375 0.021875
1 0.58828125 0.94609375 0.0109375 0.0234375
1 0.59140625 0.95390625 0.0109375 0.0234375
1 0.49296875 0.7578125 0.0140625 0.01875
1 0.5453125 0.8296875 0.015625 0.01875
1 0.1859375 0.25390625 0.0125 0.0171875
1 0.190625 0.26015625 0.0109375 0.01875
1 0.19375 0.2640625 0.0109375 0.01875
1 0.37109375 0.41328125 0.009375 0.0171875
1 0.37421875 0.40625 0.0109375 0.015625
1 0.3796875 0.3984375 0.0109375 0.0140625
1 0.38828125 0.38515625 0.0109375 0.0171875
1 0.4015625 0.36484375 0.0109375 0.0171875
1 0.3921875 0.3796875 0.0109375 0.0171875
1 0.41328125 0.34765625 0.0125 0.0171875
1 0.42578125 0.32578125 0.009375 0.0140625
1 0.43046875 0.321875 0.009375 0.0171875
1 0.42109375 0.33515625 0.0125 0.015625