3 0.434375 0.67109375 0.0328125 0.059375
3 0.64609375 0.403125 0.028125 0.0515625
3 0.0625 0.2671875 0.0375 0.05
3 0.684375 0.33203125 0.0265625 0.0546875
3 0.0296875 0.22734375 0.0359375 0.05
3 0.62734375 0.45 0.0265625 0.0515625
3 0.43203125 0.39765625 0.0296875 0.0609375
3 0.22578125 0.26953125 0.034375 0.0453125
3 0.13984375 0.16875 0.0328125 0.04375
3 0.1 0.1234375 0.0328125 0.0453125
3 0.3640625 0.23984375 0.0328125 0.05
3 0.03359375 0.04609375 0.03125 0.0375
3 0.075 0.090625 0.028125 0.0375
3 0.13046875 0.35078125 0.0359375 0.0484375
3 0.19609375 0.4375 0.0390625 0.0515625
3 0.01328125 0.01328125 0.0109375 0.0265625