3 0.5140625 0.24296875 0.034375 0.053125
3 0.27421875 0.5203125 0.0375 0.053125
3 0.32265625 0.86796875 0.0421875 0.06875
3 0.109375 0.31875 0.0421875 0.0625
3 0.071875 0.22421875 0.0359375 0.0609375
3 0.415625 0.74375 0.0375 0.05625
3 0.45 0.8203125 0.04375 0.059375
3 0.6765625 0.040625 0.03125 0.040625
3 0.50859375 0.95703125 0.04375 0.0671875
3 0.38828125 0.67578125 0.040625 0.0578125
3 0.47109375 0.87578125 0.0453125 0.0625
3 0.575 0.17265625 0.03125 0.0421875
1 0.5515625 0.215625 0.0109375 0.0171875
3 0.6421875 0.0890625 0.034375 0.05
1 0.54765625 0.99140625 0.0140625 0.0171875
1 0.54609375 0.984375 0.0140625 0.021875
1 0.5390625 0.965625 0.0140625 0.0234375
1 0.52265625 0.9328125 0.0140625 0.021875
1 0.52734375 0.9375 0.0140625 0.0234375
1 0.52890625 0.9484375 0.0140625 0.021875
1 0.53359375 0.95390625 0.0125 0.0234375
1 0.53515625 0.96171875 0.0125 0.0234375
1 0.46171875 0.7546875 0.015625 0.0203125
1 0.5046875 0.8328125 0.0171875 0.0203125
1 0.21796875 0.2171875 0.0140625 0.01875
1 0.22265625 0.22421875 0.0125 0.01875
1 0.225 0.22890625 0.0140625 0.01875
1 0.3828125 0.3984375 0.0125 0.0171875
1 0.38671875 0.3921875 0.0125 0.0171875
1 0.39296875 0.384375 0.0125 0.015625
1 0.403125 0.37265625 0.0125 0.01875
1 0.41875 0.35390625 0.0140625 0.01875
1 0.4078125 0.3671875 0.0140625 0.0171875
1 0.43203125 0.33828125 0.0140625 0.01875
1 0.44765625 0.31796875 0.0109375 0.015625
1 0.45234375 0.31484375 0.0109375 0.0171875
1 0.4421875 0.32734375 0.0140625 0.0171875