3 0.43828125 0.25078125 0.0296875 0.05
3 0.33203125 0.6578125 0.03125 0.0453125
3 0.46796875 0.76171875 0.034375 0.0515625
3 0.41015625 0.90546875 0.0359375 0.059375
3 0.5578125 0.87734375 0.034375 0.0546875
3 0.51953125 0.82578125 0.0390625 0.0546875
3 0.42734375 0.70234375 0.0359375 0.0546875
3 0.01171875 0.36796875 0.0234375 0.0515625
3 0.6078125 0.9375 0.0390625 0.0609375
3 0.06484375 0.44296875 0.0296875 0.0453125
3 0.54296875 0.01328125 0.0265625 0.0265625
3 0.4796875 0.990625 0.028125 0.01875
1 0.13828125 0.30625 0.0125 0.0203125
1 0.14375 0.3109375 0.0125 0.0203125
1 0.15 0.31796875 0.0140625 0.021875
1 0.15390625 0.321875 0.0140625 0.0171875
1 0.2484375 0.440625 0.0125 0.0234375
1 0.65703125 0.959375 0.0125 0.0203125
1 0.653125 0.9515625 0.0125 0.0203125
1 0.64296875 0.9359375 0.0109375 0.021875
1 0.63359375 0.9265625 0.0109375 0.01875
1 0.628125 0.92109375 0.0125 0.01875
1 0.6234375 0.91171875 0.0109375 0.0203125
1 0.58125 0.8609375 0.0109375 0.021875
1 0.53125 0.7984375 0.0109375 0.01875
1 0.51328125 0.778125 0.0125 0.01875
1 0.51484375 0.759375 0.0109375 0.015625
1 0.49765625 0.75234375 0.0125 0.021875
1 0.134375 0.290625 0.015625 0.0140625
1 0.3515625 0.43125 0.0125 0.0171875
1 0.47109375 0.20625 0.009375 0.0171875
3 0.52109375 0.065625 0.03125 0.0546875
3 0.4796875 0.1671875 0.028125 0.0453125
1 0.38359375 0.36640625 0.0125 0.0171875
1 0.37421875 0.3890625 0.0140625 0.0203125
1 0.3671875 0.403125 0.0109375 0.015625
1 0.3578125 0.42265625 0.0109375 0.0140625
1 0.38828125 0.35390625 0.0109375 0.0140625
1 0.39296875 0.34375 0.0109375 0.015625
1 0.3953125 0.3359375 0.0078125 0.0140625
1 0.403125 0.3296875 0.0140625 0.01875