3 0.43359375 0.2515625 0.03125 0.05
3 0.334375 0.66015625 0.03125 0.0453125
3 0.47265625 0.76171875 0.0359375 0.053125
3 0.4171875 0.90703125 0.0359375 0.0609375
3 0.5640625 0.8765625 0.0359375 0.0546875
3 0.525 0.82578125 0.0390625 0.05625
3 0.43046875 0.70390625 0.0359375 0.05625
3 0.0109375 0.37578125 0.021875 0.0515625
3 0.615625 0.93515625 0.040625 0.0625
3 0.06328125 0.45 0.03125 0.0453125
3 0.534375 0.0125 0.028125 0.025
3 0.4890625 0.990625 0.028125 0.01875
1 0.134375 0.3125 0.0140625 0.021875
1 0.140625 0.3171875 0.0125 0.021875
1 0.146875 0.32421875 0.0140625 0.021875
1 0.15078125 0.328125 0.0140625 0.0171875
1 0.24765625 0.4453125 0.0140625 0.0234375
1 0.66484375 0.95703125 0.0140625 0.021875
1 0.6609375 0.9484375 0.0125 0.021875
1 0.65078125 0.9328125 0.0109375 0.021875
1 0.640625 0.92421875 0.0109375 0.01875
1 0.63515625 0.91875 0.0125 0.0203125
1 0.63046875 0.909375 0.0109375 0.0203125
1 0.58828125 0.859375 0.0125 0.0234375
1 0.5359375 0.79765625 0.0125 0.0203125
1 0.51796875 0.77734375 0.0125 0.0203125
1 0.51953125 0.759375 0.0109375 0.015625
1 0.5015625 0.75234375 0.0125 0.0234375
1 0.13125 0.296875 0.015625 0.0140625
1 0.35078125 0.43359375 0.0125 0.0171875
1 0.465625 0.20625 0.009375 0.0171875
3 0.5140625 0.06484375 0.03125 0.0546875
3 0.47421875 0.1671875 0.028125 0.0453125
1 0.38125 0.36875 0.0125 0.0171875
1 0.371875 0.39140625 0.0140625 0.0203125
1 0.365625 0.40546875 0.0109375 0.015625
1 0.35625 0.42578125 0.0109375 0.0140625
1 0.38515625 0.35546875 0.0109375 0.015625
1 0.38984375 0.34609375 0.0109375 0.015625
1 0.3921875 0.3375 0.0078125 0.0140625
1 0.4 0.33125 0.0140625 0.01875