3 0.453125 0.7703125 0.0390625 0.065625
3 0.17265625 0.4140625 0.0375 0.05
3 0.690625 0.509375 0.0328125 0.05625
3 0.071875 0.04609375 0.0359375 0.0421875
3 0.73671875 0.4375 0.03125 0.05625
3 0.08125 0.27421875 0.0421875 0.0546875
3 0.66875 0.5546875 0.03125 0.0609375
3 0.10078125 0.0890625 0.0328125 0.04375
3 0.19765625 0.22421875 0.0375 0.0484375
3 0.159375 0.17421875 0.0375 0.0484375
3 0.109375 0.3203125 0.040625 0.0515625
3 0.41796875 0.3171875 0.0390625 0.053125
3 0.2734375 0.3359375 0.0390625 0.0484375
3 0.13828125 0.1390625 0.0359375 0.0421875
3 0.475 0.4859375 0.034375 0.0671875
3 0.0453125 0.1375 0.025 0.04375
3 0.2296875 0.509375 0.0453125 0.059375
1 0.21015625 0.29375 0.015625 0.0203125
3 0.4015625 0.35078125 0.0328125 0.0609375
1 0.340625 0.6203125 0.0234375 0.0375