3 0.4125 0.25859375 0.034375 0.0515625
3 0.34921875 0.67421875 0.0359375 0.0484375
3 0.4953125 0.76328125 0.0390625 0.0546875
3 0.453125 0.9125 0.040625 0.0625
3 0.596875 0.86953125 0.040625 0.05625
3 0.55390625 0.821875 0.04375 0.0578125
3 0.4484375 0.70859375 0.040625 0.0578125
3 0.00703125 0.4203125 0.0140625 0.053125
3 0.653125 0.9234375 0.0453125 0.0640625
3 0.0609375 0.48828125 0.034375 0.046875
3 0.49140625 0.0125 0.0296875 0.025
3 0.53203125 0.98984375 0.0296875 0.0203125
1 0.11953125 0.3453125 0.015625 0.021875
1 0.12578125 0.34921875 0.0140625 0.021875
1 0.1328125 0.35546875 0.015625 0.021875
1 0.1375 0.359375 0.015625 0.0171875
1 0.24375 0.4671875 0.015625 0.025
1 0.70390625 0.940625 0.015625 0.021875
1 0.69921875 0.9328125 0.0140625 0.021875
1 0.68828125 0.91796875 0.0125 0.0234375
1 0.67734375 0.9109375 0.0125 0.0203125
1 0.67109375 0.90546875 0.0140625 0.0203125
1 0.665625 0.896875 0.0125 0.0203125
1 0.61875 0.85 0.0140625 0.0234375
1 0.56171875 0.79375 0.0125 0.0203125
1 0.5421875 0.775 0.0140625 0.0203125
1 0.5421875 0.75703125 0.0125 0.015625
1 0.5234375 0.7515625 0.0140625 0.0234375
1 0.11484375 0.3296875 0.0171875 0.015625
1 0.3453125 0.446875 0.0140625 0.01875
1 0.440625 0.2109375 0.0109375 0.01875
3 0.47578125 0.065625 0.0359375 0.0578125
3 0.4453125 0.17109375 0.0328125 0.046875
1 0.3703125 0.3796875 0.0140625 0.01875
1 0.36328125 0.403125 0.015625 0.021875
1 0.3578125 0.4171875 0.0125 0.015625
1 0.35 0.43828125 0.0109375 0.015625
1 0.3734375 0.36640625 0.0125 0.015625
1 0.37734375 0.35625 0.0125 0.015625
1 0.37890625 0.34765625 0.009375 0.015625
1 0.38515625 0.340625 0.015625 0.0203125