3 0.3765625 0.8703125 0.04375 0.040625
3 0.575 0.5515625 0.034375 0.0578125
3 0.05234375 0.74375 0.04375 0.05625
3 0.28515625 0.92109375 0.0421875 0.0734375
3 0.5078125 0.75234375 0.0375 0.0578125
3 0.53984375 0.54140625 0.034375 0.059375
3 0.51015625 0.62265625 0.0359375 0.0609375
3 0.0625 0.55546875 0.0421875 0.0546875
3 0.4984375 0.67890625 0.0328125 0.053125
3 0.2 0.49921875 0.0390625 0.0515625
3 0.5078125 0.946875 0.0375 0.084375
3 0.6546875 0.05625 0.03125 0.0546875
3 0.18828125 0.5359375 0.0484375 0.0921875
3 0.5828125 0.340625 0.0359375 0.0609375
3 0.6625 0.01171875 0.03125 0.0234375