3 0.56171875 0.18203125 0.034375 0.06875
3 0.75546875 0.3703125 0.0390625 0.0609375
3 0.24921875 0.28359375 0.0375 0.065625
3 0.7703125 0.453125 0.040625 0.059375
3 0.70546875 0.28984375 0.040625 0.0609375
3 0.67265625 0.25 0.0390625 0.05625
3 0.88828125 0.52265625 0.0421875 0.0625
1 0.54140625 0.296875 0.0296875 0.0390625
4 0.9171875 0.59765625 0.0125 0.0171875
1 0.7578125 0.61328125 0.0125 0.0234375
1 0.878125 0.725 0.0109375 0.021875
1 0.8703125 0.71953125 0.0109375 0.021875
1 0.8609375 0.70078125 0.0109375 0.0203125
1 0.865625 0.7125 0.0140625 0.0203125
1 0.85546875 0.696875 0.0109375 0.021875
1 0.84921875 0.6921875 0.0125 0.0234375
1 0.84296875 0.6859375 0.0125 0.021875
1 0.83515625 0.6765625 0.0140625 0.0234375
1 0.828125 0.66640625 0.0125 0.0234375
1 0.821875 0.65859375 0.0140625 0.028125
1 0.815625 0.64921875 0.0125 0.0203125
1 0.80625 0.6359375 0.0140625 0.025
1 0.7984375 0.6265625 0.0109375 0.0234375
1 0.7828125 0.640625 0.0140625 0.0203125
1 0.77109375 0.625 0.0125 0.025
1 0.765625 0.6203125 0.015625 0.0296875
1 0.74609375 0.59375 0.0109375 0.025
1 0.74140625 0.58515625 0.0125 0.0203125
1 0.7046875 0.5515625 0.015625 0.0203125
1 0.6984375 0.5421875 0.0125 0.021875
1 0.69375 0.5328125 0.0140625 0.0203125
1 0.6875 0.525 0.015625 0.0234375
3 0.3890625 0.01796875 0.0296875 0.0234375
1 0.07109375 0.9828125 0.0234375 0.0234375