3 0.034375 0.5171875 0.04375 0.03359375
3 0.28984375 0.70703125 0.02890625 0.03125
3 0.5265625 0.715625 0.0328125 0.0546875
3 0.90234375 0.2921875 0.0234375 0.04609375
3 0.9421875 0.2046875 0.02109375 0.0484375
3 0.034375 0.54296875 0.040625 0.0328125
3 0.9578125 0.16328125 0.021875 0.04453125
3 0.034375 0.56953125 0.03984375 0.02890625
3 0.86484375 0.38125 0.0234375 0.0484375
3 0.9796875 0.609375 0.03359375 0.06640625
3 0.99453125 0.63515625 0.01015625 0.05234375
3 0.96171875 0.421875 0.02421875 0.04765625
4 0.45625 0.0734375 0.01484375 0.06796875
3 0.98984375 0.08671875 0.01953125 0.03671875
3 0.04375 0.45625 0.03984375 0.03125
3 0.13359375 0.5875 0.03828125 0.025
3 0.1328125 0.6140625 0.0359375 0.028125
1 0.80234375 0.81875 0.01171875 0.028125
1 0.93046875 0.88046875 0.01640625 0.01640625
1 0.93828125 0.871875 0.01484375 0.0203125
1 0.8890625 0.6640625 0.0125 0.01796875
1 0.89609375 0.65234375 0.01484375 0.01796875
1 0.9015625 0.63828125 0.0140625 0.015625
1 0.90546875 0.62890625 0.0140625 0.0171875
1 0.9109375 0.6171875 0.0125 0.01953125
1 0.95234375 0.4984375 0.01796875 0.0234375
1 0.95859375 0.48203125 0.01484375 0.01953125
1 0.96796875 0.4625 0.015625 0.01640625