3 0.296875 0.8328125 0.0421875 0.0390625
3 0.56171875 0.5671875 0.03125 0.05625
3 0.0140625 0.63671875 0.028125 0.0546875
3 0.19609375 0.8625 0.0390625 0.071875
3 0.45078125 0.74765625 0.034375 0.0578125
3 0.5296875 0.55 0.03125 0.0578125
3 0.48203125 0.621875 0.034375 0.059375
3 0.06171875 0.45546875 0.040625 0.053125
3 0.4578125 0.6734375 0.03125 0.0515625
3 0.2078125 0.43203125 0.0375 0.05
3 0.40703125 0.9375 0.0328125 0.0828125
3 0.75078125 0.10234375 0.0296875 0.053125
3 0.1875 0.46484375 0.04375 0.090625
3 0.61640625 0.36328125 0.034375 0.059375
3 0.7703125 0.05078125 0.028125 0.0453125