3 0.8953125 0.1765625 0.03125 0.046875
3 0.0515625 0.44765625 0.04375 0.0359375
3 0.96796875 0.35859375 0.0359375 0.059375
3 0.98828125 0.8515625 0.0234375 0.065625
3 0.91484375 0.0578125 0.021875 0.0421875
3 0.8171875 0.075 0.03125 0.0453125
3 0.3203125 0.56015625 0.0328125 0.0359375
3 0.5484375 0.5328125 0.0390625 0.05625
3 0.66328125 0.59296875 0.05 0.0671875
3 0.79453125 0.1609375 0.03125 0.05
3 0.89375 0.82890625 0.05 0.0671875
3 0.528125 0.8828125 0.0453125 0.0703125
1 0.7953125 0.528125 0.0140625 0.01875
3 0.14765625 0.4875 0.0234375 0.03125
1 0.8421875 0.71171875 0.015625 0.0265625
3 0.95859375 0.81484375 0.0546875 0.065625
3 0.94453125 0.34140625 0.046875 0.0703125
3 0.00859375 0.42890625 0.0171875 0.0421875
3 0.0125 0.4609375 0.025 0.028125
3 0.06640625 0.49375 0.040625 0.0265625
3 0.05625 0.46953125 0.0484375 0.0375
3 0.0078125 0.3890625 0.015625 0.046875
3 0.0125 0.48828125 0.025 0.0359375
3 0.01484375 0.51796875 0.0296875 0.0328125
1 0.8546875 0.29453125 0.01875 0.025
1 0.5265625 0.58359375 0.015625 0.021875
1 0.9390625 0.590625 0.01875 0.0171875
1 0.946875 0.5796875 0.0203125 0.025
1 0.8671875 0.409375 0.0171875 0.0171875
1 0.871875 0.3953125 0.015625 0.0203125
1 0.875 0.38515625 0.015625 0.01875
1 0.87578125 0.375 0.0171875 0.0203125
1 0.9 0.2484375 0.01875 0.021875
1 0.87734375 0.3640625 0.0171875 0.021875
1 0.903125 0.23515625 0.0203125 0.0203125
1 0.88125 0.35390625 0.015625 0.0171875
3 0.83828125 0.00625 0.0328125 0.0125