3 0.56796875 0.97734375 0.0421875 0.0453125
3 0.4765625 0.9046875 0.0359375 0.0421875
3 0.51953125 0.940625 0.0421875 0.046875
3 0.046875 0.73515625 0.0359375 0.071875
3 0.4328125 0.87109375 0.03125 0.04375
3 0.51953125 0.13671875 0.0203125 0.0375
3 0.54453125 0.24921875 0.0203125 0.0390625
1 0.5046875 0.18984375 0.0109375 0.025
1 0.46328125 0.2796875 0.0109375 0.0234375
3 0.45078125 0.2609375 0.0203125 0.040625
1 0.36328125 0.6203125 0.0109375 0.028125
1 0.3515625 0.7109375 0.0140625 0.028125
1 0.33203125 0.51328125 0.0125 0.0265625
1 0.18984375 0.84375 0.0265625 0.0328125
1 0.28046875 0.89140625 0.0234375 0.0296875
1 0.328125 0.92734375 0.025 0.0234375
3 0.12109375 0.60859375 0.021875 0.0546875
3 0.13828125 0.6265625 0.0234375 0.0609375
3 0.15703125 0.640625 0.0203125 0.0546875
3 0.17421875 0.66015625 0.021875 0.0640625
3 0.1984375 0.67578125 0.03125 0.0609375
3 0.06953125 0.7484375 0.0328125 0.059375
3 0.11484375 0.79453125 0.0359375 0.0671875