3 0.03515625 0.53359375 0.0453125 0.034375
3 0.296875 0.7140625 0.0296875 0.0328125
3 0.534375 0.71484375 0.034375 0.05625
3 0.89453125 0.278125 0.025 0.046875
3 0.93125 0.1890625 0.0234375 0.0484375
3 0.0359375 0.559375 0.0421875 0.034375
3 0.94609375 0.14765625 0.0234375 0.0453125
3 0.03671875 0.5859375 0.040625 0.0296875
3 0.86015625 0.36875 0.025 0.05
3 0.9828125 0.59140625 0.034375 0.0671875
3 0.99609375 0.6171875 0.0078125 0.053125
3 0.95859375 0.40546875 0.0265625 0.0484375
4 0.44140625 0.075 0.0171875 0.06875
3 0.975 0.06953125 0.0203125 0.0375
3 0.0421875 0.471875 0.040625 0.0328125
3 0.13671875 0.6 0.0390625 0.0265625
3 0.13671875 0.6265625 0.0375 0.0296875
1 0.81328125 0.8078125 0.0125 0.028125
1 0.94375 0.86484375 0.0171875 0.0171875
1 0.95078125 0.85625 0.015625 0.0203125
1 0.89453125 0.65 0.0125 0.01875
1 0.90078125 0.63828125 0.015625 0.01875
1 0.90625 0.62421875 0.0140625 0.015625
1 0.909375 0.61484375 0.0140625 0.0171875
1 0.91484375 0.603125 0.0125 0.0203125
1 0.95234375 0.4828125 0.01875 0.0234375
1 0.9578125 0.46640625 0.015625 0.0203125
1 0.96640625 0.44609375 0.015625 0.0171875