3 0.38359375 0.871875 0.0453125 0.0421875
3 0.57578125 0.55078125 0.0359375 0.0578125
3 0.05625 0.7515625 0.04375 0.05625
3 0.29296875 0.925 0.04375 0.0734375
3 0.5125 0.75234375 0.0390625 0.059375
3 0.540625 0.54140625 0.034375 0.059375
3 0.5125 0.621875 0.0375 0.0609375
3 0.0640625 0.5625 0.04375 0.0546875
3 0.5015625 0.67890625 0.034375 0.053125
3 0.2 0.5046875 0.040625 0.0515625
3 0.515625 0.946875 0.0375 0.084375
3 0.646875 0.05390625 0.0328125 0.0546875
3 0.18828125 0.54140625 0.05 0.0921875
3 0.5796875 0.3390625 0.0375 0.0609375
3 0.653125 0.0109375 0.03125 0.021875