3 0.0328125 0.91171875 0.040625 0.0609375
3 0.321875 0.75390625 0.03125 0.0609375
3 0.58515625 0.18359375 0.0265625 0.0515625
3 0.08125 0.753125 0.0328125 0.0703125
3 0.3703125 0.6734375 0.028125 0.0578125
3 0.296875 0.8125 0.0296875 0.059375
3 0.6046875 0.12734375 0.025 0.0515625
1 0.3984375 0.6625 0.0125 0.025
1 0.5453125 0.34609375 0.0109375 0.0265625
3 0.65703125 0.02421875 0.0234375 0.04375
3 0.025 0.56953125 0.0421875 0.0546875
3 0.0125 0.60234375 0.025 0.0578125
1 0.4546875 0.8046875 0.0109375 0.025
1 0.459375 0.79609375 0.0109375 0.025
1 0.465625 0.7875 0.0109375 0.021875
1 0.47109375 0.778125 0.0109375 0.0234375
1 0.48046875 0.734375 0.015625 0.0203125
1 0.4890625 0.715625 0.0140625 0.0203125
1 0.49296875 0.70703125 0.0125 0.0171875
1 0.50234375 0.68828125 0.0125 0.0171875
1 0.50546875 0.678125 0.0125 0.0171875
1 0.509375 0.66953125 0.0140625 0.015625
1 0.51796875 0.65 0.0125 0.01875
1 0.5078125 0.61953125 0.0140625 0.01875
1 0.51328125 0.60859375 0.0125 0.0171875
1 0.51875 0.59375 0.0109375 0.015625
1 0.5234375 0.5875 0.0125 0.0171875
1 0.528125 0.57578125 0.0125 0.015625
1 0.534375 0.56484375 0.0109375 0.0171875
1 0.5375 0.55546875 0.0109375 0.015625
1 0.54140625 0.54453125 0.0109375 0.0171875
1 0.5578125 0.50390625 0.0140625 0.01875
1 0.55625 0.51484375 0.0125 0.01875