3 0.9171875 0.2046875 0.028125 0.046875
3 0.05625 0.41640625 0.0421875 0.034375
3 0.9765625 0.3921875 0.0328125 0.0578125
3 0.9765625 0.88515625 0.046875 0.0640625
3 0.94453125 0.08828125 0.0203125 0.0421875
3 0.84609375 0.09765625 0.028125 0.0453125
3 0.31640625 0.54765625 0.0296875 0.034375
3 0.54609375 0.5359375 0.0359375 0.0546875
3 0.65625 0.6046875 0.046875 0.065625
3 0.8171875 0.18203125 0.0296875 0.05
3 0.86953125 0.85546875 0.046875 0.065625
3 0.5015625 0.88359375 0.040625 0.06875
1 0.7921875 0.5484375 0.0140625 0.01875
3 0.14921875 0.4625 0.021875 0.0296875
1 0.8265625 0.73515625 0.0140625 0.0265625
3 0.93515625 0.84609375 0.0515625 0.0640625
3 0.95390625 0.37265625 0.0421875 0.06875
3 0.01171875 0.3953125 0.0234375 0.040625
3 0.0140625 0.4265625 0.028125 0.025
3 0.06796875 0.46328125 0.0390625 0.025
3 0.059375 0.43828125 0.046875 0.0359375
3 0.01171875 0.35390625 0.0234375 0.0453125
3 0.0078125 0.31875 0.015625 0.03125
3 0.0078125 0.2890625 0.015625 0.046875
3 0.01328125 0.453125 0.0265625 0.034375
3 0.01484375 0.4828125 0.0296875 0.03125
1 0.86796875 0.31953125 0.0171875 0.025
1 0.52109375 0.5859375 0.0140625 0.0203125
1 0.93203125 0.62109375 0.0171875 0.0171875
1 0.93984375 0.61015625 0.01875 0.025
1 0.871875 0.43515625 0.015625 0.0171875
1 0.878125 0.42109375 0.0140625 0.0203125
1 0.88203125 0.41171875 0.015625 0.0171875
1 0.88359375 0.4015625 0.015625 0.01875
1 0.91640625 0.27734375 0.0171875 0.021875
1 0.8859375 0.390625 0.015625 0.021875
1 0.9203125 0.2640625 0.01875 0.0203125
1 0.890625 0.38125 0.015625 0.015625
3 0.87265625 0.01875 0.0296875 0.0375