3 0.5671875 0.1828125 0.0328125 0.06875
3 0.7578125 0.375 0.0390625 0.059375
3 0.253125 0.27890625 0.0375 0.0640625
3 0.77109375 0.4578125 0.0390625 0.0578125
3 0.70859375 0.29375 0.0390625 0.059375
3 0.6765625 0.25234375 0.0390625 0.0546875
3 0.88828125 0.52890625 0.0421875 0.0625
1 0.54453125 0.29765625 0.0296875 0.0390625
4 0.915625 0.6046875 0.0125 0.0171875
1 0.75546875 0.61796875 0.0125 0.0234375
1 0.87421875 0.73125 0.0109375 0.021875
1 0.86640625 0.72578125 0.0109375 0.021875
1 0.8578125 0.70703125 0.0109375 0.0203125
1 0.86171875 0.71875 0.0140625 0.0203125
1 0.8515625 0.703125 0.0109375 0.021875
1 0.84609375 0.6984375 0.0109375 0.021875
1 0.83984375 0.69140625 0.0109375 0.0203125
1 0.83203125 0.6828125 0.0140625 0.0234375
1 0.825 0.671875 0.0109375 0.0234375
1 0.81953125 0.6640625 0.0140625 0.0265625
1 0.81328125 0.65546875 0.0125 0.01875
1 0.80390625 0.640625 0.0140625 0.025
1 0.79609375 0.63203125 0.0109375 0.0234375
1 0.78046875 0.6453125 0.0125 0.0203125
1 0.76875 0.6296875 0.0125 0.0234375
1 0.76328125 0.625 0.0140625 0.0296875
1 0.74453125 0.5984375 0.0109375 0.025
1 0.73984375 0.5890625 0.0109375 0.0203125
1 0.70390625 0.55546875 0.015625 0.0203125
1 0.69765625 0.54609375 0.0109375 0.0203125
1 0.69296875 0.5359375 0.0140625 0.0203125
1 0.68671875 0.528125 0.0140625 0.0234375
3 0.396875 0.01640625 0.0296875 0.021875
1 0.0625 0.97578125 0.021875 0.0234375