3 0.6421875 0.20859375 0.0390625 0.0703125
3 0.78046875 0.440625 0.04375 0.0625
3 0.31328125 0.22578125 0.04375 0.0671875
3 0.7734375 0.52421875 0.04375 0.0609375
3 0.75234375 0.35 0.0453125 0.0625
3 0.73125 0.303125 0.04375 0.0578125
3 0.86953125 0.62265625 0.046875 0.065625
1 0.5921875 0.31484375 0.0328125 0.040625
4 0.87734375 0.70234375 0.0140625 0.01875
1 0.71953125 0.67578125 0.0140625 0.0234375
1 0.80703125 0.81484375 0.0125 0.0234375
1 0.80078125 0.8078125 0.0125 0.021875
1 0.796875 0.7875 0.0125 0.0203125
1 0.79765625 0.8 0.015625 0.0203125
1 0.7921875 0.78203125 0.0125 0.021875
1 0.7875 0.77578125 0.0140625 0.0234375
1 0.78359375 0.76796875 0.0140625 0.021875
1 0.778125 0.7578125 0.015625 0.0234375
1 0.77421875 0.74609375 0.0140625 0.0234375
1 0.7703125 0.73671875 0.015625 0.028125
1 0.76640625 0.7265625 0.0140625 0.0203125
1 0.76015625 0.71015625 0.0171875 0.0265625
1 0.75546875 0.7 0.0140625 0.025
1 0.73671875 0.709375 0.015625 0.021875
1 0.7296875 0.69140625 0.0140625 0.025
1 0.725 0.68515625 0.0171875 0.0296875
1 0.71328125 0.65390625 0.0140625 0.025
1 0.7109375 0.64453125 0.0140625 0.0203125
1 0.684375 0.603125 0.0171875 0.021875
1 0.68046875 0.5921875 0.0140625 0.021875
1 0.678125 0.58125 0.015625 0.021875
1 0.67421875 0.57265625 0.0171875 0.025
3 0.5171875 0.00859375 0.03125 0.0171875