3 0.90078125 0.18359375 0.0296875 0.046875
3 0.05234375 0.43984375 0.04375 0.0359375
3 0.9703125 0.3671875 0.0359375 0.0578125
3 0.98515625 0.859375 0.0296875 0.065625
3 0.92265625 0.065625 0.021875 0.0421875
3 0.82421875 0.08046875 0.0296875 0.0453125
3 0.31875 0.55703125 0.03125 0.0359375
3 0.54765625 0.53359375 0.0390625 0.05625
3 0.6609375 0.59609375 0.0484375 0.0671875
3 0.80078125 0.16640625 0.03125 0.05
3 0.8875 0.83515625 0.05 0.0671875
3 0.521875 0.88359375 0.04375 0.0703125
1 0.79453125 0.5328125 0.0140625 0.01875
3 0.14765625 0.48125 0.021875 0.03125
1 0.83828125 0.71796875 0.015625 0.0265625
3 0.953125 0.8234375 0.0546875 0.065625
3 0.946875 0.34921875 0.0453125 0.0703125
3 0.009375 0.42109375 0.01875 0.0421875
3 0.0125 0.45234375 0.025 0.0265625
3 0.06640625 0.4859375 0.0390625 0.0265625
3 0.05703125 0.46171875 0.0484375 0.0375
3 0.00859375 0.3796875 0.0171875 0.046875
3 0.0125 0.47890625 0.025 0.0359375
3 0.01484375 0.50859375 0.0296875 0.0328125
1 0.85859375 0.3 0.0171875 0.025
1 0.525 0.584375 0.015625 0.021875
1 0.9375 0.5984375 0.0171875 0.0171875
1 0.9453125 0.5875 0.01875 0.025
1 0.86796875 0.415625 0.0171875 0.0171875
1 0.8734375 0.4015625 0.0140625 0.0203125
1 0.8765625 0.39140625 0.015625 0.01875
1 0.878125 0.38203125 0.0171875 0.01875
1 0.9046875 0.25546875 0.01875 0.021875
1 0.8796875 0.3703125 0.0171875 0.021875
1 0.9078125 0.2421875 0.0203125 0.0203125
1 0.884375 0.3609375 0.015625 0.0171875
3 0.846875 0.009375 0.03125 0.01875