3 0.11875 0.9796875 0.05 0.040625
3 0.37421875 0.78359375 0.040625 0.065625
3 0.5234375 0.17265625 0.034375 0.0546875
3 0.1375 0.828125 0.04375 0.075
3 0.40625 0.6953125 0.0359375 0.0609375
3 0.36015625 0.8453125 0.0375 0.0640625
3 0.53203125 0.1140625 0.0328125 0.0546875
1 0.43125 0.67890625 0.015625 0.0265625
1 0.515625 0.33984375 0.0140625 0.0265625
3 0.5625 0.01328125 0.03125 0.0265625
3 0.04765625 0.659375 0.05 0.059375
3 0.03984375 0.69453125 0.0359375 0.0609375
1 0.5140625 0.8078125 0.015625 0.0265625
1 0.5171875 0.7984375 0.015625 0.0265625
1 0.52109375 0.7890625 0.0140625 0.0234375
1 0.52421875 0.77890625 0.0140625 0.025
1 0.525 0.73359375 0.01875 0.021875
1 0.53046875 0.71328125 0.0171875 0.021875
1 0.5328125 0.7046875 0.015625 0.01875
1 0.53828125 0.684375 0.0140625 0.01875
1 0.5390625 0.67421875 0.0140625 0.01875
1 0.54140625 0.66484375 0.015625 0.0171875
1 0.54609375 0.64453125 0.015625 0.0203125
1 0.53046875 0.615625 0.015625 0.0203125
1 0.53359375 0.6046875 0.0140625 0.01875
1 0.5359375 0.5890625 0.0140625 0.0171875
1 0.53984375 0.58125 0.0140625 0.01875
1 0.5421875 0.56875 0.0140625 0.0171875
1 0.54609375 0.55703125 0.0125 0.0171875
1 0.546875 0.546875 0.0140625 0.0171875
1 0.54921875 0.5359375 0.0140625 0.01875
1 0.5578125 0.49296875 0.015625 0.0203125
1 0.5578125 0.50390625 0.015625 0.0203125