3 0.37109375 0.640625 0.040625 0.0421875
3 0.38984375 0.67890625 0.0390625 0.0390625
3 0.94296875 0.225 0.0421875 0.0390625
3 0.7234375 0.3421875 0.0375 0.0390625
3 0.81640625 0.30546875 0.0359375 0.040625
1 0.57109375 0.5015625 0.0203125 0.0296875
3 0.51953125 0.9671875 0.0234375 0.0609375
3 0.7578125 0.321875 0.0359375 0.0390625
1 0.65625 0.45703125 0.01875 0.01875
1 0.63828125 0.1765625 0.015625 0.0234375
1 0.6390625 0.159375 0.015625 0.01875
1 0.52578125 0.06796875 0.0125 0.0171875
1 0.53203125 0.09765625 0.0125 0.01875
1 0.5296875 0.08203125 0.0125 0.01875
1 0.52265625 0.05390625 0.0125 0.0171875
1 0.97109375 0.390625 0.009375 0.028125
1 0.82421875 0.53125 0.0140625 0.0234375
1 0.85859375 0.48515625 0.009375 0.03125
1 0.86640625 0.4859375 0.0109375 0.0296875
1 0.9546875 0.4015625 0.0125 0.025
1 0.97734375 0.3890625 0.009375 0.028125
1 0.96171875 0.396875 0.0109375 0.0265625