3 0.6328125 0.4703125 0.0390625 0.0328125
3 0.421875 0.64375 0.0453125 0.034375
3 0.91171875 0.38359375 0.0265625 0.0671875
3 0.33984375 0.45859375 0.0375 0.0328125
3 0.5046875 0.46640625 0.0421875 0.0328125
3 0.490625 0.53125 0.040625 0.0328125
3 0.671875 0.66015625 0.04375 0.0359375
3 0.47265625 0.64609375 0.0421875 0.0328125
3 0.9578125 0.60546875 0.0421875 0.0359375
3 0.21640625 0.63671875 0.0359375 0.03125
3 0.321875 0.64296875 0.040625 0.034375
3 0.403125 0.4609375 0.0453125 0.0390625
3 0.44765625 0.4625 0.0453125 0.0421875
3 0.28828125 0.45625 0.040625 0.0296875