3 0.34453125 0.6109375 0.046875 0.046875
3 0.3546875 0.65234375 0.04375 0.04375
3 0.98359375 0.3234375 0.0328125 0.04375
3 0.7515625 0.3921875 0.0421875 0.04375
3 0.85 0.375 0.040625 0.04375
1 0.56953125 0.51640625 0.025 0.0328125
3 0.421875 0.96171875 0.03125 0.0640625
3 0.7890625 0.3796875 0.040625 0.04375
1 0.66171875 0.490625 0.0203125 0.021875
1 0.70234375 0.21171875 0.01875 0.025
1 0.70703125 0.1953125 0.0171875 0.0203125
1 0.61484375 0.08203125 0.0140625 0.01875
1 0.61484375 0.11328125 0.0140625 0.0203125
1 0.61640625 0.09765625 0.015625 0.0203125
1 0.61484375 0.06796875 0.015625 0.01875
1 0.98359375 0.490625 0.0125 0.0296875
1 0.81015625 0.59765625 0.015625 0.025
1 0.85390625 0.56015625 0.0125 0.0328125
1 0.8609375 0.56171875 0.0140625 0.03125
1 0.965625 0.49765625 0.015625 0.025
1 0.990625 0.490625 0.0140625 0.0296875
1 0.97265625 0.4953125 0.0140625 0.028125