3 0.63359375 0.475 0.040625 0.034375
3 0.41640625 0.640625 0.046875 0.0359375
3 0.915625 0.3984375 0.028125 0.0671875
3 0.34140625 0.453125 0.0390625 0.034375
3 0.50546875 0.4671875 0.0421875 0.034375
3 0.48984375 0.53125 0.040625 0.034375
3 0.66640625 0.66640625 0.04375 0.0375
3 0.4671875 0.64453125 0.0421875 0.034375
3 0.95390625 0.62109375 0.0421875 0.0375
3 0.21171875 0.6265625 0.0375 0.03125
3 0.3171875 0.63671875 0.040625 0.0359375
3 0.4046875 0.4578125 0.046875 0.040625
3 0.44921875 0.4609375 0.046875 0.04375
3 0.28984375 0.44921875 0.040625 0.0296875