3 0.55546875 0.66015625 0.0375 0.0546875
3 0.584375 0.66953125 0.040625 0.05625
3 0.83359375 0.56328125 0.046875 0.0578125
3 0.78359375 0.05390625 0.03125 0.0390625
3 0.5515625 0.38125 0.0359375 0.0515625
3 0.6921875 0.465625 0.04375 0.059375
3 0.41640625 0.95390625 0.0484375 0.0640625
3 0.496875 0.87109375 0.04375 0.0625
3 0.2734375 0.0640625 0.025 0.0375
3 0.4671875 0.934375 0.0421875 0.059375
3 0.58046875 0.378125 0.034375 0.04375
3 0.7265625 0.2453125 0.0265625 0.0421875
3 0.45859375 0.30078125 0.03125 0.046875
3 0.37734375 0.99609375 0.0359375 0.0078125
3 0.22890625 0.09765625 0.0265625 0.0421875
3 0.7125 0.146875 0.028125 0.0375
3 0.71796875 0.19140625 0.0328125 0.0453125
3 0.77890625 0.0171875 0.0296875 0.034375
3 0.76328125 0.04375 0.0328125 0.046875
1 0.47265625 0.359375 0.0171875 0.0265625
1 0.5828125 0.640625 0.01875 0.028125
1 0.63828125 0.60234375 0.015625 0.0265625