3 0.5296875 0.6671875 0.0296875 0.05
3 0.55703125 0.68046875 0.0328125 0.0515625
3 0.81953125 0.61484375 0.03984375 0.0515625
3 0.85 0.10390625 0.02578125 0.0359375
3 0.56953125 0.390625 0.02890625 0.046875
3 0.6953125 0.49609375 0.03515625 0.0546875
3 0.34609375 0.93515625 0.03984375 0.0578125
3 0.4390625 0.86640625 0.034375 0.0578125
3 0.34453125 0.034375 0.01953125 0.034375
3 0.39921875 0.92421875 0.034375 0.0546875
3 0.5984375 0.3921875 0.028125 0.040625
3 0.76328125 0.28359375 0.0203125 0.0390625
3 0.490625 0.296875 0.025 0.04375
3 0.29921875 0.98359375 0.03203125 0.0296875
3 0.2953125 0.06015625 0.0203125 0.0390625
3 0.76484375 0.184375 0.0234375 0.034375
3 0.76328125 0.22890625 0.02578125 0.0421875
3 0.8515625 0.06484375 0.025 0.0359375
3 0.83125 0.090625 0.02578125 0.04296875
1 0.4953125 0.35703125 0.01328125 0.025
1 0.56015625 0.6515625 0.0140625 0.0265625
1 0.6203125 0.62265625 0.01171875 0.02578125