3 0.5265625 0.66796875 0.03125 0.05
3 0.55390625 0.68125 0.034375 0.0515625
3 0.8171875 0.6203125 0.040625 0.0515625
3 0.85703125 0.11015625 0.0265625 0.0359375
3 0.57109375 0.3921875 0.0296875 0.046875
3 0.6953125 0.49921875 0.0359375 0.0546875
3 0.33828125 0.93203125 0.040625 0.0578125
3 0.4328125 0.865625 0.0359375 0.0578125
3 0.35234375 0.03203125 0.0203125 0.034375
3 0.3921875 0.92265625 0.0359375 0.0546875
3 0.6 0.39375 0.028125 0.040625
3 0.7671875 0.28828125 0.0203125 0.0390625
3 0.49453125 0.296875 0.025 0.04375
3 0.290625 0.9796875 0.0328125 0.0296875
3 0.303125 0.05703125 0.0203125 0.0390625
3 0.7703125 0.1890625 0.0234375 0.034375
3 0.76796875 0.23359375 0.0265625 0.0421875
3 0.859375 0.07109375 0.025 0.0359375
3 0.83828125 0.09609375 0.0265625 0.04375
1 0.49765625 0.35703125 0.0140625 0.025
1 0.5578125 0.65234375 0.0140625 0.0265625
1 0.61796875 0.625 0.0125 0.0265625