3 0.63046875 0.4609375 0.0375 0.0296875
3 0.43203125 0.64921875 0.04375 0.03125
3 0.90234375 0.35546875 0.021875 0.065625
3 0.3375 0.46953125 0.0359375 0.0296875
3 0.50234375 0.46640625 0.0390625 0.0296875
3 0.49296875 0.53203125 0.0375 0.0296875
3 0.6828125 0.64765625 0.040625 0.0328125
3 0.4828125 0.64765625 0.0390625 0.0296875
3 0.9640625 0.57265625 0.0390625 0.0328125
3 0.2265625 0.65625 0.034375 0.028125
3 0.3328125 0.6546875 0.0375 0.03125
3 0.40078125 0.46796875 0.04375 0.0359375
3 0.4453125 0.46640625 0.0421875 0.0390625
3 0.2859375 0.47109375 0.0390625 0.0265625