3 0.23125 0.6796875 0.046875 0.0453125
3 0.4078125 0.46484375 0.0484375 0.05
3 0.2296875 0.490625 0.0421875 0.0375
3 0.30625 0.28671875 0.0484375 0.04375
3 0.071875 0.72734375 0.05 0.04375
3 0.315625 0.33125 0.05 0.04375
3 0.04765625 0.54453125 0.0453125 0.0390625
3 0.121875 0.71171875 0.053125 0.0453125
3 0.1078125 0.5265625 0.0453125 0.040625
3 0.825 0.88828125 0.034375 0.0765625
3 0.0109375 0.5515625 0.021875 0.03125
1 0.90703125 0.315625 0.0203125 0.01875
1 0.253125 0.52734375 0.01875 0.0171875
3 0.471875 0.328125 0.0296875 0.071875
3 0.98125 0.62109375 0.0375 0.0390625
1 0.00234375 0.52265625 0.0046875 0.0234375
1 0.05625 0.50859375 0.0109375 0.025
1 0.0984375 0.496875 0.0109375 0.0265625
1 0.1015625 0.49140625 0.009375 0.0265625
1 0.1078125 0.49296875 0.009375 0.0234375
1 0.1125 0.4890625 0.009375 0.0234375
1 0.1171875 0.4890625 0.009375 0.025
1 0.121875 0.48671875 0.0109375 0.025
1 0.134375 0.4859375 0.009375 0.025
1 0.1390625 0.4859375 0.0109375 0.028125
1 0.2125 0.453125 0.0203125 0.0140625
1 0.3375 0.46015625 0.0171875 0.015625
1 0.32890625 0.43515625 0.0109375 0.0234375
1 0.33515625 0.43359375 0.0125 0.0265625
1 0.34140625 0.43203125 0.0109375 0.025
1 0.271875 0.4515625 0.0109375 0.0296875
1 0.25390625 0.45625 0.0109375 0.0296875
1 0.2625 0.4515625 0.009375 0.0234375
1 0.3515625 0.43046875 0.0109375 0.0265625
1 0.3828125 0.41953125 0.0109375 0.0265625
1 0.38984375 0.41953125 0.009375 0.025
1 0.43125 0.409375 0.0078125 0.0234375
1 0.9140625 0.18515625 0.015625 0.025
1 0.93515625 0.20703125 0.0125 0.021875
1 0.803125 0.05078125 0.0109375 0.01875
3 0.59609375 0.121875 0.028125 0.065625
3 0.5828125 0.0578125 0.0296875 0.06875
3 0.34609375 0.171875 0.03125 0.071875
1 0.484375 0.22734375 0.0125 0.0265625
1 0.4734375 0.22421875 0.0171875 0.03125