3 0.575 0.20703125 0.0421875 0.0578125
3 0.796875 0.56171875 0.040625 0.0578125
3 0.2859375 0.4875 0.0390625 0.0640625
3 0.73828125 0.553125 0.040625 0.0609375
3 0.621875 0.1125 0.0375 0.0609375
3 0.08046875 0.1328125 0.0375 0.0375
3 0.74375 0.48125 0.040625 0.05625
3 0.7109375 0.44296875 0.040625 0.059375
1 0.7359375 0.71875 0.015625 0.021875
1 0.74140625 0.72734375 0.0140625 0.01875
1 0.746875 0.73828125 0.0140625 0.0203125
1 0.75234375 0.74609375 0.015625 0.01875
1 0.78984375 0.7796875 0.015625 0.028125
1 0.79609375 0.7890625 0.015625 0.028125
1 0.809375 0.803125 0.0140625 0.025
1 0.815625 0.81015625 0.015625 0.025
1 0.82109375 0.815625 0.015625 0.028125
1 0.83515625 0.8328125 0.015625 0.0234375
1 0.85078125 0.8171875 0.0125 0.0203125
1 0.859375 0.82734375 0.0140625 0.0203125
1 0.87578125 0.8484375 0.0125 0.0234375
1 0.88984375 0.86796875 0.015625 0.028125
1 0.88203125 0.85546875 0.0125 0.0265625
1 0.86875 0.8421875 0.0125 0.021875
1 0.8984375 0.8734375 0.015625 0.0234375
1 0.90390625 0.8828125 0.0125 0.025
1 0.909375 0.8859375 0.0125 0.0234375
1 0.9140625 0.89140625 0.0140625 0.0234375
3 0.93671875 0.7125 0.0453125 0.06875
4 0.73046875 0.21015625 0.009375 0.0140625
4 0.73828125 0.21328125 0.0078125 0.0140625
4 0.73828125 0.19765625 0.009375 0.0140625
4 0.74609375 0.20625 0.009375 0.0140625
1 0.31328125 0.96484375 0.0171875 0.03125