3 0.2109375 0.6453125 0.04375 0.040625
3 0.41328125 0.45390625 0.04375 0.0453125
3 0.2328125 0.4578125 0.0390625 0.034375
3 0.33359375 0.26484375 0.0453125 0.0390625
3 0.04765625 0.6734375 0.046875 0.0390625
3 0.33828125 0.31015625 0.046875 0.0390625
3 0.04609375 0.48984375 0.0421875 0.034375
3 0.0984375 0.6640625 0.0484375 0.040625
3 0.1078125 0.47890625 0.0421875 0.0375
3 0.77578125 0.925 0.025 0.075
3 0.00859375 0.49140625 0.0171875 0.0296875
1 0.92578125 0.3671875 0.01875 0.015625
1 0.2515625 0.496875 0.0171875 0.015625
3 0.49296875 0.32578125 0.021875 0.071875
3 0.96796875 0.68046875 0.04375 0.034375
1 0.00234375 0.4609375 0.0046875 0.021875
1 0.05859375 0.45390625 0.009375 0.025
1 0.1015625 0.44765625 0.0078125 0.0265625
1 0.10546875 0.44296875 0.00625 0.0265625
1 0.11171875 0.4453125 0.0078125 0.0234375
1 0.1171875 0.4421875 0.0078125 0.0234375
1 0.121875 0.44296875 0.00625 0.025
1 0.1265625 0.440625 0.0078125 0.025
1 0.1390625 0.44140625 0.00625 0.025
1 0.14375 0.4421875 0.0078125 0.028125
1 0.2203125 0.41875 0.01875 0.0109375
1 0.34375 0.440625 0.0171875 0.0140625
1 0.33828125 0.41484375 0.009375 0.0234375
1 0.34453125 0.4140625 0.009375 0.0265625
1 0.35078125 0.41328125 0.009375 0.0234375
1 0.2796875 0.4234375 0.0078125 0.0296875
1 0.2609375 0.4265625 0.0078125 0.0296875
1 0.26953125 0.42265625 0.00625 0.0234375
1 0.36171875 0.4125 0.0078125 0.0265625
1 0.39296875 0.40546875 0.009375 0.025
1 0.4 0.40703125 0.0078125 0.025
1 0.44296875 0.4015625 0.00625 0.0234375
1 0.94921875 0.2375 0.0125 0.0234375
1 0.9671875 0.2625 0.0109375 0.021875
1 0.78125 0.009375 0.009375 0.01875
1 0.7921875 0.021875 0.009375 0.0265625
1 0.85625 0.09140625 0.009375 0.0171875
1 0.76640625 0.0046875 0.0078125 0.009375
3 0.64140625 0.1359375 0.0203125 0.065625
3 0.6359375 0.071875 0.0203125 0.06875
3 0.3875 0.15546875 0.0234375 0.071875
1 0.51796875 0.228125 0.009375 0.0265625
1 0.50703125 0.22265625 0.0125 0.03125