3 0.2015625 0.625 0.040625 0.0375
3 0.41640625 0.44765625 0.04140625 0.0421875
3 0.23671875 0.4390625 0.0375 0.03125
3 0.35078125 0.25390625 0.04296875 0.0359375
3 0.03671875 0.64140625 0.04375 0.0359375
3 0.3515625 0.29921875 0.04453125 0.0359375
3 0.04765625 0.4578125 0.040625 0.03125
3 0.08828125 0.6359375 0.04609375 0.0375
3 0.11015625 0.4515625 0.03984375 0.034375
3 0.7453125 0.94296875 0.0203125 0.0734375
3 0.009375 0.4578125 0.01875 0.028125
1 0.934375 0.396875 0.01796875 0.01484375
1 0.25234375 0.4796875 0.01640625 0.0140625
3 0.50546875 0.32578125 0.0171875 0.0703125
3 0.95390625 0.7125 0.0421875 0.03125
1 0.00390625 0.4265625 0.0078125 0.021875
1 0.0625 0.4234375 0.00703125 0.02421875
1 0.10625 0.4203125 0.00625 0.02578125
1 0.11015625 0.415625 0.0046875 0.02578125
1 0.11640625 0.41796875 0.00546875 0.02265625
1 0.121875 0.415625 0.00546875 0.0234375
1 0.1265625 0.41640625 0.0046875 0.025
1 0.13125 0.41484375 0.00625 0.025
1 0.14375 0.41640625 0.0046875 0.025
1 0.1484375 0.4171875 0.00625 0.028125
1 0.2265625 0.39921875 0.01796875 0.01015625
1 0.3484375 0.4296875 0.015625 0.01328125
1 0.34453125 0.40390625 0.00703125 0.02265625
1 0.35078125 0.403125 0.00703125 0.02578125
1 0.35703125 0.403125 0.00703125 0.0234375
1 0.28515625 0.40859375 0.00546875 0.0296875
1 0.26640625 0.41015625 0.00546875 0.02890625
1 0.27578125 0.40703125 0.0046875 0.0234375
1 0.36796875 0.403125 0.00546875 0.02578125
1 0.4 0.3984375 0.00703125 0.025
1 0.40703125 0.4 0.00546875 0.025
1 0.45 0.39765625 0.00390625 0.02265625
1 0.96640625 0.26953125 0.0109375 0.02265625
1 0.9828125 0.2953125 0.009375 0.02109375
1 0.81484375 0.02734375 0.00703125 0.0265625
1 0.825 0.04375 0.0078125 0.02578125
1 0.88359375 0.1171875 0.00859375 0.0171875
1 0.8015625 0.0171875 0.00625 0.025
3 0.66640625 0.146875 0.015625 0.0640625
3 0.665625 0.08203125 0.01640625 0.0671875
3 0.41171875 0.1484375 0.01796875 0.0703125
1 0.53671875 0.2296875 0.0078125 0.02578125
1 0.5265625 0.22421875 0.0109375 0.03046875