3 0.6296875 0.45859375 0.03671875 0.0296875
3 0.434375 0.65 0.04296875 0.03125
3 0.9 0.3484375 0.0203125 0.065625
3 0.33671875 0.47265625 0.03515625 0.0296875
3 0.5015625 0.46640625 0.0390625 0.0296875
3 0.49375 0.53203125 0.0375 0.0296875
3 0.68515625 0.64453125 0.040625 0.0328125
3 0.48515625 0.64765625 0.0390625 0.0296875
3 0.965625 0.56484375 0.0390625 0.0328125
3 0.2296875 0.6609375 0.03359375 0.028125
3 0.33515625 0.6578125 0.0375 0.03125
3 0.4 0.46953125 0.04296875 0.03515625
3 0.44453125 0.4671875 0.0421875 0.03828125
3 0.28515625 0.475 0.03828125 0.02578125