3 0.21640625 0.65546875 0.04375 0.0421875
3 0.41171875 0.45703125 0.0453125 0.046875
3 0.23203125 0.4671875 0.040625 0.034375
3 0.32578125 0.27109375 0.046875 0.040625
3 0.05390625 0.6890625 0.046875 0.040625
3 0.33125 0.315625 0.0484375 0.040625
3 0.04609375 0.50546875 0.04375 0.0359375
3 0.1046875 0.678125 0.05 0.0421875
3 0.10703125 0.4921875 0.04375 0.0390625
3 0.790625 0.91484375 0.028125 0.075
3 0.009375 0.50859375 0.01875 0.0296875
1 0.92109375 0.35234375 0.01875 0.0171875
1 0.2515625 0.50546875 0.0171875 0.015625
3 0.4875 0.32578125 0.025 0.071875
3 0.9734375 0.6640625 0.0453125 0.0359375
1 0.0015625 0.478125 0.003125 0.021875
1 0.05703125 0.46953125 0.009375 0.025
1 0.1 0.46171875 0.009375 0.0265625
1 0.103125 0.45703125 0.0078125 0.0265625
1 0.11015625 0.45859375 0.0078125 0.0234375
1 0.11484375 0.45546875 0.0078125 0.0234375
1 0.11953125 0.45625 0.0078125 0.025
1 0.12421875 0.45390625 0.009375 0.025
1 0.13671875 0.45390625 0.0078125 0.025
1 0.14140625 0.4546875 0.009375 0.028125
1 0.2171875 0.428125 0.01875 0.0125
1 0.3421875 0.44609375 0.0171875 0.0140625
1 0.33515625 0.4203125 0.009375 0.0234375
1 0.34140625 0.41953125 0.009375 0.0265625
1 0.34765625 0.41875 0.009375 0.0234375
1 0.2765625 0.43125 0.0078125 0.0296875
1 0.25859375 0.43515625 0.0078125 0.0296875
1 0.2671875 0.43125 0.0078125 0.0234375
1 0.35859375 0.4171875 0.0078125 0.0265625
1 0.38984375 0.409375 0.009375 0.025
1 0.396875 0.41015625 0.0078125 0.025
1 0.43984375 0.403125 0.00625 0.0234375
1 0.93984375 0.221875 0.0125 0.0234375
1 0.95859375 0.24609375 0.0109375 0.021875
1 0.7640625 0.0046875 0.009375 0.009375
1 0.77578125 0.0125 0.0109375 0.025
1 0.84140625 0.07890625 0.0109375 0.01875
3 0.62890625 0.13125 0.021875 0.065625
3 0.62109375 0.0671875 0.0234375 0.06875
3 0.37578125 0.159375 0.025 0.071875
1 0.50859375 0.22734375 0.0109375 0.0265625
1 0.49765625 0.22265625 0.0140625 0.03125