3 0.18671875 0.58203125 0.0453125 0.0421875
3 0.42421875 0.43671875 0.046875 0.046875
3 0.24765625 0.403125 0.0421875 0.0359375
3 0.38671875 0.23515625 0.046875 0.0421875
3 0.02265625 0.57578125 0.0453125 0.0421875
3 0.38125 0.28046875 0.0484375 0.0421875
3 0.0578125 0.3953125 0.0453125 0.0359375
3 0.0734375 0.57734375 0.0515625 0.04375
3 0.1203125 0.39765625 0.04375 0.0390625
3 0.68046875 0.9671875 0.0296875 0.065625
3 0.0203125 0.38984375 0.021875 0.0296875
1 0.94453125 0.45859375 0.0203125 0.0171875
1 0.2578125 0.4453125 0.01875 0.015625
3 0.5296875 0.328125 0.0265625 0.071875
3 0.91953125 0.7734375 0.046875 0.0375
1 0.01875 0.35859375 0.0109375 0.0234375
1 0.07734375 0.36328125 0.0109375 0.025
1 0.12109375 0.36640625 0.009375 0.0265625
1 0.12578125 0.3625 0.0078125 0.0265625
1 0.13125 0.365625 0.0078125 0.0234375
1 0.1375 0.3640625 0.009375 0.0234375
1 0.1421875 0.365625 0.0078125 0.025
1 0.146875 0.3640625 0.009375 0.025
1 0.15859375 0.36796875 0.0078125 0.025
1 0.16328125 0.36875 0.009375 0.028125
1 0.24296875 0.3625 0.01875 0.0125
1 0.359375 0.409375 0.0171875 0.015625
1 0.359375 0.38359375 0.009375 0.0234375
1 0.365625 0.38359375 0.0109375 0.0265625
1 0.371875 0.384375 0.0109375 0.0234375
1 0.3 0.3796875 0.009375 0.0296875
1 0.28125 0.37890625 0.009375 0.0296875
1 0.290625 0.3765625 0.0078125 0.0234375
1 0.3828125 0.3859375 0.009375 0.0265625
1 0.41484375 0.38515625 0.0109375 0.025
1 0.421875 0.38828125 0.009375 0.025
1 0.46484375 0.39140625 0.00625 0.0234375
1 0.99296875 0.33671875 0.0140625 0.0234375
1 0.87734375 0.07578125 0.0109375 0.0265625
1 0.88515625 0.09375 0.0109375 0.0265625
1 0.9328125 0.17421875 0.0109375 0.01875
1 0.865625 0.0640625 0.009375 0.025
3 0.7140625 0.1734375 0.025 0.065625
3 0.721875 0.109375 0.025 0.06875
3 0.46171875 0.13984375 0.028125 0.071875
1 0.57421875 0.2375 0.0109375 0.0265625
1 0.56484375 0.23046875 0.015625 0.03125