3 0.20390625 0.66875 0.040625 0.0515625
3 0.3828125 0.2859375 0.0359375 0.0515625
3 0.49765625 0.19375 0.028125 0.040625
3 0.2484375 0.63515625 0.0421875 0.0515625
3 0.11953125 0.80625 0.0421875 0.059375
3 0.5734375 0.73984375 0.034375 0.0546875
3 0.159375 0.75078125 0.0421875 0.0578125
3 0.696875 0.92890625 0.040625 0.0671875
3 0.621875 0.82265625 0.0390625 0.0671875
3 0.7234375 0.96875 0.01875 0.0171875
1 0.5296875 0.7328125 0.0140625 0.0265625
1 0.3578125 0.26640625 0.0109375 0.0203125
1 0.334375 0.30390625 0.0140625 0.0203125
1 0.1625 0.83671875 0.0234375 0.0296875
1 0.209375 0.75859375 0.0171875 0.0265625