3 0.1859375 0.63125 0.034375 0.04765625
3 0.409375 0.2734375 0.03046875 0.0484375
3 0.53515625 0.19609375 0.0234375 0.03828125
3 0.23359375 0.603125 0.0375 0.046875
3 0.08515625 0.7578125 0.03515625 0.05625
3 0.54375 0.746875 0.028125 0.05234375
3 0.13125 0.70703125 0.0359375 0.053125
3 0.64296875 0.95 0.03359375 0.0640625
3 0.58125 0.83515625 0.03125 0.0640625
3 0.66484375 0.9921875 0.0171875 0.015625
1 0.50078125 0.734375 0.0109375 0.025
1 0.3875 0.25078125 0.00859375 0.01875
1 0.359375 0.28515625 0.0125 0.01953125
1 0.12421875 0.79296875 0.01953125 0.028125
1 0.1796875 0.72109375 0.01484375 0.025