2 0.80234375 0.5484375 0.0421875 0.0421875
3 0.1515625 0.62265625 0.0421875 0.0375
3 0.29921875 0.55 0.0390625 0.0375
2 0.45390625 0.60234375 0.040625 0.0390625
3 0.40703125 0.565625 0.0359375 0.0328125
3 0.45 0.571875 0.0390625 0.0375
3 0.1890625 0.12109375 0.021875 0.040625
3 0.6390625 0.21875 0.0203125 0.0390625
3 0.628125 0.10234375 0.01875 0.034375
3 0.59765625 0.00703125 0.0203125 0.0140625
3 0.16015625 0.1171875 0.021875 0.0390625
3 0.50859375 0.57578125 0.0375 0.0359375
3 0.078125 0.55546875 0.0390625 0.0359375
3 0.01484375 0.4546875 0.0296875 0.034375
3 0.290625 0.49296875 0.0375 0.034375
3 0.6578125 0.50078125 0.0296875 0.0578125
3 0.25078125 0.57265625 0.040625 0.0390625
3 0.228125 0.43359375 0.0375 0.0359375
3 0.1859375 0.43203125 0.0375 0.0375
3 0.00390625 0.41015625 0.0078125 0.0328125
3 0.06875 0.41953125 0.0375 0.0328125
3 0.028125 0.41328125 0.0375 0.0328125
3 0.29296875 0.44453125 0.034375 0.0359375
3 0.2296875 0.653125 0.034375 0.0421875
2 0.50078125 0.60859375 0.040625 0.0375
3 0.553125 0.6046875 0.0390625 0.04375
3 0.30546875 0.5796875 0.046875 0.0375
1 0.78515625 0.509375 0.0140625 0.0171875
1 0.7484375 0.50390625 0.01875 0.01875
1 0.57578125 0.2109375 0.009375 0.021875
3 0.37578125 0.090625 0.0359375 0.040625
3 0.37109375 0.11484375 0.0296875 0.0375
3 0.3515625 0.14921875 0.0296875 0.0453125
3 0.2015625 0.06875 0.025 0.0375
3 0.1609375 0.065625 0.0234375 0.0375
3 0.9265625 0.91015625 0.040625 0.0515625