3 0.33828125 0.0640625 0.015625 0.034375
3 0.39375 0.8703125 0.0234375 0.06875
3 0.3609375 0.35546875 0.0171875 0.046875
3 0.36328125 0.4078125 0.0171875 0.0453125
3 0.3875 0.7578125 0.01875 0.053125
3 0.4 0.11015625 0.015625 0.0359375
3 0.340625 0.140625 0.015625 0.040625
3 0.5046875 0.6046875 0.021875 0.0453125
3 0.38515625 0.68984375 0.0203125 0.0484375
3 0.475 0.41640625 0.01875 0.0453125
3 0.51171875 0.6640625 0.01875 0.0515625
3 0.51484375 0.74140625 0.0203125 0.059375
3 0.39921875 0.9390625 0.021875 0.05625
3 0.36796875 0.46015625 0.0171875 0.0484375
3 0.35390625 0.2828125 0.0171875 0.0421875
3 0.35 0.23515625 0.0203125 0.046875