3 0.409375 0.6171875 0.034375 0.0375
3 0.184375 0.50703125 0.0328125 0.034375
3 0.2640625 0.63671875 0.0359375 0.0296875
3 0.55390625 0.68828125 0.0375 0.0375
3 0.3234375 0.4703125 0.03125 0.0359375
3 0.61328125 0.71484375 0.0375 0.040625
3 0.5125 0.665625 0.0296875 0.034375
3 0.653125 0.7609375 0.040625 0.05
3 0.20859375 0.5484375 0.0328125 0.034375
3 0.42265625 0.51875 0.0328125 0.034375
3 0.3625 0.4828125 0.0359375 0.0359375
3 0.16875 0.446875 0.0296875 0.028125
3 0.01328125 0.33125 0.0265625 0.03125
3 0.59765625 0.096875 0.0265625 0.025
3 0.3703125 0.19375 0.0171875 0.034375
3 0.4109375 0.64609375 0.0390625 0.0359375
3 0.58359375 0.1234375 0.0265625 0.025
3 0.7671875 0.540625 0.025 0.05
3 0.359375 0.6203125 0.0375 0.046875
3 0.5015625 0.00859375 0.015625 0.0171875
3 0.34765625 0.184375 0.01875 0.0375
3 0.01953125 0.54921875 0.0359375 0.04375
3 0.896875 0.86328125 0.04375 0.0546875
3 0.08046875 0.36015625 0.028125 0.028125
3 0.33828125 0.57890625 0.0359375 0.0359375
3 0.1265625 0.38125 0.0265625 0.028125
1 0.71953125 0.721875 0.0125 0.0265625
3 0.15625 0.396875 0.025 0.028125
3 0.32578125 0.68671875 0.028125 0.0375
3 0.22109375 0.4265625 0.03125 0.03125
3 0.04453125 0.35 0.0296875 0.0296875
3 0.51953125 0.0796875 0.0171875 0.03125
3 0.525 0.0140625 0.01875 0.028125
2 0.93515625 0.803125 0.05 0.053125
1 0.74921875 0.35 0.0140625 0.025
3 0.834375 0.12109375 0.01875 0.034375
3 0.8609375 0.0359375 0.015625 0.028125
1 0.884375 0.01875 0.0109375 0.015625
3 0.60546875 0.034375 0.03125 0.025
3 0.5515625 0.2203125 0.025 0.0328125
3 0.54296875 0.24140625 0.028125 0.0375
3 0.5171875 0.2609375 0.0203125 0.03125
3 0.3796875 0.06875 0.0171875 0.0296875
3 0.39140625 0.075 0.0203125 0.034375
3 0.39140625 0.1515625 0.0171875 0.03125
3 0.4890625 0.00859375 0.015625 0.0171875
3 0.53828125 0.0171875 0.0203125 0.034375
1 0.27578125 0.06796875 0.0109375 0.0109375
1 0.2796875 0.059375 0.0109375 0.0109375
1 0.2671875 0.08671875 0.0109375 0.0109375
1 0.26328125 0.09765625 0.0109375 0.0109375
1 0.2671875 0.09296875 0.009375 0.009375
1 0.2484375 0.08046875 0.009375 0.0125
1 0.25234375 0.07578125 0.009375 0.0140625
1 0.25390625 0.0703125 0.0078125 0.0109375
1 0.240625 0.10546875 0.0125 0.0109375
1 0.2375 0.1125 0.0109375 0.0125
1 0.284375 0.0453125 0.009375 0.0109375
1 0.28046875 0.05390625 0.0125 0.015625
1 0.28671875 0.03515625 0.009375 0.0125
1 0.28984375 0.0296875 0.009375 0.0125
1 0.29140625 0.025 0.009375 0.009375
1 0.2625 0.046875 0.009375 0.0125
1 0.26015625 0.05390625 0.009375 0.0109375
1 0.25625 0.0625 0.009375 0.0109375
3 0.18671875 0.40859375 0.0328125 0.0359375
1 0.87890625 0.73359375 0.0171875 0.0203125
1 0.91875 0.75234375 0.01875 0.0171875
1 0.32890625 0.646875 0.0171875 0.021875
2 0.55234375 0.72109375 0.0421875 0.046875
2 0.5984375 0.74375 0.040625 0.046875
3 0.12578125 0.55859375 0.0328125 0.0375