3 0.56328125 0.59609375 0.0421875 0.065625
3 0.59453125 0.60390625 0.04375 0.065625
3 0.47109375 0.89453125 0.0421875 0.059375
3 0.38046875 0.97421875 0.0453125 0.0515625
3 0.42109375 0.9125 0.046875 0.065625
3 0.5015625 0.83046875 0.0421875 0.0625
3 0.78671875 0.02734375 0.0328125 0.0546875
3 0.91953125 0.7296875 0.0421875 0.0671875
3 0.72265625 0.26015625 0.046875 0.0578125
1 0.659375 0.18125 0.015625 0.0171875
3 0.87578125 0.0515625 0.0453125 0.059375
3 0.909375 0.01015625 0.025 0.0203125
1 0.48359375 0.19453125 0.0140625 0.0234375
3 0.88359375 0.49453125 0.059375 0.0765625
3 0.6140625 0.625 0.015625 0.025
3 0.96953125 0.61875 0.0484375 0.0609375
1 0.50625 0.24375 0.0203125 0.0296875