2 0.790625 0.5953125 0.03671875 0.0375
3 0.13671875 0.56640625 0.0375 0.0328125
3 0.29375 0.51796875 0.03359375 0.0328125
2 0.43828125 0.59375 0.03515625 0.034375
3 0.39765625 0.55 0.03203125 0.028125
3 0.4390625 0.56328125 0.034375 0.0328125
3 0.25234375 0.07734375 0.01640625 0.0390625
3 0.68125 0.24375 0.0140625 0.0375
3 0.6890625 0.12734375 0.01328125 0.0328125
3 0.675 0.0171875 0.01484375 0.034375
3 0.22421875 0.06875 0.015625 0.0375
3 0.496875 0.5765625 0.03359375 0.03125
3 0.07421875 0.4890625 0.03515625 0.03125
3 0.025 0.37890625 0.03359375 0.0296875
3 0.29453125 0.46015625 0.03359375 0.0296875
3 0.65546875 0.52578125 0.021875 0.0546875
3 0.2421875 0.5328125 0.0359375 0.034375
3 0.2421875 0.3921875 0.03359375 0.03125
3 0.20078125 0.38359375 0.0328125 0.0328125
3 0.01328125 0.33203125 0.0265625 0.0296875
3 0.08671875 0.353125 0.03359375 0.028125
3 0.04765625 0.340625 0.0328125 0.028125
3 0.30390625 0.4125 0.03046875 0.03125
3 0.209375 0.609375 0.028125 0.0375
2 0.48359375 0.60703125 0.03515625 0.0328125
3 0.5359375 0.61171875 0.03359375 0.0390625
3 0.2953125 0.5484375 0.04296875 0.03125
1 0.78046875 0.55390625 0.0125 0.015625
1 0.74453125 0.54296875 0.015625 0.01640625
1 0.6203125 0.2265625 0.00703125 0.0203125
3 0.44140625 0.0765625 0.03046875 0.03671875
3 0.4328125 0.09921875 0.025 0.034375
3 0.40859375 0.13046875 0.02421875 0.04140625
3 0.27265625 0.02734375 0.01953125 0.03515625
3 0.2328125 0.01796875 0.01796875 0.03515625
3 0.85703125 0.971875 0.034375 0.04609375