3 0.11640625 0.30546875 0.0375 0.0515625
3 0.775 0.28203125 0.0328125 0.05625
3 0.41796875 0.7796875 0.0359375 0.0640625
3 0.50859375 0.6625 0.03125 0.0625
3 0.3125 0.53515625 0.034375 0.0515625
3 0.6390625 0.95234375 0.0421875 0.0671875
3 0.2171875 0.503125 0.0328125 0.053125
3 0.1421875 0.35390625 0.0296875 0.05
3 0.62109375 0.41328125 0.0359375 0.0578125
3 0.89453125 0.07578125 0.0296875 0.05
3 0.34609375 0.60234375 0.0390625 0.0578125
3 0.5921875 0.96796875 0.04375 0.0640625
3 0.31484375 0.61640625 0.0359375 0.05625
3 0.78046875 0.05625 0.03125 0.0515625
3 0.5546875 0.4484375 0.0359375 0.0625
3 0.79765625 0.33359375 0.03125 0.05
1 0.89296875 0.115625 0.0125 0.021875
1 0.45 0.946875 0.015625 0.021875
1 0.5125 0.79453125 0.0125 0.0296875