3 0.090625 0.36796875 0.0390625 0.053125
3 0.7375 0.24140625 0.0328125 0.05625
3 0.4625 0.7890625 0.0375 0.065625
3 0.534375 0.659375 0.03125 0.0625
3 0.3203125 0.5640625 0.034375 0.053125
3 0.7078125 0.925 0.0421875 0.0671875
3 0.22109375 0.546875 0.0328125 0.053125
3 0.1234375 0.41171875 0.03125 0.05
3 0.60625 0.3953125 0.0375 0.059375
3 0.8234375 0.021875 0.03125 0.04375
3 0.3640625 0.625 0.040625 0.059375
3 0.66484375 0.95078125 0.0453125 0.0703125
3 0.33515625 0.64375 0.0375 0.0578125
3 0.70703125 0.021875 0.0328125 0.04375
3 0.54609375 0.440625 0.0375 0.0640625
3 0.76796875 0.2890625 0.03125 0.05
1 0.82734375 0.05859375 0.0140625 0.0234375
1 0.5203125 0.94921875 0.015625 0.021875
1 0.55859375 0.7890625 0.0140625 0.03125