3 0.53046875 0.6109375 0.04375 0.065625
3 0.5578125 0.628125 0.0453125 0.065625
3 0.35078125 0.86640625 0.04375 0.059375
3 0.23828125 0.9203125 0.046875 0.065625
3 0.296875 0.86796875 0.0484375 0.0671875
3 0.39921875 0.81484375 0.04375 0.0625
3 0.9203125 0.13828125 0.034375 0.0578125
3 0.828125 0.8484375 0.0453125 0.0671875
3 0.7859375 0.340625 0.0484375 0.059375
1 0.75 0.24609375 0.015625 0.0171875
3 0.9859375 0.18984375 0.028125 0.0609375
1 0.57890625 0.2046875 0.015625 0.0234375
3 0.86640625 0.61328125 0.0625 0.078125
3 0.56953125 0.65390625 0.015625 0.025
3 0.91015625 0.7578125 0.05 0.0625
3 0.97421875 0.08515625 0.0234375 0.021875
1 0.58515625 0.2578125 0.0203125 0.0296875