3 0.7578125 0.67109375 0.0390625 0.0390625
3 0.8296875 0.7609375 0.04375 0.04375
3 0.196875 0.909375 0.0421875 0.0484375
3 0.5203125 0.44140625 0.0296875 0.0640625
3 0.65625 0.75 0.0375 0.0375
3 0.7609375 0.6 0.0390625 0.0359375
2 0.07109375 0.84609375 0.0484375 0.0359375
3 0.09453125 0.909375 0.053125 0.0375
3 0.5328125 0.53125 0.0296875 0.071875
3 0.50390625 0.50703125 0.025 0.06875
1 0.8859375 0.5921875 0.0203125 0.021875
1 0.96015625 0.7375 0.021875 0.0265625
1 0.9 0.7609375 0.0234375 0.015625
1 0.8296875 0.60546875 0.0171875 0.01875
1 0.7671875 0.63046875 0.015625 0.01875
1 0.74140625 0.64140625 0.01875 0.0125
1 0.50078125 0.66484375 0.0140625 0.0234375
1 0.49765625 0.62421875 0.0140625 0.03125
1 0.4484375 0.128125 0.01875 0.028125
1 0.440625 0.03984375 0.009375 0.021875
1 0.39453125 0.96875 0.021875 0.0203125
1 0.1609375 0.75703125 0.0125 0.028125
3 0.45390625 0.32421875 0.028125 0.0640625
3 0.43125 0.13671875 0.0203125 0.059375
3 0.4265625 0.0765625 0.025 0.05