3 0.38515625 0.04921875 0.01171875 0.0328125
3 0.35546875 0.85703125 0.01640625 0.0671875
3 0.3765625 0.34140625 0.01328125 0.0453125
3 0.3734375 0.39375 0.0125 0.04375
3 0.3609375 0.74453125 0.01328125 0.0515625
3 0.44140625 0.1015625 0.0125 0.034375
3 0.37890625 0.12578125 0.01171875 0.0390625
3 0.49375 0.6046875 0.01796875 0.04375
3 0.365625 0.6765625 0.01484375 0.046875
3 0.48359375 0.4140625 0.0140625 0.04375
3 0.49453125 0.6640625 0.0140625 0.05
3 0.48984375 0.74140625 0.0140625 0.0578125
3 0.35390625 0.92578125 0.015625 0.0546875
3 0.37265625 0.446875 0.0125 0.046875
3 0.953125 0.0328125 0.015625 0.021875
3 0.37734375 0.26875 0.01328125 0.040625
3 0.378125 0.22109375 0.01484375 0.04609375