3 0.24609375 0.68828125 0.0375 0.0453125
3 0.66328125 0.84921875 0.0453125 0.05
3 0.29609375 0.73046875 0.0421875 0.05
3 0.140625 0.72578125 0.0375 0.046875
3 0.72734375 0.96640625 0.040625 0.04375
3 0.48359375 0.45703125 0.0328125 0.0640625
3 0.93359375 0.0671875 0.0375 0.0359375
3 0.628125 0.8984375 0.046875 0.0515625
3 0.46875 0.67578125 0.025 0.065625
3 0.61875 0.09375 0.025 0.05625
3 0.915625 0.4890625 0.0359375 0.0546875
3 0.01953125 0.6359375 0.028125 0.0453125
3 0.3953125 0.9734375 0.025 0.053125
3 0.92734375 0.115625 0.0375 0.03125
3 0.45078125 0.4515625 0.03125 0.065625
1 0.73125 0.9078125 0.015625 0.0171875
1 0.42734375 0.728125 0.0125 0.0265625
1 0.51328125 0.85703125 0.0125 0.0265625
1 0.41328125 0.72421875 0.0125 0.0296875
3 0.2703125 0.76640625 0.0484375 0.05625
1 0.53046875 0.6671875 0.01875 0.040625
3 0.63515625 0.209375 0.015625 0.0609375