3 0.63125 0.1109375 0.028125 0.059375
3 0.53046875 0.66640625 0.0296875 0.0625
3 0.440625 0.96640625 0.0375 0.0671875
3 0.66171875 0.0296875 0.0265625 0.059375
3 0.615625 0.16328125 0.0234375 0.05
3 0.50390625 0.73671875 0.03125 0.075
3 0.434375 0.765625 0.0359375 0.06875
3 0.46015625 0.690625 0.0375 0.0734375
3 0.5015625 0.54453125 0.03125 0.059375
3 0.52265625 0.47890625 0.028125 0.0640625
3 0.8171875 0.02109375 0.025 0.0421875
3 0.8015625 0.07421875 0.025 0.05625
3 0.7765625 0.13515625 0.03125 0.0625
3 0.9890625 0.9453125 0.021875 0.053125
1 0.0921875 0.97578125 0.01875 0.0265625