3 0.76328125 0.66171875 0.040625 0.040625
3 0.83828125 0.75 0.0453125 0.0453125
3 0.21171875 0.91953125 0.04375 0.05
3 0.51875 0.440625 0.03125 0.0640625
3 0.66484375 0.74453125 0.0390625 0.0390625
3 0.7640625 0.59140625 0.0390625 0.0375
2 0.08359375 0.8609375 0.05 0.0375
3 0.109375 0.9234375 0.0546875 0.0390625
3 0.534375 0.5296875 0.03125 0.071875
3 0.5046875 0.50703125 0.028125 0.0703125
1 0.8890625 0.578125 0.0203125 0.021875
1 0.96796875 0.72109375 0.021875 0.0265625
1 0.90859375 0.746875 0.0234375 0.015625
1 0.8328125 0.59453125 0.01875 0.01875
1 0.771875 0.62109375 0.015625 0.0203125
1 0.74609375 0.6328125 0.01875 0.0125
1 0.50703125 0.66484375 0.0140625 0.0234375
1 0.5015625 0.62421875 0.0140625 0.0328125
1 0.4359375 0.13046875 0.01875 0.0296875
1 0.425 0.0421875 0.009375 0.021875
1 0.4109375 0.971875 0.021875 0.021875
1 0.1703125 0.76875 0.0140625 0.028125
3 0.44765625 0.32578125 0.0296875 0.0640625
3 0.41875 0.1390625 0.021875 0.059375
3 0.41171875 0.0796875 0.0265625 0.05