3 0.10390625 0.3328125 0.034375 0.05
3 0.759375 0.26328125 0.02890625 0.0546875
3 0.4375 0.784375 0.03203125 0.0625
3 0.5203125 0.66171875 0.0265625 0.0609375
3 0.315625 0.5484375 0.03046875 0.05
3 0.6703125 0.94140625 0.0375 0.0640625
3 0.21796875 0.52265625 0.02890625 0.0515625
3 0.1328125 0.37890625 0.0265625 0.0484375
3 0.61484375 0.4046875 0.03203125 0.05625
3 0.8640625 0.04921875 0.0265625 0.0484375
3 0.35390625 0.6125 0.03515625 0.05625
3 0.625 0.96328125 0.03984375 0.0671875
3 0.3234375 0.62890625 0.0328125 0.0546875
3 0.7484375 0.0375 0.028125 0.05
3 0.55078125 0.44453125 0.03203125 0.0609375
3 0.78515625 0.31328125 0.02734375 0.0484375
1 0.86484375 0.0890625 0.01171875 0.021875
1 0.48125 0.94921875 0.0140625 0.0203125
1 0.5328125 0.79296875 0.0109375 0.0296875