3 0.24921875 0.69296875 0.0375 0.046875
3 0.66875 0.84609375 0.0453125 0.0515625
3 0.3 0.734375 0.04375 0.0515625
3 0.14453125 0.73203125 0.0375 0.046875
3 0.73515625 0.96171875 0.0421875 0.0453125
3 0.4828125 0.45703125 0.0328125 0.0640625
3 0.92578125 0.06015625 0.0375 0.0375
3 0.63515625 0.89609375 0.046875 0.053125
3 0.471875 0.6765625 0.025 0.065625
3 0.61171875 0.0921875 0.025 0.05625
3 0.915625 0.48203125 0.0359375 0.0546875
3 0.021875 0.64453125 0.0296875 0.0453125
3 0.40234375 0.97421875 0.0265625 0.0515625
3 0.9203125 0.1078125 0.0390625 0.0328125
3 0.45 0.45234375 0.03125 0.065625
1 0.73828125 0.90390625 0.015625 0.01875
1 0.43125 0.7296875 0.0125 0.0265625
1 0.51953125 0.85625 0.0125 0.0265625
1 0.4171875 0.72578125 0.0140625 0.0296875
3 0.275 0.7703125 0.0484375 0.05625
1 0.53359375 0.6671875 0.0203125 0.040625
3 0.6296875 0.20703125 0.0171875 0.0609375