3 0.7421875 0.69296875 0.0390625 0.0390625
3 0.80546875 0.7890625 0.0453125 0.04375
3 0.1625 0.88125 0.04375 0.0484375
3 0.52578125 0.44375 0.03125 0.0640625
3 0.634375 0.7625 0.0390625 0.0375
3 0.75078125 0.62265625 0.0390625 0.0359375
2 0.04296875 0.8078125 0.05 0.0375
3 0.06015625 0.87265625 0.0546875 0.0390625
3 0.53046875 0.53359375 0.0296875 0.071875
3 0.50390625 0.50703125 0.0265625 0.0703125
1 0.8765625 0.625 0.0203125 0.021875
1 0.9375 0.7765625 0.021875 0.0265625
1 0.87578125 0.7953125 0.0234375 0.015625
1 0.81953125 0.634375 0.01875 0.01875
1 0.7546875 0.653125 0.015625 0.01875
1 0.728125 0.6625 0.01875 0.0125
1 0.48671875 0.6640625 0.0140625 0.0234375
1 0.48671875 0.6234375 0.0140625 0.03125
1 0.48125 0.125 0.01875 0.0296875
1 0.48125 0.03671875 0.009375 0.021875
1 0.35390625 0.9578125 0.021875 0.021875
1 0.13984375 0.7265625 0.0125 0.028125
3 0.46953125 0.32109375 0.0296875 0.0640625
3 0.46328125 0.13203125 0.0203125 0.059375
3 0.4640625 0.071875 0.025 0.05