3 0.38515625 0.59375 0.034375 0.0375
3 0.190625 0.4359375 0.034375 0.034375
3 0.2390625 0.5796875 0.0359375 0.0296875
3 0.51015625 0.6953125 0.0375 0.0375
3 0.334375 0.43203125 0.03125 0.0359375
3 0.56171875 0.73515625 0.0375 0.040625
3 0.475 0.66484375 0.0296875 0.034375
3 0.590625 0.7890625 0.040625 0.05
3 0.20546875 0.48203125 0.034375 0.034375
3 0.4203125 0.5015625 0.0328125 0.0359375
3 0.36953125 0.45234375 0.0359375 0.0359375
3 0.1890625 0.3734375 0.0296875 0.028125
3 0.0625 0.22578125 0.03125 0.03125
3 0.6859375 0.12890625 0.0265625 0.025
3 0.44296875 0.17265625 0.01875 0.034375
3 0.38046875 0.621875 0.0390625 0.0359375
3 0.66640625 0.15234375 0.028125 0.025
3 0.7515625 0.59921875 0.025 0.05
3 0.3359375 0.58515625 0.0390625 0.046875
3 0.6125 0.0203125 0.0171875 0.021875
3 0.42265625 0.15859375 0.0203125 0.0375
3 0.02109375 0.43984375 0.0359375 0.04375
3 0.80546875 0.94375 0.04375 0.0546875
3 0.12265625 0.26953125 0.028125 0.028125
3 0.325 0.540625 0.0359375 0.0359375
3 0.1625 0.3 0.0265625 0.028125
1 0.6640625 0.765625 0.0125 0.0265625
3 0.18828125 0.32265625 0.025 0.0296875
3 0.28828125 0.6421875 0.028125 0.0390625
3 0.2453125 0.365625 0.03125 0.03125
3 0.08984375 0.2515625 0.0296875 0.0296875
3 0.040625 0.2015625 0.0203125 0.040625
3 0.61328125 0.0953125 0.0171875 0.03125
3 0.634375 0.02890625 0.01875 0.034375
2 0.85546875 0.89296875 0.0515625 0.0546875
1 0.7765625 0.409375 0.0140625 0.025
3 0.9109375 0.20546875 0.01875 0.034375
3 0.95625 0.1296875 0.0171875 0.028125
1 0.9828125 0.11796875 0.0109375 0.015625
3 0.7078125 0.06953125 0.03125 0.025
3 0.61328125 0.2390625 0.0265625 0.0328125
3 0.6 0.2578125 0.0296875 0.0375
3 0.5703125 0.27109375 0.0203125 0.03125
3 0.48046875 0.053125 0.01875 0.03125
3 0.48984375 0.0609375 0.0203125 0.034375
3 0.47265625 0.1359375 0.01875 0.03125
3 0.6 0.01796875 0.015625 0.01875
3 0.6453125 0.0375 0.021875 0.0359375
1 0.378125 0.02890625 0.0109375 0.0109375
1 0.384375 0.02109375 0.0109375 0.0109375
1 0.36640625 0.0453125 0.0109375 0.0109375
1 0.36015625 0.0546875 0.0109375 0.0109375
1 0.36484375 0.0515625 0.009375 0.009375
1 0.34921875 0.034375 0.009375 0.0125
1 0.35390625 0.03125 0.009375 0.0140625
1 0.35703125 0.02578125 0.0078125 0.0109375
1 0.33671875 0.05703125 0.0125 0.0109375
1 0.33125 0.0640625 0.0109375 0.0125
1 0.3921875 0.0078125 0.009375 0.0109375
1 0.3859375 0.01640625 0.0125 0.015625
1 0.396875 0.00234375 0.009375 0.0046875
1 0.3703125 0.00546875 0.009375 0.0109375
1 0.36640625 0.0109375 0.009375 0.0125
1 0.3609375 0.01875 0.009375 0.0125
3 0.21484375 0.340625 0.0328125 0.0375
1 0.81640625 0.8125 0.0171875 0.0203125
1 0.85078125 0.83984375 0.01875 0.0171875
1 0.30078125 0.6046875 0.0171875 0.0234375
2 0.5015625 0.7265625 0.0421875 0.0484375
2 0.54140625 0.759375 0.0421875 0.0484375
3 0.12265625 0.4734375 0.034375 0.0375