3 0.0953125 0.35390625 0.0375 0.0515625
3 0.746875 0.25 0.03125 0.05625
3 0.45234375 0.7875 0.0359375 0.0640625
3 0.52890625 0.66015625 0.0296875 0.0625
3 0.31875 0.5578125 0.0328125 0.0515625
3 0.69296875 0.93203125 0.040625 0.065625
3 0.21953125 0.5375 0.03125 0.053125
3 0.12734375 0.3984375 0.0296875 0.05
3 0.609375 0.3984375 0.034375 0.0578125
3 0.83984375 0.03046875 0.0296875 0.05
3 0.36015625 0.6203125 0.0375 0.0578125
3 0.64921875 0.95625 0.04375 0.06875
3 0.33046875 0.63828125 0.0359375 0.05625
3 0.7234375 0.025 0.03125 0.05
3 0.54765625 0.4421875 0.0359375 0.0625
3 0.775 0.2984375 0.0296875 0.05
1 0.84296875 0.0703125 0.0125 0.021875
1 0.5046875 0.94921875 0.015625 0.0203125
1 0.5484375 0.790625 0.0125 0.0296875