3 0.23671875 0.675 0.03515625 0.04375
3 0.64453125 0.85703125 0.0421875 0.0484375
3 0.284375 0.71953125 0.03984375 0.0484375
3 0.12890625 0.70703125 0.03515625 0.0453125
3 0.70234375 0.97734375 0.0390625 0.0421875
3 0.4859375 0.45625 0.02890625 0.0625
3 0.95546875 0.090625 0.0359375 0.034375
3 0.60703125 0.9046875 0.04375 0.05
3 0.459375 0.67421875 0.02109375 0.0640625
3 0.63984375 0.10078125 0.021875 0.0546875
3 0.915625 0.5109375 0.0328125 0.053125
3 0.01328125 0.6109375 0.0265625 0.04375
3 0.3703125 0.96953125 0.02265625 0.0546875
3 0.946875 0.13828125 0.03671875 0.0296875
3 0.453125 0.44921875 0.02734375 0.0640625
1 0.709375 0.91953125 0.01484375 0.0171875
1 0.415625 0.72421875 0.0109375 0.0265625
1 0.49453125 0.85703125 0.0109375 0.0265625
1 0.4015625 0.71953125 0.01171875 0.0296875
3 0.25703125 0.75390625 0.0453125 0.05390625
1 0.521875 0.66875 0.0171875 0.03984375
3 0.65 0.2171875 0.0125 0.06015625