3 0.56015625 0.5984375 0.040625 0.0640625
3 0.590625 0.6078125 0.0421875 0.0640625
3 0.45703125 0.89296875 0.040625 0.0578125
3 0.36484375 0.971875 0.0421875 0.05625
3 0.40625 0.909375 0.0453125 0.0640625
3 0.48984375 0.83046875 0.040625 0.0609375
3 0.80390625 0.03671875 0.03125 0.0578125
3 0.91171875 0.74453125 0.040625 0.065625
3 0.73125 0.26796875 0.0453125 0.05625
1 0.6703125 0.18671875 0.0140625 0.0171875
3 0.89140625 0.065625 0.04375 0.0578125
3 0.92734375 0.01796875 0.025 0.0328125
1 0.49453125 0.19453125 0.0140625 0.0234375
3 0.88359375 0.5078125 0.0578125 0.075
3 0.609375 0.62890625 0.015625 0.025
3 0.96484375 0.63515625 0.046875 0.0609375
1 0.515625 0.24375 0.01875 0.0296875