3 0.34609375 0.0609375 0.0140625 0.034375
3 0.3875 0.86796875 0.021875 0.06875
3 0.36328125 0.353125 0.0171875 0.046875
3 0.36484375 0.40546875 0.015625 0.0453125
3 0.3828125 0.75546875 0.0171875 0.053125
3 0.40703125 0.1078125 0.015625 0.0359375
3 0.346875 0.1375 0.015625 0.040625
3 0.503125 0.6046875 0.021875 0.0453125
3 0.38125 0.6875 0.01875 0.0484375
3 0.47578125 0.415625 0.0171875 0.0453125
3 0.50859375 0.6640625 0.01875 0.0515625
3 0.5109375 0.74140625 0.01875 0.059375
3 0.39140625 0.93671875 0.0203125 0.05625
3 0.36875 0.4578125 0.0171875 0.0484375
3 0.91015625 0.003125 0.0171875 0.00625
3 0.3578125 0.28046875 0.0171875 0.0421875
3 0.35390625 0.2328125 0.01875 0.046875