3 0.20703125 0.6734375 0.040625 0.0515625
3 0.37890625 0.28828125 0.0375 0.0515625
3 0.4921875 0.19453125 0.028125 0.040625
3 0.25078125 0.6390625 0.04375 0.0515625
3 0.125 0.81328125 0.0421875 0.0609375
3 0.57734375 0.73828125 0.034375 0.05625
3 0.16328125 0.75625 0.04375 0.0578125
3 0.70390625 0.92578125 0.0421875 0.06875
3 0.62734375 0.8203125 0.040625 0.0671875
3 0.73203125 0.96484375 0.01875 0.0171875
1 0.53359375 0.73203125 0.0140625 0.0265625
1 0.35390625 0.26875 0.0109375 0.0203125
1 0.33046875 0.30703125 0.015625 0.0203125
1 0.16875 0.8421875 0.0234375 0.03125
1 0.21328125 0.76328125 0.01875 0.0265625