3 0.38046875 0.5875 0.0359375 0.0390625
3 0.19453125 0.4203125 0.0359375 0.0359375
3 0.23515625 0.565625 0.0375 0.03125
3 0.49921875 0.69609375 0.0390625 0.0390625
3 0.33828125 0.4234375 0.0328125 0.0375
3 0.54921875 0.73828125 0.0390625 0.0421875
3 0.46640625 0.66328125 0.03125 0.0359375
3 0.575 0.79296875 0.04375 0.0515625
3 0.20703125 0.46640625 0.0359375 0.0359375
3 0.4203125 0.496875 0.034375 0.0359375
3 0.37265625 0.44609375 0.0375 0.0375
3 0.19609375 0.3578125 0.03125 0.0296875
3 0.07734375 0.203125 0.03125 0.0328125
3 0.7046875 0.13984375 0.028125 0.025
3 0.46015625 0.1703125 0.0203125 0.0359375
3 0.37421875 0.615625 0.040625 0.0375
3 0.684375 0.1609375 0.028125 0.0265625
3 0.74609375 0.6125 0.028125 0.05
3 0.33203125 0.5765625 0.040625 0.0484375
3 0.6375 0.0265625 0.0171875 0.021875
3 0.440625 0.1546875 0.021875 0.0375
3 0.025 0.41484375 0.0375 0.0453125
3 0.78125 0.959375 0.046875 0.05625
3 0.13515625 0.25 0.0296875 0.0296875
3 0.3234375 0.53125 0.0375 0.0375
3 0.1734375 0.2828125 0.028125 0.0296875
1 0.65 0.77421875 0.0140625 0.0265625
3 0.19765625 0.30625 0.0265625 0.0296875
3 0.28125 0.63125 0.0296875 0.0390625
3 0.25234375 0.35234375 0.0328125 0.0328125
3 0.103125 0.23046875 0.03125 0.03125
3 0.05703125 0.17734375 0.021875 0.040625
3 0.634375 0.1015625 0.01875 0.03125
3 0.65859375 0.03671875 0.0203125 0.034375
2 0.834375 0.9109375 0.053125 0.05625
1 0.78046875 0.42421875 0.015625 0.025
3 0.92578125 0.22734375 0.0203125 0.034375
3 0.975 0.15390625 0.0171875 0.0296875
1 0.9984375 0.14375 0.003125 0.015625
3 0.73046875 0.08125 0.0328125 0.0265625
3 0.6265625 0.2453125 0.028125 0.034375
3 0.6125 0.26328125 0.03125 0.0375
3 0.5828125 0.275 0.021875 0.0328125
3 0.50390625 0.05234375 0.0203125 0.03125
3 0.51328125 0.0609375 0.021875 0.034375
3 0.49140625 0.13515625 0.0203125 0.03125
3 0.625 0.02421875 0.015625 0.0203125
3 0.66953125 0.04609375 0.0234375 0.0375
1 0.403125 0.02265625 0.0109375 0.0109375
1 0.409375 0.015625 0.0109375 0.0109375
1 0.38984375 0.0390625 0.0109375 0.0109375
1 0.38359375 0.04765625 0.0109375 0.0109375
1 0.38828125 0.04453125 0.009375 0.009375
1 0.37421875 0.02734375 0.0109375 0.0125
1 0.378125 0.02421875 0.0109375 0.0140625
1 0.38203125 0.01875 0.009375 0.0125
1 0.359375 0.04921875 0.0125 0.0125
1 0.3546875 0.05546875 0.0125 0.0140625
1 0.4171875 0.00390625 0.009375 0.0078125
1 0.41171875 0.0109375 0.0140625 0.0171875
1 0.39609375 0.00234375 0.0109375 0.0046875
1 0.3921875 0.00546875 0.009375 0.0109375
1 0.3859375 0.01171875 0.009375 0.0125
3 0.2234375 0.32578125 0.034375 0.0375
1 0.8 0.82890625 0.01875 0.021875
1 0.8328125 0.8578125 0.0203125 0.01875
1 0.2953125 0.59375 0.01875 0.0234375
2 0.4890625 0.7265625 0.04375 0.05
2 0.52734375 0.7609375 0.04375 0.05
3 0.12421875 0.45390625 0.0359375 0.0390625