3 0.6515625 0.11796875 0.025 0.0578125
3 0.521875 0.66796875 0.0265625 0.0609375
3 0.4171875 0.96328125 0.034375 0.0671875
3 0.6859375 0.0375 0.0234375 0.0625
3 0.6328125 0.16953125 0.0203125 0.0484375
3 0.49140625 0.73671875 0.02734375 0.0734375
3 0.4203125 0.76171875 0.0328125 0.0671875
3 0.45 0.68828125 0.03359375 0.07109375
3 0.49921875 0.54453125 0.028125 0.05859375
3 0.5234375 0.48046875 0.025 0.0625
3 0.8421875 0.03671875 0.02265625 0.0453125
3 0.8234375 0.090625 0.02265625 0.0546875
3 0.7953125 0.15 0.028125 0.06171875
3 0.975 0.971875 0.03828125 0.05078125
1 0.06796875 0.95390625 0.0171875 0.025