3 0.553125 0.60234375 0.0359375 0.0625
3 0.5828125 0.61328125 0.0375 0.0625
3 0.4296875 0.8890625 0.0359375 0.05625
3 0.33203125 0.965625 0.0390625 0.0609375
3 0.378125 0.90234375 0.040625 0.0625
3 0.4671875 0.82890625 0.0359375 0.059375
3 0.8359375 0.059375 0.028125 0.05625
3 0.89296875 0.77265625 0.0359375 0.0640625
3 0.746875 0.28515625 0.0421875 0.0546875
1 0.6921875 0.19921875 0.0140625 0.015625
3 0.9203125 0.09375 0.0390625 0.05625
3 0.959375 0.04921875 0.021875 0.03125
1 0.515625 0.19453125 0.0125 0.021875
3 0.88203125 0.534375 0.053125 0.071875
3 0.6 0.63671875 0.0140625 0.0234375
3 0.9546875 0.6671875 0.04375 0.0578125
3 0.878125 0.00234375 0.021875 0.0046875
1 0.53359375 0.2453125 0.0171875 0.028125