3 0.9921875 0.7796875 0.015625 0.040625
3 0.8734375 0.70234375 0.046875 0.040625
3 0.80625 0.796875 0.046875 0.04375
3 0.74296875 0.79609375 0.04375 0.0375
3 0.753125 0.74765625 0.04375 0.040625
1 0.73671875 0.72109375 0.015625 0.015625
1 0.8171875 0.7203125 0.01875 0.01875
1 0.8625 0.73359375 0.01875 0.0203125
1 0.925 0.646875 0.0140625 0.0234375
1 0.9359375 0.6484375 0.0125 0.0265625
1 0.946875 0.64609375 0.0140625 0.0328125
1 0.90390625 0.6484375 0.0109375 0.0234375
1 0.8984375 0.6484375 0.009375 0.021875
1 0.8734375 0.65078125 0.009375 0.021875
1 0.87890625 0.65 0.0109375 0.0265625
1 0.865625 0.646875 0.009375 0.0203125
1 0.8578125 0.64921875 0.0109375 0.0234375
1 0.234375 0.92421875 0.01875 0.0203125
3 0.13046875 0.878125 0.04375 0.0421875
3 0.3140625 0.85625 0.0453125 0.0421875
3 0.42890625 0.85234375 0.046875 0.0375
3 0.4453125 0.88671875 0.0421875 0.0421875
3 0.54765625 0.47265625 0.025 0.05625
1 0.5140625 0.63046875 0.0125 0.025
1 0.4859375 0.5265625 0.0109375 0.025
3 0.44375 0.12890625 0.0234375 0.04375
3 0.47265625 0.07578125 0.021875 0.040625
3 0.49140625 0.08984375 0.021875 0.040625
1 0.58984375 0.375 0.0171875 0.0171875