3 0.9390625 0.88046875 0.040625 0.0328125
3 0.96484375 0.80078125 0.040625 0.034375
3 0.8234375 0.775 0.040625 0.034375
3 0.7375 0.85390625 0.0421875 0.0375
3 0.67578125 0.83984375 0.0390625 0.03125
3 0.69609375 0.79453125 0.0390625 0.034375
1 0.68515625 0.765625 0.0140625 0.0125
1 0.76484375 0.78125 0.015625 0.015625
1 0.80546875 0.80390625 0.015625 0.01875
1 0.88515625 0.73203125 0.0109375 0.021875
1 0.8953125 0.7359375 0.0078125 0.025
1 0.90703125 0.7359375 0.009375 0.03125
1 0.8640625 0.72890625 0.00625 0.021875
1 0.85859375 0.728125 0.00625 0.021875
1 0.83359375 0.725 0.00625 0.021875
1 0.8390625 0.72578125 0.00625 0.0265625
1 0.82734375 0.71953125 0.00625 0.0203125
1 0.81875 0.7203125 0.0078125 0.0234375
1 0.15234375 0.859375 0.0171875 0.0171875
3 0.059375 0.79296875 0.0375 0.0359375
3 0.24375 0.809375 0.0390625 0.0359375
3 0.3578125 0.8296875 0.0421875 0.0296875
3 0.36640625 0.8671875 0.0359375 0.0375
3 0.55234375 0.4828125 0.0171875 0.0546875
1 0.48671875 0.63046875 0.009375 0.0234375
1 0.48046875 0.5234375 0.0078125 0.025
3 0.521875 0.125 0.0171875 0.040625
3 0.5609375 0.07890625 0.015625 0.0390625
3 0.5765625 0.096875 0.015625 0.0390625
1 0.61328125 0.396875 0.015625 0.015625