3 0.85 0.96015625 0.0328125 0.0578125
3 0.73515625 0.78125 0.0359375 0.0640625
3 0.57421875 0.38046875 0.0328125 0.0609375
3 0.659375 0.590625 0.0390625 0.065625
3 0.63828125 0.04453125 0.0359375 0.0609375
1 0.74296875 0.69609375 0.0140625 0.0265625
1 0.55625 0.55078125 0.015625 0.021875
1 0.115625 0.6046875 0.0140625 0.021875
1 0.38125 0.6171875 0.015625 0.0171875
1 0.43671875 0.5109375 0.009375 0.0203125
3 0.63828125 0.0875 0.040625 0.065625
1 0.0703125 0.784375 0.015625 0.0296875
1 0.09765625 0.390625 0.015625 0.0265625
1 0.61015625 0.04140625 0.0140625 0.0234375
1 0.603125 0.06796875 0.0125 0.021875
1 0.6078125 0.025 0.0125 0.0203125
1 0.63671875 0.0109375 0.009375 0.009375
1 0.56484375 0.08984375 0.0140625 0.021875
1 0.54453125 0.09765625 0.0125 0.0203125
1 0.603125 0.7 0.0125 0.021875
1 0.66171875 0.83359375 0.0125 0.0234375