3 0.684375 0.16484375 0.0421875 0.0484375
3 0.7 0.03984375 0.040625 0.05
3 0.96640625 0.128125 0.040625 0.0375
3 0.80546875 0.075 0.040625 0.0421875
3 0.6984375 0.953125 0.028125 0.06875
3 0.653125 0.73984375 0.028125 0.075
3 0.60234375 0.5078125 0.0265625 0.065625
1 0.5921875 0.13046875 0.015625 0.0140625
1 0.6125 0.128125 0.021875 0.0140625
1 0.6609375 0.08828125 0.0171875 0.015625
1 0.64921875 0.12890625 0.0203125 0.01875
1 0.69375 0.08671875 0.0171875 0.015625
1 0.6625 0.10859375 0.01875 0.01875
3 0.68828125 0.1234375 0.0421875 0.034375