3 0.8734375 0.94140625 0.0296875 0.05625
3 0.74921875 0.76875 0.0328125 0.06171875
3 0.56796875 0.3765625 0.0296875 0.059375
3 0.6640625 0.58203125 0.03515625 0.0640625
3 0.6140625 0.03828125 0.0328125 0.059375
1 0.753125 0.6828125 0.0125 0.02578125
1 0.55859375 0.54765625 0.0140625 0.021875
1 0.121875 0.625 0.0125 0.021875
1 0.3875 0.6234375 0.01484375 0.01640625
1 0.4375 0.5140625 0.00859375 0.0203125
3 0.61640625 0.08046875 0.03671875 0.06328125
1 0.0859375 0.80625 0.0140625 0.0296875
1 0.0921875 0.41171875 0.01484375 0.02578125
1 0.5859375 0.0359375 0.01328125 0.0234375
1 0.58046875 0.06328125 0.01171875 0.021875
1 0.5828125 0.0203125 0.01171875 0.0203125
1 0.6109375 0.0046875 0.00859375 0.009375
1 0.54296875 0.08671875 0.0125 0.021875
1 0.5234375 0.09609375 0.01171875 0.01953125
1 0.61328125 0.69453125 0.0109375 0.02109375
1 0.67890625 0.825 0.01171875 0.02265625