3 0.93671875 0.64609375 0.0484375 0.05
3 0.121875 0.93359375 0.0453125 0.0796875
3 0.4 0.44609375 0.0421875 0.0484375
3 0.66015625 0.7765625 0.046875 0.05
3 0.74765625 0.55078125 0.046875 0.05625
3 0.3140625 0.44765625 0.046875 0.0515625
3 0.1546875 0.7125 0.0421875 0.0671875
3 0.7125 0.8015625 0.0421875 0.0453125
3 0.43828125 0.51015625 0.046875 0.05
3 0.58125 0.734375 0.0453125 0.053125
3 0.13671875 0.64140625 0.04375 0.0796875
3 0.36484375 0.375 0.0421875 0.04375
3 0.6515625 0.4765625 0.0453125 0.0515625
3 0.91640625 0.9078125 0.0453125 0.053125
3 0.9625 0.91796875 0.04375 0.0328125
3 0.38125 0.47890625 0.0453125 0.053125
3 0.3296875 0.4265625 0.0390625 0.046875