3 0.91953125 0.690625 0.04375 0.0453125
3 0.078125 0.89140625 0.0375 0.0765625
3 0.40625 0.4359375 0.0375 0.0453125
3 0.63046875 0.7921875 0.0421875 0.0453125
3 0.74140625 0.5765625 0.0421875 0.0515625
3 0.3203125 0.42890625 0.0421875 0.046875
3 0.134375 0.67578125 0.0359375 0.0640625
3 0.6796875 0.82265625 0.0375 0.0421875
3 0.4375 0.503125 0.0421875 0.0453125
3 0.55625 0.7421875 0.040625 0.05
3 0.78828125 0.01328125 0.0234375 0.0265625
3 0.1234375 0.60234375 0.0359375 0.0765625
3 0.37890625 0.36171875 0.0390625 0.040625
3 0.653125 0.49296875 0.040625 0.046875
3 0.871875 0.94921875 0.040625 0.05
3 0.91640625 0.9640625 0.040625 0.028125
3 0.384375 0.4671875 0.040625 0.05
3 0.33828125 0.409375 0.034375 0.0453125