3 0.92578125 0.67578125 0.0453125 0.046875
3 0.0921875 0.90546875 0.040625 0.078125
3 0.40390625 0.4390625 0.0390625 0.046875
3 0.640625 0.7875 0.04375 0.046875
3 0.74375 0.56796875 0.04375 0.053125
3 0.31796875 0.43515625 0.04375 0.0484375
3 0.140625 0.68828125 0.0375 0.065625
3 0.690625 0.815625 0.0390625 0.04375
3 0.4375 0.50546875 0.04375 0.046875
3 0.56484375 0.73984375 0.0421875 0.0515625
3 0.7703125 0.00859375 0.025 0.0171875
3 0.12734375 0.615625 0.0390625 0.078125
3 0.3734375 0.365625 0.040625 0.0421875
3 0.65234375 0.4875 0.0421875 0.0484375
3 0.8875 0.9359375 0.0421875 0.0515625
3 0.93203125 0.94921875 0.0421875 0.0296875
3 0.3828125 0.47109375 0.0421875 0.0515625
3 0.33515625 0.41484375 0.0359375 0.0453125