3 0.81484375 0.55 0.0484375 0.04375
3 0.7484375 0.54453125 0.05 0.0484375
3 0.18125 0.58046875 0.053125 0.05
3 0.12109375 0.571875 0.0484375 0.0484375
3 0.56328125 0.46640625 0.04375 0.0390625
3 0.528125 0.53359375 0.0515625 0.0453125
3 0.5765625 0.59296875 0.046875 0.040625
3 0.1578125 0.62734375 0.053125 0.04375
3 0.68203125 0.53984375 0.046875 0.04375
3 0.628125 0.53828125 0.059375 0.0515625
1 0.35390625 0.0796875 0.01875 0.03125
1 0.3453125 0.14375 0.0171875 0.0375
1 0.3421875 0.19765625 0.0171875 0.03125
1 0.33359375 0.275 0.015625 0.0359375
1 0.315625 0.37421875 0.015625 0.03125
1 0.30234375 0.4078125 0.01875 0.034375
1 0.05390625 0.65546875 0.025 0.0171875
1 0.2203125 0.67265625 0.0265625 0.03125
1 0.26328125 0.65234375 0.0234375 0.021875
1 0.15703125 0.66484375 0.021875 0.015625
1 0.13125 0.6703125 0.025 0.021875
1 0.10546875 0.65859375 0.025 0.0234375
1 0.39375 0.78046875 0.0140625 0.0296875
1 0.37890625 0.79453125 0.015625 0.0375
1 0.52109375 0.44609375 0.0140625 0.0171875
1 0.5234375 0.4640625 0.01875 0.0171875
1 0.5203125 0.48828125 0.0203125 0.015625
1 0.515625 0.50234375 0.0234375 0.015625
1 0.5484375 0.43828125 0.0171875 0.0171875