3 0.90859375 0.7125 0.0421875 0.04375
3 0.05859375 0.86875 0.03359375 0.075
3 0.409375 0.43125 0.0359375 0.04375
3 0.61484375 0.7984375 0.03984375 0.04375
3 0.73671875 0.5890625 0.03984375 0.05
3 0.32421875 0.41953125 0.040625 0.0453125
3 0.12578125 0.65625 0.03203125 0.0625
3 0.6625 0.83125 0.0359375 0.040625
3 0.4375 0.5 0.040625 0.04375
3 0.54375 0.74453125 0.0375 0.0484375
3 0.8140625 0.021875 0.021875 0.040625
3 0.11875 0.5828125 0.03203125 0.075
3 0.3859375 0.35546875 0.03671875 0.0390625
3 0.653125 0.50078125 0.0390625 0.0453125
3 0.84765625 0.96796875 0.0375 0.0484375
3 0.89140625 0.98515625 0.03984375 0.0265625
3 0.3859375 0.4609375 0.03828125 0.04765625
3 0.34296875 0.40078125 0.0328125 0.04296875