3 0.7234375 0.18984375 0.0453125 0.053125
3 0.7546875 0.06796875 0.04375 0.053125
3 0.99296875 0.18671875 0.0140625 0.0421875
3 0.8546875 0.115625 0.04375 0.046875
3 0.6421875 0.96875 0.034375 0.0625
3 0.6234375 0.75625 0.034375 0.078125
3 0.60078125 0.5203125 0.03125 0.0671875
1 0.63671875 0.14453125 0.0171875 0.0140625
1 0.65703125 0.14453125 0.021875 0.015625
1 0.709375 0.1109375 0.01875 0.0171875
1 0.69296875 0.14921875 0.021875 0.0203125
1 0.7421875 0.11328125 0.01875 0.0171875
1 0.709375 0.13125 0.0203125 0.0203125
3 0.7328125 0.14921875 0.0453125 0.0390625