3 0.94453125 0.86953125 0.0390625 0.0609375
3 0.7921875 0.72109375 0.04375 0.0671875
3 0.5453125 0.36640625 0.0390625 0.0640625
3 0.67578125 0.55234375 0.0453125 0.06875
3 0.53203125 0.02890625 0.0421875 0.0578125
1 0.78125 0.6359375 0.0171875 0.028125
1 0.565625 0.53671875 0.0171875 0.0234375
1 0.14921875 0.6890625 0.015625 0.0234375
1 0.4109375 0.64140625 0.0171875 0.01875
1 0.440625 0.525 0.0125 0.021875
3 0.54140625 0.06640625 0.046875 0.06875
1 0.1453125 0.8734375 0.01875 0.03125
1 0.0828125 0.48359375 0.01875 0.028125
1 0.50390625 0.028125 0.0171875 0.025
1 0.503125 0.05625 0.015625 0.0234375
1 0.4984375 0.01328125 0.015625 0.021875
1 0.4703125 0.08515625 0.015625 0.0234375
1 0.453125 0.0984375 0.015625 0.021875
1 0.6453125 0.671875 0.0140625 0.0234375
1 0.7328125 0.7890625 0.015625 0.025