3 0.9453125 0.87265625 0.040625 0.0328125
3 0.9703125 0.79296875 0.040625 0.034375
3 0.828125 0.76953125 0.040625 0.034375
3 0.74375 0.85 0.040625 0.0375
3 0.68203125 0.83671875 0.0390625 0.03125
3 0.7015625 0.79140625 0.0375 0.034375
1 0.68984375 0.7625 0.0140625 0.0125
1 0.76953125 0.7765625 0.015625 0.015625
1 0.8109375 0.7984375 0.015625 0.01875
1 0.8890625 0.725 0.009375 0.021875
1 0.89921875 0.72890625 0.0078125 0.025
1 0.9109375 0.72890625 0.009375 0.03125
1 0.86796875 0.72265625 0.00625 0.021875
1 0.8625 0.721875 0.00625 0.021875
1 0.8375 0.71953125 0.00625 0.021875
1 0.84296875 0.71953125 0.00625 0.0265625
1 0.83125 0.7140625 0.00625 0.0203125
1 0.82265625 0.71484375 0.00625 0.021875
1 0.15859375 0.865625 0.015625 0.0171875
3 0.06484375 0.80078125 0.0375 0.0359375
3 0.24921875 0.8140625 0.0390625 0.034375
3 0.36328125 0.83203125 0.040625 0.0296875
3 0.37265625 0.86953125 0.034375 0.0375
3 0.55234375 0.48203125 0.015625 0.053125
1 0.4890625 0.63046875 0.009375 0.0234375
1 0.48125 0.5234375 0.00625 0.025
3 0.515625 0.125 0.015625 0.040625
3 0.55390625 0.078125 0.015625 0.0390625
3 0.56953125 0.0953125 0.015625 0.0375
1 0.61171875 0.39453125 0.015625 0.015625