3 0.596875 0.55078125 0.028125 0.0546875
3 0.66953125 0.33203125 0.0359375 0.0546875
3 0.61171875 0.46484375 0.0390625 0.0578125
3 0.68203125 0.60234375 0.040625 0.0578125
3 0.6625 0.4078125 0.040625 0.05625
3 0.74375 0.22890625 0.0328125 0.05
3 0.78046875 0.1796875 0.03125 0.05625
3 0.6265625 0.384375 0.03125 0.0484375
3 0.33203125 0.7765625 0.028125 0.06875
3 0.84375 0.0828125 0.028125 0.040625
3 0.265625 0.05859375 0.0265625 0.05
3 0.77109375 0.53359375 0.040625 0.0671875
1 0.28359375 0.684375 0.0109375 0.0265625
3 0.44609375 0.6734375 0.0265625 0.04375