3 0.66015625 0.69375 0.0390625 0.0546875
3 0.13359375 0.24765625 0.0453125 0.0671875
3 0.54296875 0.7609375 0.04375 0.0640625
3 0.62578125 0.81875 0.0421875 0.0609375
3 0.38671875 0.43828125 0.04375 0.0671875
3 0.7921875 0.84765625 0.0375 0.0609375
3 0.27734375 0.79765625 0.0421875 0.0703125
3 0.30078125 0.70703125 0.0375 0.0625
3 0.52578125 0.59140625 0.040625 0.065625
3 0.29375 0.4921875 0.0421875 0.0609375
3 0.70546875 0.74921875 0.0453125 0.065625
3 0.203125 0.409375 0.040625 0.0671875
3 0.0484375 0.1515625 0.0421875 0.0640625
3 0.83828125 0.8984375 0.0421875 0.0578125
3 0.215625 0.29375 0.021875 0.0453125
1 0.3515625 0.3671875 0.015625 0.0265625
3 0.2609375 0.88515625 0.0328125 0.06875
3 0.88203125 0.94375 0.0359375 0.028125
3 0.29375 0.65625 0.0390625 0.059375
3 0.5609375 0.0953125 0.03125 0.0546875
3 0.7484375 0.20546875 0.0453125 0.0625
3 0.56875 0.85 0.040625 0.0640625
1 0.5296875 0.08671875 0.0125 0.0328125
1 0.628125 0.89296875 0.0171875 0.025
3 0.11328125 0.28828125 0.04375 0.075
3 0.2515625 0.7890625 0.034375 0.0796875
3 0.2625 0.9765625 0.04375 0.046875