3 0.3734375 0.6390625 0.04375 0.0515625
3 0.696875 0.675 0.0390625 0.053125
3 0.52265625 0.59765625 0.0390625 0.0453125
3 0.63046875 0.68203125 0.0421875 0.05625
3 0.0609375 0.421875 0.0421875 0.0515625
3 0.65078125 0.6375 0.0359375 0.046875
3 0.39140625 0.55859375 0.034375 0.0359375
3 0.00859375 0.37890625 0.0171875 0.0421875
3 0.57578125 0.834375 0.040625 0.053125
3 0.13046875 0.475 0.03125 0.05
3 0.37421875 0.59140625 0.040625 0.046875
3 0.7859375 0.73984375 0.034375 0.0453125
3 0.83046875 0.7734375 0.034375 0.04375
1 0.615625 0.8078125 0.0171875 0.0234375
3 0.25859375 0.9265625 0.03125 0.065625
1 0.32890625 0.4359375 0.0171875 0.025
1 0.7953125 0.946875 0.0171875 0.0234375
1 0.64375 0.84453125 0.015625 0.0203125
3 0.2890625 0.9046875 0.0296875 0.0796875
3 0.29375 0.740625 0.028125 0.08125
3 0.309375 0.8015625 0.028125 0.0859375
1 0.40078125 0.6921875 0.0203125 0.0234375
1 0.4578125 0.7328125 0.015625 0.03125
1 0.51875 0.7515625 0.0234375 0.0328125
1 0.528125 0.73125 0.01875 0.0296875
1 0.715625 0.85625 0.034375 0.04375
1 0.4640625 0.51875 0.01875 0.0234375
1 0.5046875 0.5578125 0.0171875 0.028125
1 0.165625 0.3046875 0.0234375 0.0296875
1 0.265625 0.39375 0.021875 0.021875
1 0.30546875 0.35390625 0.0140625 0.0265625
1 0.26953125 0.365625 0.01875 0.0234375
1 0.23203125 0.3546875 0.021875 0.0265625
1 0.43359375 0.38125 0.0078125 0.0296875
1 0.0625 0.23828125 0.025 0.0390625
1 0.3234375 0.27265625 0.021875 0.0296875