3 0.41640625 0.50625 0.0390625 0.040625
3 0.66328125 0.17734375 0.03125 0.0671875
3 0.4796875 0.9625 0.0375 0.075
3 0.428125 0.4265625 0.0375 0.0359375
3 0.6671875 0.0515625 0.0296875 0.065625
3 0.28359375 0.44375 0.0421875 0.0375
3 0.3671875 0.478125 0.0453125 0.0453125
3 0.50625 0.85546875 0.0328125 0.06875
3 0.58046875 0.51875 0.0390625 0.0359375
3 0.25078125 0.37265625 0.0421875 0.040625
3 0.37109375 0.5375 0.05 0.05
1 0.6421875 0.49375 0.0171875 0.015625
1 0.73984375 0.55078125 0.0234375 0.021875
3 0.8296875 0.63203125 0.0484375 0.0453125
3 0.76171875 0.73359375 0.040625 0.040625
1 0.5875 0.715625 0.0140625 0.028125
1 0.60625 0.73046875 0.0140625 0.025
1 0.60078125 0.7671875 0.0140625 0.03125
1 0.53671875 0.8609375 0.0125 0.025
1 0.528125 0.89765625 0.0125 0.0265625
1 0.57578125 0.30703125 0.0140625 0.025
1 0.5890625 0.27578125 0.0125 0.03125
1 0.10625 0.42890625 0.021875 0.0203125
3 0.1671875 0.290625 0.046875 0.046875
3 0.11171875 0.1890625 0.0421875 0.04375
3 0.1578125 0.2109375 0.04375 0.040625
3 0.22578125 0.24921875 0.04375 0.0421875
3 0.02109375 0.4265625 0.034375 0.034375
3 0.95625 0.790625 0.0140625 0.0375
1 0.9359375 0.88203125 0.0203125 0.01875