3 0.64375 0.5375 0.04453125 0.0375
3 0.81328125 0.45546875 0.0421875 0.0359375
3 0.18046875 0.4734375 0.0390625 0.0375
3 0.43359375 0.4734375 0.040625 0.0375
3 0.32265625 0.47578125 0.04140625 0.0390625
3 0.0109375 0.76640625 0.021875 0.0734375
3 0.08671875 0.24921875 0.025 0.0765625
3 0.98828125 0.52578125 0.021875 0.0359375
3 0.0296875 0.8125 0.0234375 0.075
1 0.07421875 0.6453125 0.01484375 0.025
1 0.203125 0.58515625 0.015625 0.0140625
1 0.9484375 0.39921875 0.02265625 0.0171875
3 0.99296875 0.446875 0.0140625 0.03828125
1 0.0546875 0.7609375 0.0125 0.03671875