3 0.66640625 0.68828125 0.040625 0.05625
3 0.125 0.26015625 0.046875 0.0671875
3 0.55234375 0.759375 0.0453125 0.0640625
3 0.63671875 0.81484375 0.04375 0.0625
3 0.38515625 0.4421875 0.0453125 0.0671875
3 0.80390625 0.83671875 0.0390625 0.0625
3 0.28828125 0.8046875 0.04375 0.071875
3 0.30859375 0.7140625 0.0390625 0.0640625
3 0.5296875 0.590625 0.0421875 0.0671875
3 0.29375 0.49921875 0.04375 0.0609375
3 0.7140625 0.7421875 0.046875 0.065625
3 0.2 0.4203125 0.04375 0.06875
3 0.03671875 0.16796875 0.04375 0.065625
3 0.85234375 0.88671875 0.04375 0.059375
3 0.20859375 0.30390625 0.0234375 0.0453125
1 0.346875 0.37265625 0.0171875 0.0265625
3 0.27421875 0.89296875 0.034375 0.06875
3 0.896875 0.9296875 0.0375 0.028125
3 0.29921875 0.66328125 0.040625 0.0609375
3 0.546875 0.09296875 0.0328125 0.0546875
3 0.73828125 0.196875 0.046875 0.0625
3 0.58125 0.846875 0.0421875 0.065625
1 0.51484375 0.0859375 0.0140625 0.0328125
1 0.6421875 0.88828125 0.01875 0.025
3 0.10625 0.30234375 0.046875 0.0765625
3 0.26171875 0.796875 0.0375 0.0796875
3 0.2796875 0.9796875 0.046875 0.040625