3 0.66953125 0.68515625 0.040625 0.05625
3 0.12109375 0.2671875 0.0484375 0.06875
3 0.55625 0.7578125 0.046875 0.065625
3 0.6421875 0.81171875 0.0453125 0.0625
3 0.38359375 0.44453125 0.046875 0.0671875
3 0.81015625 0.83203125 0.040625 0.0625
3 0.29375 0.80859375 0.0453125 0.071875
3 0.3125 0.7171875 0.040625 0.0640625
3 0.53125 0.58984375 0.04375 0.0671875
3 0.29375 0.503125 0.0453125 0.0609375
3 0.71796875 0.73828125 0.046875 0.0671875
3 0.19921875 0.425 0.04375 0.06875
3 0.03125 0.17578125 0.04375 0.065625
3 0.85859375 0.88046875 0.04375 0.059375
3 0.20546875 0.309375 0.0234375 0.0453125
1 0.34453125 0.375 0.0171875 0.0265625
3 0.28125 0.896875 0.0359375 0.06875
3 0.9046875 0.92265625 0.0375 0.0296875
3 0.30234375 0.66640625 0.0421875 0.0609375
3 0.53984375 0.0921875 0.034375 0.0546875
3 0.7328125 0.19296875 0.0484375 0.0640625
3 0.5875 0.8453125 0.04375 0.065625
1 0.5078125 0.0859375 0.0140625 0.0328125
1 0.64921875 0.88515625 0.01875 0.025
3 0.103125 0.309375 0.0484375 0.0765625
3 0.26640625 0.8015625 0.0390625 0.08125
3 0.28828125 0.98203125 0.0484375 0.0359375