3 0.64453125 0.53515625 0.0453125 0.0375
3 0.8125 0.45 0.0421875 0.0359375
3 0.1796875 0.47890625 0.0390625 0.0375
3 0.4328125 0.47421875 0.040625 0.0375
3 0.321875 0.47890625 0.0421875 0.0390625
3 0.015625 0.775 0.0234375 0.0734375
3 0.08203125 0.25625 0.0265625 0.0765625
3 0.98828125 0.5171875 0.021875 0.0359375
3 0.03515625 0.8203125 0.025 0.075
1 0.0765625 0.65234375 0.015625 0.025
1 0.2046875 0.590625 0.015625 0.0140625
1 0.946875 0.39140625 0.0234375 0.0171875
3 0.9921875 0.43828125 0.0140625 0.0390625
1 0.059375 0.76875 0.0125 0.0375