3 0.421875 0.52890625 0.0390625 0.040625
3 0.56796875 0.14453125 0.0296875 0.065625
3 0.609375 0.9515625 0.0359375 0.0765625
3 0.41015625 0.44921875 0.0359375 0.034375
3 0.5375 0.02734375 0.028125 0.0546875
3 0.2765625 0.50546875 0.040625 0.0359375
3 0.36640625 0.515625 0.04375 0.04375
3 0.60390625 0.83984375 0.03125 0.0671875
3 0.5828125 0.49609375 0.0375 0.0359375
3 0.225 0.44609375 0.040625 0.040625
3 0.3859375 0.57109375 0.0484375 0.0484375
1 0.63515625 0.4546875 0.0171875 0.015625
1 0.74453125 0.4828125 0.021875 0.021875
3 0.853125 0.5359375 0.046875 0.0453125
3 0.81640625 0.65234375 0.040625 0.0390625
1 0.64375 0.6828125 0.0140625 0.028125
1 0.665625 0.6921875 0.0125 0.025
1 0.6703125 0.7296875 0.0125 0.03125
1 0.63515625 0.83671875 0.0109375 0.025
1 0.63671875 0.87421875 0.0125 0.0265625
1 0.51953125 0.29375 0.0125 0.025
1 0.52421875 0.26015625 0.0125 0.03125
1 0.1015625 0.53984375 0.0203125 0.0203125
3 0.121875 0.390625 0.046875 0.046875
3 0.04140625 0.30859375 0.040625 0.0421875
3 0.09140625 0.31640625 0.0421875 0.0390625
3 0.1671875 0.334375 0.0421875 0.040625
3 0.01953125 0.56171875 0.034375 0.0328125