3 0.62734375 0.71640625 0.034375 0.053125
3 0.17734375 0.19296875 0.0390625 0.0640625
3 0.5015625 0.7640625 0.0390625 0.0609375
3 0.57421875 0.83515625 0.0375 0.059375
3 0.39765625 0.42109375 0.0375 0.0640625
3 0.734375 0.8890625 0.0328125 0.059375
3 0.23359375 0.75859375 0.0359375 0.06875
3 0.27109375 0.6734375 0.0328125 0.0609375
3 0.51171875 0.59453125 0.0359375 0.0640625
3 0.29765625 0.46015625 0.0375 0.0578125
3 0.6640625 0.77890625 0.0390625 0.0625
3 0.22109375 0.3640625 0.0359375 0.065625
3 0.10859375 0.08515625 0.0359375 0.0625
3 0.771875 0.946875 0.0375 0.05625
3 0.2515625 0.25234375 0.0171875 0.04375
1 0.37421875 0.3453125 0.0140625 0.025
3 0.203125 0.84296875 0.0265625 0.0671875
3 0.8078125 0.9921875 0.034375 0.015625
3 0.271875 0.621875 0.034375 0.0578125
3 0.62421875 0.109375 0.028125 0.053125
3 0.79140625 0.2484375 0.040625 0.059375
3 0.51328125 0.85625 0.0359375 0.0625
1 0.59375 0.096875 0.009375 0.03125
1 0.565625 0.9078125 0.015625 0.0234375
3 0.1515625 0.23046875 0.0390625 0.071875
3 0.209375 0.74609375 0.028125 0.078125
3 0.1890625 0.95 0.0375 0.0796875