3 0.4171875 0.509375 0.0390625 0.040625
3 0.65234375 0.171875 0.0296875 0.065625
3 0.49609375 0.96328125 0.0359375 0.0734375
3 0.425 0.4296875 0.0359375 0.034375
3 0.6515625 0.04609375 0.028125 0.0640625
3 0.28203125 0.45078125 0.040625 0.0359375
3 0.36640625 0.4828125 0.04375 0.04375
3 0.51875 0.8546875 0.03125 0.0671875
3 0.58125 0.51640625 0.0375 0.0359375
3 0.24609375 0.38125 0.040625 0.040625
3 0.371875 0.54140625 0.0484375 0.0484375
1 0.6421875 0.4890625 0.0171875 0.015625
1 0.74140625 0.5421875 0.021875 0.021875
3 0.83359375 0.6203125 0.046875 0.0453125
3 0.7703125 0.72421875 0.040625 0.0390625
1 0.5953125 0.7125 0.0140625 0.028125
1 0.6140625 0.7265625 0.0125 0.025
1 0.61015625 0.7640625 0.0125 0.03125
1 0.54921875 0.859375 0.0109375 0.025
1 0.5421875 0.89609375 0.0125 0.0265625
1 0.56875 0.3046875 0.0125 0.025
1 0.58125 0.2734375 0.0125 0.03125
1 0.10390625 0.44296875 0.0203125 0.0203125
3 0.16015625 0.30234375 0.046875 0.046875
3 0.1015625 0.203125 0.040625 0.0421875
3 0.1484375 0.22265625 0.0421875 0.0390625
3 0.2171875 0.259375 0.0421875 0.040625
3 0.01875 0.44296875 0.034375 0.0328125
3 0.96640625 0.77421875 0.0125 0.0375
1 0.94921875 0.8671875 0.01875 0.01875