3 0.63515625 0.71171875 0.0328125 0.0515625
3 0.1671875 0.2046875 0.0375 0.0625
3 0.5109375 0.7640625 0.03671875 0.059375
3 0.5859375 0.83203125 0.03515625 0.0578125
3 0.3953125 0.425 0.0359375 0.0625
3 0.74765625 0.88046875 0.03046875 0.0578125
3 0.24296875 0.76796875 0.034375 0.0671875
3 0.27734375 0.68125 0.03046875 0.059375
3 0.51484375 0.59375 0.03359375 0.0625
3 0.29609375 0.4671875 0.0359375 0.05625
3 0.6734375 0.77265625 0.0375 0.0609375
3 0.21640625 0.37421875 0.03359375 0.0640625
3 0.09453125 0.09921875 0.034375 0.0609375
3 0.7875 0.93671875 0.03515625 0.0546875
3 0.24296875 0.2609375 0.01640625 0.04375
1 0.36875 0.35 0.01328125 0.025
3 0.215625 0.853125 0.025 0.065625
3 0.825 0.98671875 0.03359375 0.0234375
3 0.2765625 0.6296875 0.0328125 0.05625
3 0.61015625 0.10546875 0.02578125 0.0515625
3 0.7828125 0.23828125 0.0390625 0.0578125
3 0.52578125 0.85546875 0.03359375 0.0609375
1 0.5796875 0.09375 0.00859375 0.03125
1 0.5796875 0.90546875 0.01484375 0.0234375
3 0.1421875 0.24296875 0.0359375 0.07109375
3 0.21796875 0.75625 0.02578125 0.07734375
3 0.2046875 0.9609375 0.03515625 0.078125