3 0.2609375 0.265625 0.04375 0.0546875
3 0.17890625 0.2 0.040625 0.053125
3 0.46171875 0.409375 0.0453125 0.0578125
3 0.390625 0.3609375 0.0421875 0.0515625
3 0.06875 0.090625 0.040625 0.0578125
3 0.5328125 0.471875 0.04375 0.0546875
3 0.7359375 0.60703125 0.0453125 0.059375
3 0.62265625 0.534375 0.04375 0.0546875
1 0.1609375 0.31328125 0.01875 0.021875
1 0.125 0.28046875 0.0171875 0.0234375
1 0.1 0.06171875 0.0140625 0.0234375
1 0.13671875 0.10625 0.0125 0.015625
3 0.18359375 0.2765625 0.040625 0.0546875
1 0.1828125 0.3125 0.0171875 0.0234375
1 0.15703125 0.278125 0.0171875 0.01875
1 0.05390625 0.20546875 0.01875 0.0265625