3 0.278125 0.24921875 0.03984375 0.0515625
3 0.20078125 0.178125 0.03671875 0.05
3 0.46796875 0.40703125 0.04140625 0.0546875
3 0.40078125 0.35390625 0.0390625 0.0484375
3 0.0984375 0.06171875 0.03671875 0.0546875
3 0.534375 0.47421875 0.03984375 0.0515625
3 0.728125 0.6234375 0.04140625 0.05625
3 0.6203125 0.54296875 0.040625 0.0515625
1 0.175 0.28984375 0.0171875 0.0203125
1 0.14140625 0.2546875 0.01640625 0.02265625
1 0.13125 0.03515625 0.01171875 0.0234375
1 0.16484375 0.08203125 0.0109375 0.01484375
3 0.2 0.2546875 0.0375 0.05234375
1 0.196875 0.290625 0.01640625 0.021875
1 0.1734375 0.2546875 0.015625 0.01796875
1 0.07578125 0.175 0.01640625 0.025