3 0.2828125 0.2453125 0.040625 0.0515625
3 0.20625 0.17265625 0.0375 0.05
3 0.46953125 0.40625 0.0421875 0.0546875
3 0.403125 0.35234375 0.040625 0.0484375
3 0.10625 0.0546875 0.0375 0.0546875
3 0.53515625 0.475 0.040625 0.0515625
3 0.72578125 0.62734375 0.0421875 0.05625
3 0.61953125 0.5453125 0.0421875 0.0515625
1 0.17890625 0.284375 0.0171875 0.0203125
1 0.14609375 0.2484375 0.0171875 0.0234375
1 0.1390625 0.02890625 0.0125 0.0234375
1 0.171875 0.0765625 0.0109375 0.015625
3 0.2046875 0.24921875 0.0390625 0.053125
1 0.20078125 0.28515625 0.0171875 0.021875
1 0.178125 0.24921875 0.015625 0.01875
1 0.08125 0.16796875 0.0171875 0.025