3 0.25234375 0.303125 0.0359375 0.04921875
3 0.1640625 0.13828125 0.03515625 0.05
3 0.24453125 0.21953125 0.040625 0.0515625
3 0.6171875 0.546875 0.0421875 0.05078125
3 0.528125 0.47109375 0.03984375 0.05
3 0.4546875 0.3921875 0.0421875 0.05703125
3 0.71328125 0.609375 0.04453125 0.05546875
3 0.3765625 0.33359375 0.03671875 0.0515625
3 0.05859375 0.01640625 0.03203125 0.0328125
1 0.1234375 0.228125 0.01484375 0.01953125
1 0.2203125 0.3328125 0.0125 0.015625
1 0.246875 0.34375 0.01171875 0.015625
1 0.009375 0.6578125 0.0140625 0.0140625
1 0.18359375 0.29609375 0.015625 0.01796875
1 0.1265625 0.0453125 0.01015625 0.01875