3 0.2453125 0.2828125 0.046875 0.05625
3 0.15859375 0.22265625 0.04375 0.0546875
3 0.45546875 0.4125 0.0484375 0.059375
3 0.38125 0.36875 0.0453125 0.053125
3 0.04140625 0.121875 0.04375 0.059375
3 0.53046875 0.46953125 0.046875 0.05625
3 0.74296875 0.590625 0.0484375 0.0609375
3 0.625 0.52578125 0.046875 0.05625
1 0.14921875 0.3375 0.0203125 0.021875
1 0.1109375 0.30703125 0.01875 0.025
1 0.0703125 0.090625 0.015625 0.025
1 0.11015625 0.1328125 0.0125 0.015625
3 0.16875 0.2984375 0.04375 0.0578125
1 0.1703125 0.33515625 0.01875 0.0234375
1 0.1421875 0.30234375 0.01875 0.0203125
1 0.034375 0.2375 0.0203125 0.0265625