3 0.265625 0.2609375 0.0421875 0.053125
3 0.184375 0.19453125 0.0390625 0.0515625
3 0.46328125 0.40859375 0.04375 0.05625
3 0.39296875 0.359375 0.0421875 0.05
3 0.07578125 0.08359375 0.0390625 0.05625
3 0.5328125 0.47265625 0.0421875 0.053125
3 0.734375 0.61171875 0.04375 0.0578125
3 0.62265625 0.53671875 0.04375 0.053125
1 0.1640625 0.30703125 0.01875 0.021875
1 0.12890625 0.2734375 0.0171875 0.0234375
1 0.1078125 0.05546875 0.0125 0.0234375
1 0.14375 0.1 0.0109375 0.015625
3 0.1875 0.27109375 0.040625 0.0546875
1 0.18671875 0.30703125 0.0171875 0.0234375
1 0.1609375 0.271875 0.0171875 0.01875
1 0.059375 0.19765625 0.0171875 0.0265625