3 0.2828125 0.34921875 0.04375 0.053125
3 0.36171875 0.32890625 0.0421875 0.05625
3 0.403125 0.4421875 0.040625 0.05
3 0.17734375 0.24765625 0.0421875 0.05625
3 0.03671875 0.084375 0.0359375 0.046875
3 0.234375 0.2234375 0.04375 0.05
3 0.9875 0.84765625 0.025 0.0515625
1 0.39765625 0.50625 0.01875 0.021875
1 0.25625 0.371875 0.0140625 0.0234375
1 0.546875 0.4359375 0.0171875 0.0203125
1 0.44296875 0.35546875 0.0140625 0.01875
1 0.29296875 0.2171875 0.021875 0.0265625
1 0.33046875 0.2609375 0.0171875 0.028125
1 0.28359375 0.23671875 0.01875 0.0265625