3 0.315625 0.31015625 0.05 0.059375
3 0.396875 0.30546875 0.05 0.0625
3 0.415625 0.425 0.0484375 0.05625
3 0.23125 0.190625 0.05 0.0625
3 0.12421875 0.01484375 0.0421875 0.0296875
3 0.2921875 0.17734375 0.05 0.05625
3 0.91484375 0.9359375 0.0375 0.05625
1 0.3984375 0.48671875 0.021875 0.025
1 0.28515625 0.328125 0.0171875 0.025
1 0.5578125 0.44609375 0.0203125 0.0234375
1 0.47109375 0.34765625 0.015625 0.0203125
1 0.35078125 0.1828125 0.025 0.0296875
1 0.37890625 0.2328125 0.0203125 0.03125
1 0.33828125 0.2 0.021875 0.0296875