3 0.15234375 0.63125 0.0359375 0.071875
3 0.090625 0.784375 0.03125 0.0640625
3 0.11875 0.71328125 0.0375 0.0734375
3 0.3171875 0.30859375 0.0359375 0.0484375
3 0.01796875 0.96328125 0.0328125 0.053125
3 0.49765625 0.5 0.0375 0.05
3 0.8890625 0.8375 0.0484375 0.0546875
1 0.98359375 0.86953125 0.0203125 0.025
1 0.60390625 0.7296875 0.0203125 0.0296875
1 0.4078125 0.3625 0.0203125 0.0203125
1 0.4640625 0.41796875 0.0234375 0.0296875
1 0.36640625 0.3109375 0.021875 0.0328125
1 0.03046875 0.0453125 0.01875 0.025