3 0.315625 0.2453125 0.0453125 0.059375
3 0.47578125 0.3125 0.0359375 0.06875
3 0.1359375 0.8375 0.0359375 0.06875
3 0.68203125 0.69453125 0.0515625 0.059375
3 0.16875 0.765625 0.0421875 0.078125
3 0.5828125 0.690625 0.0453125 0.05625
3 0.57265625 0.58125 0.046875 0.0546875
3 0.20703125 0.6859375 0.0390625 0.071875
3 0.16953125 0.02734375 0.0421875 0.0546875
3 0.40625 0.38046875 0.0421875 0.05625
3 0.27109375 0.27109375 0.0453125 0.065625
3 0.36484375 0.42421875 0.053125 0.06875
3 0.8046875 0.8171875 0.05 0.059375
1 0.10703125 0.0875 0.0140625 0.0265625
3 0.95390625 0.97265625 0.015625 0.0453125
1 0.15390625 0.1375 0.025 0.0328125
1 0.4796875 0.60625 0.0296875 0.0421875
1 0.440625 0.31640625 0.0234375 0.0359375