3 0.46171875 0.4109375 0.0328125 0.04453125
3 0.23671875 0.284375 0.03671875 0.05703125
3 0.2 0.79296875 0.03359375 0.07109375
3 0.49140625 0.57421875 0.03984375 0.0546875
3 0.16953125 0.8640625 0.02890625 0.065625
3 0.459375 0.3140625 0.0296875 0.06484375
3 0.62734375 0.70234375 0.0421875 0.05625
3 0.71796875 0.7828125 0.0453125 0.0578125
3 0.228125 0.71171875 0.03359375 0.06953125
3 0.40546875 0.4890625 0.0390625 0.05625
3 0.88984375 0.82890625 0.04375 0.05234375
1 0.1859375 0.24453125 0.01640625 0.028125
1 0.35234375 0.56796875 0.01328125 0.0296875
1 0.6109375 0.56015625 0.01640625 0.01796875
1 0.1703125 0.25078125 0.015625 0.021875
1 0.5546875 0.51953125 0.0125 0.0171875
1 0.190625 0.0890625 0.015625 0.021875