3 0.1515625 0.73203125 0.0484375 0.0765625
3 0.196875 0.65546875 0.0453125 0.078125
3 0.63671875 0.671875 0.0421875 0.0484375
3 0.7 0.74375 0.053125 0.0640625
3 0.11171875 0.7984375 0.040625 0.0703125
3 0.51875 0.528125 0.0578125 0.059375
3 0.2953125 0.14296875 0.05 0.0640625
3 0.1765625 0.021875 0.04375 0.04375
3 0.66171875 0.80390625 0.05 0.0578125
3 0.4140625 0.371875 0.0484375 0.0625
3 0.41875 0.47578125 0.05 0.065625
3 0.52265625 0.62890625 0.0515625 0.0625
3 0.340625 0.33515625 0.04375 0.0578125
1 0.76171875 0.96171875 0.0234375 0.034375
1 0.76640625 0.99296875 0.0296875 0.0140625
1 0.6171875 0.81484375 0.0265625 0.0328125
1 0.55 0.73828125 0.0203125 0.0296875
1 0.52578125 0.6796875 0.0203125 0.028125
1 0.4703125 0.6390625 0.021875 0.028125
1 0.35078125 0.5421875 0.0109375 0.0234375
1 0.34140625 0.54140625 0.015625 0.03125