3 0.9796875 0.90703125 0.040625 0.0671875
3 0.83984375 0.815625 0.05 0.0625
3 0.1421875 0.1515625 0.0453125 0.0609375
3 0.52734375 0.50859375 0.046875 0.059375
3 0.2515625 0.73359375 0.0390625 0.071875
3 0.7125 0.72421875 0.040625 0.05
3 0.4515625 0.290625 0.0359375 0.0671875
3 0.23046875 0.81796875 0.0421875 0.0734375
3 0.378125 0.39140625 0.03125 0.0515625
3 0.26484375 0.3421875 0.0421875 0.065625
3 0.21015625 0.89453125 0.034375 0.0640625
3 0.87890625 0.70546875 0.04375 0.0484375
1 0.859375 0.878125 0.0203125 0.025