3 0.1640625 0.75 0.04375 0.075
3 0.20546875 0.67109375 0.0421875 0.0765625
3 0.64609375 0.6640625 0.0390625 0.046875
3 0.7125 0.7328125 0.0515625 0.0625
3 0.128125 0.81796875 0.0375 0.06875
3 0.5203125 0.5265625 0.0546875 0.0578125
3 0.27734375 0.15390625 0.046875 0.0625
3 0.15234375 0.03125 0.0421875 0.0578125
3 0.67734375 0.79453125 0.046875 0.05625
3 0.40703125 0.3765625 0.0453125 0.0609375
3 0.4171875 0.48046875 0.046875 0.0640625
3 0.52890625 0.628125 0.05 0.0609375
3 0.3328125 0.34375 0.040625 0.05625
1 0.7859375 0.94765625 0.021875 0.0328125
1 0.7921875 0.98515625 0.028125 0.025
1 0.63359375 0.80859375 0.025 0.03125
1 0.5625 0.73515625 0.0203125 0.0296875
1 0.53515625 0.678125 0.01875 0.028125
1 0.478125 0.640625 0.0203125 0.0265625
1 0.353125 0.55 0.0109375 0.0234375
1 0.34375 0.54921875 0.0140625 0.03125