3 0.2125 0.8046875 0.0390625 0.0734375
3 0.2390625 0.71953125 0.0375 0.075
3 0.671875 0.63671875 0.0359375 0.0453125
3 0.74921875 0.69296875 0.046875 0.059375
3 0.1890625 0.878125 0.034375 0.0671875
3 0.525 0.52265625 0.0515625 0.0546875
3 0.2203125 0.19765625 0.0421875 0.059375
3 0.07578125 0.09921875 0.0375 0.05625
3 0.72578125 0.759375 0.04375 0.053125
3 0.3875 0.39453125 0.0421875 0.0578125
3 0.415625 0.4953125 0.04375 0.0609375
3 0.55078125 0.62109375 0.0453125 0.0578125
3 0.3078125 0.37578125 0.0375 0.0546875
1 0.859375 0.89140625 0.0203125 0.0328125
1 0.871875 0.92734375 0.0265625 0.0234375
1 0.68515625 0.78046875 0.021875 0.0296875
1 0.60234375 0.72109375 0.0171875 0.028125
1 0.56484375 0.66953125 0.0171875 0.0265625
1 0.503125 0.6421875 0.01875 0.0265625
1 0.3640625 0.57421875 0.009375 0.0234375
1 0.3546875 0.57578125 0.0125 0.0296875