3 0.87265625 0.9890625 0.0546875 0.021875
3 0.753125 0.88828125 0.0515625 0.0640625
3 0.23671875 0.07578125 0.046875 0.0625
3 0.525 0.515625 0.0484375 0.059375
3 0.20234375 0.66640625 0.040625 0.071875
3 0.6515625 0.76875 0.0421875 0.0515625
3 0.503125 0.28515625 0.0390625 0.0671875
3 0.1609375 0.74375 0.04375 0.075
3 0.4078125 0.36484375 0.0328125 0.0515625
3 0.31015625 0.290625 0.04375 0.0671875
3 0.1234375 0.8125 0.0359375 0.0640625
3 0.81796875 0.790625 0.0453125 0.0484375
1 0.75703125 0.953125 0.0203125 0.025