3 0.196875 0.7890625 0.0359375 0.071875
3 0.228125 0.70546875 0.03359375 0.0734375
3 0.66484375 0.6453125 0.034375 0.04375
3 0.7390625 0.70546875 0.04453125 0.0578125
3 0.16953125 0.8609375 0.03046875 0.065625
3 0.5234375 0.52421875 0.04921875 0.0515625
3 0.23671875 0.18359375 0.03984375 0.0578125
3 0.09765625 0.07734375 0.03515625 0.0546875
3 0.71171875 0.77109375 0.04140625 0.0515625
3 0.39296875 0.3890625 0.0390625 0.05625
3 0.415625 0.490625 0.040625 0.059375
3 0.54453125 0.6234375 0.04296875 0.05625
3 0.31484375 0.365625 0.03515625 0.053125
1 0.83828125 0.909375 0.01875 0.03125
1 0.84921875 0.94609375 0.02578125 0.02265625
1 0.6703125 0.78984375 0.02109375 0.02890625
1 0.590625 0.72578125 0.01640625 0.02734375
1 0.55625 0.67265625 0.015625 0.02578125
1 0.4953125 0.6421875 0.01796875 0.025
1 0.36015625 0.5671875 0.0078125 0.02265625
1 0.35078125 0.56796875 0.0109375 0.0296875