3 0.30703125 0.25234375 0.0421875 0.0578125
3 0.46875 0.3140625 0.034375 0.0671875
3 0.14765625 0.85 0.0328125 0.06875
3 0.6890625 0.68828125 0.05 0.059375
3 0.178125 0.77734375 0.0390625 0.0765625
3 0.58984375 0.6875 0.04375 0.0546875
3 0.57578125 0.578125 0.0453125 0.053125
3 0.21328125 0.69609375 0.0375 0.0703125
3 0.15390625 0.0359375 0.040625 0.0609375
3 0.40234375 0.38359375 0.040625 0.0546875
3 0.26328125 0.2796875 0.04375 0.0640625
3 0.3625 0.42890625 0.0515625 0.06875
3 0.815625 0.80625 0.046875 0.0578125
1 0.09296875 0.1015625 0.0140625 0.025
3 0.9703125 0.95625 0.0140625 0.04375
1 0.14140625 0.14921875 0.025 0.0328125
1 0.48359375 0.60703125 0.028125 0.040625
1 0.434375 0.31796875 0.0234375 0.034375