3 0.47109375 0.4078125 0.0375 0.0484375
3 0.2609375 0.2578125 0.0421875 0.0609375
3 0.17109375 0.76015625 0.040625 0.0734375
3 0.48359375 0.57265625 0.0453125 0.0578125
3 0.13359375 0.82734375 0.0359375 0.06875
3 0.47890625 0.3109375 0.0359375 0.0671875
3 0.60546875 0.71484375 0.0484375 0.0609375
3 0.6875 0.80390625 0.0515625 0.0625
3 0.2078125 0.68203125 0.040625 0.0734375
3 0.40703125 0.47890625 0.0453125 0.059375
3 0.853125 0.86796875 0.0484375 0.05625
1 0.2140625 0.21328125 0.01875 0.0296875
1 0.34609375 0.55234375 0.015625 0.03125
1 0.60390625 0.57109375 0.01875 0.0203125
1 0.1984375 0.21796875 0.0171875 0.0234375
1 0.55234375 0.525 0.0140625 0.01875
1 0.23515625 0.05859375 0.0171875 0.0234375