3 0.4484375 0.41796875 0.0390625 0.0484375
3 0.20625 0.328125 0.0453125 0.0625
3 0.24921875 0.8359375 0.04375 0.075
3 0.503125 0.575 0.0484375 0.0609375
3 0.23046875 0.9109375 0.0390625 0.06875
3 0.43046875 0.32265625 0.0390625 0.06875
3 0.6578125 0.6796875 0.05 0.0625
3 0.759375 0.7453125 0.053125 0.0640625
3 0.26484375 0.7515625 0.04375 0.0734375
3 0.4046875 0.50390625 0.046875 0.0609375
3 0.93671875 0.7640625 0.0515625 0.0578125
1 0.15 0.296875 0.0203125 0.0296875
1 0.36484375 0.58984375 0.0171875 0.03125
1 0.61875 0.5421875 0.01875 0.0203125
1 0.13515625 0.30546875 0.01875 0.0234375
1 0.55703125 0.5109375 0.015625 0.01875
1 0.13046875 0.1421875 0.01875 0.0234375