3 0.46953125 0.4078125 0.0359375 0.046875
3 0.25625 0.2625 0.0421875 0.059375
3 0.17578125 0.765625 0.0390625 0.0734375
3 0.48515625 0.5734375 0.04375 0.0578125
3 0.1390625 0.83359375 0.034375 0.0671875
3 0.47578125 0.3109375 0.0359375 0.0671875
3 0.609375 0.7125 0.046875 0.059375
3 0.6921875 0.80078125 0.05 0.0609375
3 0.2109375 0.6875 0.0390625 0.071875
3 0.40703125 0.48125 0.04375 0.059375
3 0.859375 0.86171875 0.0484375 0.05625
1 0.209375 0.21796875 0.01875 0.0296875
1 0.346875 0.5546875 0.015625 0.03125
1 0.60546875 0.56953125 0.0171875 0.01875
1 0.19296875 0.22265625 0.0171875 0.0234375
1 0.553125 0.52421875 0.0140625 0.01875
1 0.22734375 0.06328125 0.0171875 0.0234375