3 0.20859375 0.6796875 0.0390625 0.075
3 0.1703125 0.76015625 0.0421875 0.078125
3 0.13671875 0.828125 0.0359375 0.0703125
3 0.51953125 0.60859375 0.0390625 0.05
3 0.43515625 0.5109375 0.0421875 0.0578125
1 0.29765625 0.1359375 0.015625 0.0234375
3 0.69921875 0.70703125 0.053125 0.0640625
3 0.36953125 0.41953125 0.0453125 0.0625
3 0.25390625 0.24453125 0.04375 0.065625
3 0.60390625 0.7078125 0.0453125 0.0578125
1 0.3171875 0.565625 0.0125 0.03125
3 0.18359375 0.12734375 0.025 0.0515625
3 0.91171875 0.9140625 0.059375 0.0796875