3 0.225 0.7046875 0.034375 0.071875
3 0.19453125 0.7875 0.034375 0.075
3 0.16640625 0.85859375 0.03125 0.0671875
3 0.52890625 0.60625 0.034375 0.046875
3 0.43671875 0.51640625 0.0375 0.0546875
1 0.26640625 0.1546875 0.0125 0.021875
3 0.71640625 0.6890625 0.0484375 0.059375
3 0.36328125 0.43125 0.040625 0.059375
3 0.2328125 0.2671875 0.0390625 0.0625
3 0.621875 0.69765625 0.040625 0.0546875
1 0.3234375 0.58125 0.009375 0.03125
3 0.15234375 0.15625 0.0203125 0.05
3 0.94609375 0.8765625 0.053125 0.075