3 0.25625 0.740625 0.04375 0.0765625
3 0.2375 0.82734375 0.0453125 0.0796875
3 0.21953125 0.9015625 0.0390625 0.0703125
3 0.54375 0.6015625 0.040625 0.0515625
3 0.43984375 0.525 0.0453125 0.059375
1 0.2203125 0.190625 0.015625 0.0234375
3 0.740625 0.65703125 0.05625 0.065625
3 0.3546875 0.45078125 0.0484375 0.0640625
3 0.203125 0.30625 0.046875 0.0671875
3 0.6484375 0.67890625 0.0484375 0.059375
1 0.33671875 0.6046875 0.0140625 0.0328125
3 0.1078125 0.2078125 0.0265625 0.0515625
3 0.98125 0.81015625 0.0375 0.0828125