3 0.528125 0.878125 0.0234375 0.0671875
3 0.91875 0.415625 0.0421875 0.040625
3 0.51328125 0.72421875 0.025 0.0765625
3 0.50625 0.83828125 0.021875 0.0640625
3 0.559375 0.91796875 0.021875 0.0703125
3 0.028125 0.08515625 0.04375 0.0390625
3 0.5296875 0.07265625 0.025 0.0765625
3 0.49609375 0.95546875 0.025 0.075
3 0.49453125 0.025 0.0234375 0.05
3 0.50703125 0.075 0.028125 0.075
3 0.10546875 0.1125 0.0421875 0.0375
3 0.68125 0.32421875 0.0390625 0.034375
3 0.68125 0.36875 0.0421875 0.0390625
3 0.51875 0.62890625 0.025 0.06875
3 0.55078125 0.67265625 0.0234375 0.0703125
1 0.94921875 0.35234375 0.01875 0.0140625