3 0.6 0.5921875 0.03671875 0.05
3 0.628125 0.703125 0.04140625 0.0546875
3 0.1984375 0.78984375 0.034375 0.07109375
3 0.48671875 0.56640625 0.03203125 0.04921875
3 0.23984375 0.1890625 0.040625 0.05859375
3 0.16796875 0.86171875 0.0296875 0.06640625
3 0.9421875 0.9609375 0.04453125 0.05703125
3 0.8 0.83828125 0.0453125 0.0546875
3 0.22578125 0.70546875 0.03359375 0.071875
3 0.84375 0.7921875 0.05 0.05859375
1 0.61953125 0.54921875 0.01640625 0.0203125
1 0.26796875 0.29140625 0.01328125 0.0203125
1 0.68984375 0.63203125 0.01484375 0.0203125
1 0.9484375 0.82734375 0.01796875 0.025
1 0.43828125 0.3859375 0.01640625 0.0203125
1 0.55234375 0.50703125 0.01953125 0.02578125