3 0.11640625 0.31796875 0.0359375 0.034375
3 0.17734375 0.34375 0.034375 0.0359375
3 0.071875 0.3078125 0.0375 0.034375
3 0.5203125 0.2578125 0.0203125 0.053125
3 0.5359375 0.31953125 0.021875 0.05625
3 0.49765625 0.71953125 0.0234375 0.06875
3 0.89375 0.65234375 0.0390625 0.0390625
3 0.65390625 0.55 0.0375 0.0328125
3 0.47890625 0.6671875 0.021875 0.071875
3 0.6515625 0.5875 0.0390625 0.0359375
3 0.53515625 0.48828125 0.01875 0.0578125
3 0.70390625 0.6109375 0.0375 0.0328125
3 0.48671875 0.97421875 0.021875 0.05
3 0.50078125 0.4125 0.0203125 0.0578125
3 0.71484375 0.56953125 0.0375 0.0296875
3 0.02890625 0.4125 0.0375 0.0328125
3 0.5 0.35078125 0.01875 0.053125
3 0.7734375 0.59375 0.0390625 0.0390625
1 0.47890625 0.4625 0.0109375 0.0234375
3 0.52734375 0.7625 0.01875 0.0671875
3 0.47890625 0.8515625 0.015625 0.05625
1 0.43203125 0.80234375 0.0125 0.0296875
1 0.55859375 0.61171875 0.0125 0.028125
1 0.58046875 0.5125 0.009375 0.0234375
1 0.56171875 0.45078125 0.0140625 0.025
1 0.6109375 0.5015625 0.0171875 0.0203125
1 0.45703125 0.553125 0.0125 0.0265625
1 0.58671875 0.39140625 0.0109375 0.0234375
1 0.57734375 0.41640625 0.0078125 0.0234375
1 0.2 0.515625 0.015625 0.03125