3 0.51484375 0.87890625 0.02109375 0.0671875
3 0.92109375 0.43046875 0.040625 0.0390625
3 0.50546875 0.72421875 0.02265625 0.0765625
3 0.49453125 0.83828125 0.01953125 0.0640625
3 0.54453125 0.91953125 0.01953125 0.0703125
3 0.04296875 0.06875 0.04296875 0.0375
3 0.54453125 0.07421875 0.02265625 0.0765625
3 0.48046875 0.9546875 0.021875 0.075
3 0.5109375 0.025 0.021875 0.05
3 0.521875 0.07578125 0.025 0.0734375
3 0.11953125 0.09921875 0.040625 0.0359375
3 0.6875 0.33046875 0.0375 0.0328125
3 0.6859375 0.375 0.04140625 0.0375
3 0.5140625 0.6296875 0.021875 0.06875
3 0.54453125 0.67421875 0.02109375 0.0703125
1 0.95390625 0.36796875 0.01875 0.0140625