3 0.59296875 0.59921875 0.040625 0.053125
3 0.61328125 0.71171875 0.0453125 0.0578125
3 0.17890625 0.76796875 0.0390625 0.0734375
3 0.48203125 0.565625 0.0359375 0.0515625
3 0.2625 0.171875 0.0453125 0.0609375
3 0.14375 0.8375 0.034375 0.06875
3 0.90859375 0.98046875 0.0484375 0.0390625
3 0.77578125 0.85859375 0.0484375 0.0578125
3 0.2125 0.6859375 0.0390625 0.0734375
3 0.82265625 0.815625 0.0546875 0.0625
1 0.615625 0.5578125 0.0171875 0.021875
1 0.2828125 0.27578125 0.0140625 0.021875
1 0.68046875 0.6453125 0.015625 0.021875
1 0.92421875 0.8578125 0.0203125 0.0265625
1 0.44609375 0.38203125 0.0171875 0.021875
1 0.5515625 0.5109375 0.021875 0.0265625