3 0.70859375 0.4328125 0.04375 0.040625
3 0.7125 0.38828125 0.04375 0.040625
3 0.16171875 0.11875 0.040625 0.0390625
3 0.503125 0.92109375 0.0328125 0.071875
3 0.5859375 0.1171875 0.0359375 0.0875
3 0.33671875 0.44453125 0.0375 0.034375
3 0.521875 0.675 0.0234375 0.0796875
3 0.50234375 0.77265625 0.021875 0.0796875
3 0.46484375 0.9765625 0.0234375 0.0453125
3 0.52890625 0.96640625 0.0203125 0.0671875
3 0.5484375 0.71796875 0.0265625 0.0828125
3 0.48671875 0.88671875 0.025 0.0703125
1 0.8421875 0.40078125 0.0234375 0.0265625
1 0.56796875 0.54765625 0.0109375 0.0296875
1 0.58515625 0.55390625 0.015625 0.0296875
1 0.5609375 0.63515625 0.0125 0.0265625
1 0.5703125 0.6953125 0.0109375 0.0296875
1 0.228125 0.15078125 0.021875 0.0234375
1 0.340625 0.41953125 0.025 0.0375
1 0.60625 0.55546875 0.0171875 0.0328125
1 0.53359375 0.2203125 0.009375 0.03125
1 0.521875 0.20703125 0.0125 0.0375
1 0.52265625 0.159375 0.0140625 0.0296875
3 0.5640625 0.121875 0.021875 0.0703125
3 0.559375 0.0609375 0.025 0.075
3 0.98125 0.534375 0.0375 0.05
3 0.603125 0.01484375 0.0234375 0.01875