3 0.11328125 0.325 0.0359375 0.034375
3 0.17421875 0.34921875 0.034375 0.0359375
3 0.06875 0.315625 0.0375 0.034375
3 0.51640625 0.2578125 0.0203125 0.0515625
3 0.5328125 0.31875 0.0203125 0.0546875
3 0.5015625 0.71953125 0.021875 0.0671875
3 0.89609375 0.6453125 0.0390625 0.0390625
3 0.6546875 0.54765625 0.0359375 0.0328125
3 0.48203125 0.6671875 0.021875 0.0703125
3 0.653125 0.58515625 0.0390625 0.0359375
3 0.53515625 0.48828125 0.0171875 0.0578125
3 0.70546875 0.60703125 0.0359375 0.0328125
3 0.4953125 0.97421875 0.021875 0.0484375
3 0.49921875 0.4125 0.0203125 0.05625
3 0.715625 0.565625 0.0375 0.0296875
3 0.02734375 0.42109375 0.0375 0.0328125
3 0.49765625 0.35078125 0.01875 0.0515625
3 0.775 0.5890625 0.0375 0.0390625
1 0.47890625 0.4625 0.0109375 0.0234375
3 0.53203125 0.7625 0.0171875 0.0671875
3 0.48515625 0.85234375 0.015625 0.05625
1 0.43671875 0.803125 0.0125 0.0296875
1 0.56015625 0.6109375 0.0125 0.028125
1 0.58125 0.51171875 0.009375 0.0234375
1 0.5609375 0.45 0.0140625 0.025
1 0.6109375 0.5 0.0171875 0.01875
1 0.45859375 0.55390625 0.0125 0.0265625
1 0.58515625 0.38984375 0.0109375 0.0234375
1 0.57578125 0.41484375 0.0078125 0.0234375
1 0.20078125 0.52109375 0.0140625 0.03125