3 0.5671875 0.8734375 0.0296875 0.06875
3 0.90703125 0.37265625 0.0453125 0.04375
3 0.53671875 0.72109375 0.0328125 0.0796875
3 0.54140625 0.8359375 0.028125 0.065625
3 0.60234375 0.909375 0.0296875 0.071875
3 0.00546875 0.1359375 0.0109375 0.04375
3 0.48515625 0.071875 0.0328125 0.0796875
3 0.54375 0.953125 0.0328125 0.0765625
3 0.44453125 0.028125 0.028125 0.053125
3 0.4625 0.0765625 0.034375 0.0765625
3 0.0671875 0.15625 0.0453125 0.040625
3 0.66171875 0.30625 0.0421875 0.0375
3 0.66640625 0.35 0.046875 0.0421875
3 0.53203125 0.6265625 0.03125 0.071875
3 0.56796875 0.66640625 0.03125 0.071875
1 0.93125 0.30625 0.0203125 0.0171875