3 0.5828125 0.6078125 0.0453125 0.05625
3 0.590625 0.72265625 0.05 0.0609375
3 0.15234375 0.7328125 0.046875 0.0765625
3 0.475 0.56328125 0.040625 0.0546875
3 0.29765625 0.1484375 0.05 0.0640625
3 0.11015625 0.7984375 0.040625 0.0703125
3 0.73671875 0.88515625 0.0546875 0.0625
3 0.19453125 0.6546875 0.0453125 0.0765625
3 0.7875 0.84765625 0.059375 0.065625
1 0.609375 0.56953125 0.0203125 0.0234375
1 0.3078125 0.25390625 0.0171875 0.021875
1 0.6640625 0.66328125 0.01875 0.021875
1 0.88515625 0.9 0.021875 0.028125
1 0.459375 0.3765625 0.0203125 0.0234375
1 0.55 0.515625 0.0234375 0.028125