3 0.30625 0.7859375 0.0296875 0.0640625
3 0.31015625 0.9734375 0.0359375 0.053125
3 0.31171875 0.8765625 0.0375 0.08125
3 0.2796875 0.9625 0.03125 0.075
3 0.31015625 0.69609375 0.0203125 0.059375
3 0.25859375 0.7453125 0.021875 0.065625
3 0.26171875 0.4890625 0.021875 0.0578125
3 0.2609375 0.54765625 0.021875 0.0578125
1 0.27265625 0.7046875 0.0125 0.028125
3 0.26484375 0.1234375 0.015625 0.034375
3 0.2640625 0.1703125 0.0171875 0.040625
3 0.2625 0.21953125 0.01875 0.0421875
3 0.2609375 0.25859375 0.015625 0.0390625
1 0.26328125 0.05 0.015625 0.015625
1 0.26171875 0.07890625 0.015625 0.015625