3 0.46875 0.878125 0.0296875 0.06875
3 0.9265625 0.48203125 0.0453125 0.04375
3 0.478125 0.7234375 0.03125 0.078125
3 0.453125 0.83515625 0.0265625 0.065625
3 0.49296875 0.921875 0.028125 0.071875
3 0.0984375 0.01875 0.046875 0.0375
3 0.59609375 0.0828125 0.03125 0.078125
3 0.425 0.94921875 0.03125 0.0765625
3 0.56875 0.0296875 0.028125 0.0515625
3 0.5734375 0.08125 0.034375 0.0765625
3 0.17109375 0.05546875 0.0453125 0.040625
3 0.70703125 0.3546875 0.040625 0.0375
3 0.7 0.3984375 0.0453125 0.0421875
3 0.4984375 0.63046875 0.0296875 0.0703125
3 0.52265625 0.678125 0.0296875 0.071875
1 0.96640625 0.42421875 0.0203125 0.015625