3 0.703125 0.41875 0.04140625 0.0375
3 0.70390625 0.3734375 0.040625 0.0375
3 0.1359375 0.14296875 0.0375 0.0359375
3 0.5328125 0.91953125 0.02734375 0.0703125
3 0.559375 0.11171875 0.0296875 0.0859375
3 0.33359375 0.45625 0.0359375 0.03125
3 0.534375 0.67265625 0.01875 0.078125
3 0.52109375 0.771875 0.0171875 0.078125
3 0.4984375 0.978125 0.0203125 0.04375
3 0.5625 0.9640625 0.015625 0.0671875
3 0.56328125 0.7140625 0.0203125 0.08203125
3 0.5140625 0.88671875 0.01953125 0.06875
1 0.834375 0.37734375 0.02109375 0.025
1 0.57109375 0.54296875 0.009375 0.02890625
1 0.5890625 0.54765625 0.01328125 0.02890625
1 0.5703125 0.63046875 0.01015625 0.0265625
1 0.58359375 0.68984375 0.00859375 0.02890625
1 0.2046875 0.1703125 0.02109375 0.021875
1 0.33515625 0.43125 0.021875 0.0359375
1 0.61015625 0.54765625 0.015625 0.03203125
1 0.5140625 0.21875 0.00703125 0.03125
1 0.5015625 0.20625 0.009375 0.03671875
1 0.49921875 0.15859375 0.01171875 0.02890625
3 0.5375 0.11796875 0.01640625 0.06875
3 0.52890625 0.0578125 0.01953125 0.0734375
3 0.9828125 0.50078125 0.034375 0.0484375
3 0.56875 0.00859375 0.021875 0.0171875