3 0.30078125 0.6984375 0.040625 0.03125
3 0.62578125 0.6609375 0.04375 0.0390625
3 0.45625 0.77578125 0.04375 0.0375
3 0.7640625 0.746875 0.0390625 0.03125
3 0.91015625 0.73203125 0.0390625 0.034375
3 0.71640625 0.7484375 0.040625 0.0359375
3 0.49453125 0.77265625 0.0359375 0.034375
3 0.340625 0.78125 0.034375 0.0296875
3 0.07265625 0.80703125 0.04375 0.0359375
3 0.1671875 0.79921875 0.0390625 0.028125
3 0.12109375 0.8046875 0.040625 0.0328125
3 0.3921875 0.7765625 0.046875 0.0359375
3 0.21640625 0.36484375 0.034375 0.053125
3 0.26796875 0.428125 0.03125 0.0546875
3 0.315625 0.52890625 0.0375 0.028125
3 0.27265625 0.53046875 0.0296875 0.034375
3 0.36640625 0.53046875 0.0515625 0.053125
3 0.25234375 0.40390625 0.0375 0.0625
3 0.23203125 0.38671875 0.0421875 0.0640625