3 0.51328125 0.16875 0.0359375 0.059375
3 0.36953125 0.50390625 0.0375 0.071875
3 0.51484375 0.240625 0.03125 0.0625
3 0.53828125 0.24296875 0.03125 0.065625
3 0.36640625 0.303125 0.0328125 0.0609375
3 0.36953125 0.39296875 0.0390625 0.075
3 0.359375 0.0171875 0.034375 0.034375
3 0.371875 0.571875 0.03125 0.0609375
3 0.38203125 0.9546875 0.0390625 0.0671875
3 0.509375 0.33203125 0.0328125 0.0671875
3 0.615625 0.05234375 0.040625 0.0484375
3 0.6046875 0.0859375 0.0453125 0.05
3 0.590625 0.1125 0.046875 0.053125
3 0.5734375 0.14453125 0.046875 0.05625