3 0.65625 0.69765625 0.0484375 0.040625
3 0.1453125 0.75234375 0.04375 0.0390625
3 0.3765625 0.03515625 0.0421875 0.0390625
3 0.09140625 0.75625 0.0578125 0.0453125
3 0.7171875 0.39375 0.0484375 0.040625
3 0.43203125 0.2859375 0.04375 0.0390625
3 0.22265625 0.35703125 0.04375 0.040625
3 0.1546875 0.45 0.0453125 0.040625
3 0.396875 0.425 0.0421875 0.0390625
1 0.17265625 0.2390625 0.0171875 0.0171875
3 0.04140625 0.45703125 0.0453125 0.040625
3 0.32734375 0.0484375 0.0421875 0.0375
3 0.3828125 0.07109375 0.0375 0.0375
3 0.02421875 0.50625 0.0421875 0.0375
1 0.01171875 0.34140625 0.01875 0.0234375
3 0.2328125 0.7375 0.046875 0.0375
3 0.41484375 0.71796875 0.04375 0.0328125
3 0.459375 0.71484375 0.046875 0.040625
3 0.51015625 0.709375 0.0453125 0.04375
3 0.55625 0.70546875 0.05 0.0421875
1 0.2296875 0.66875 0.0265625 0.021875
1 0.04453125 0.353125 0.0203125 0.0234375
3 0.9875 0.61640625 0.025 0.0515625