3 0.31484375 0.71171875 0.0421875 0.034375
3 0.63671875 0.6515625 0.0453125 0.040625
3 0.475 0.778125 0.0453125 0.0390625
3 0.78046875 0.728125 0.040625 0.034375
3 0.925 0.70234375 0.040625 0.0375
3 0.7328125 0.7328125 0.0421875 0.0390625
3 0.5140625 0.771875 0.0375 0.0359375
3 0.36015625 0.7921875 0.0359375 0.03125
3 0.0953125 0.83671875 0.046875 0.0375
3 0.18828125 0.82109375 0.040625 0.03125
3 0.14296875 0.83046875 0.0421875 0.0359375
3 0.41171875 0.78359375 0.0484375 0.0390625
3 0.2078125 0.38515625 0.0375 0.0546875
3 0.26328125 0.44453125 0.034375 0.0546875
3 0.31796875 0.54140625 0.0375 0.03125
3 0.27578125 0.54609375 0.03125 0.0359375
3 0.36875 0.53984375 0.053125 0.05625
3 0.246875 0.421875 0.040625 0.0640625
3 0.225 0.40546875 0.046875 0.065625