3 0.29765625 0.39453125 0.0359375 0.046875
3 0.0171875 0.0484375 0.034375 0.040625
3 0.20859375 0.3140625 0.03046875 0.04296875
3 0.59140625 0.48671875 0.03828125 0.04609375
3 0.5875 0.22578125 0.03671875 0.04375
3 0.22578125 0.37734375 0.03203125 0.040625
3 0.49921875 0.90078125 0.0375 0.05625
3 0.0171875 0.4015625 0.034375 0.046875
3 0.4125 0.81953125 0.0328125 0.05390625
3 0.45078125 0.85546875 0.0375 0.06015625
3 0.5390625 0.9359375 0.03984375 0.0515625
3 0.18125 0.609375 0.0328125 0.05078125
1 0.14375 0.13671875 0.0109375 0.0234375
3 0.13203125 0.56875 0.0359375 0.0578125
3 0.921875 0.2703125 0.02421875 0.05625
3 0.6078125 0.14140625 0.0328125 0.034375
1 0.0140625 0.44921875 0.0125 0.02265625
1 0.10703125 0.10703125 0.01484375 0.0328125
3 0.6359375 0.2546875 0.0328125 0.04609375
3 0.88671875 0.25546875 0.021875 0.06015625
1 0.0046875 0.45625 0.009375 0.01875
3 0.628125 0.28828125 0.03515625 0.03984375
3 0.2546875 0.67890625 0.03984375 0.05234375
1 0.1328125 0.10546875 0.01328125 0.025
1 0.09765625 0.096875 0.0109375 0.01875
1 0.15 0.028125 0.0125 0.0265625
3 0.64453125 0.2234375 0.03359375 0.034375