3 0.58359375 0.7375 0.0484375 0.040625
3 0.0828125 0.62265625 0.04375 0.0390625
3 0.53515625 0.0203125 0.040625 0.0375
3 0.03046875 0.609375 0.05625 0.0453125
3 0.73984375 0.4703125 0.0484375 0.040625
3 0.50546875 0.27578125 0.04375 0.0390625
3 0.284375 0.27421875 0.04375 0.040625
3 0.18984375 0.33984375 0.0453125 0.040625
3 0.42734375 0.39609375 0.0421875 0.0375
1 0.275 0.14609375 0.015625 0.0171875
3 0.0796875 0.31015625 0.0453125 0.040625
3 0.484375 0.0171875 0.040625 0.034375
3 0.52890625 0.05625 0.0375 0.0375
3 0.0484375 0.35078125 0.0421875 0.0375
1 0.08984375 0.19140625 0.01875 0.0234375
3 0.16953125 0.6375 0.046875 0.0375
3 0.3484375 0.678125 0.04375 0.03125
3 0.39140625 0.68984375 0.046875 0.040625
3 0.44140625 0.70078125 0.0453125 0.0421875
3 0.4859375 0.7125 0.05 0.0421875
1 0.18984375 0.571875 0.0265625 0.021875
1 0.11640625 0.21328125 0.01875 0.0234375
3 0.9359375 0.77421875 0.0515625 0.0515625