3 0.3453125 0.3953125 0.0390625 0.034375
3 0.25078125 0.38828125 0.04140625 0.034375
3 0.51484375 0.41015625 0.0421875 0.03515625
3 0.1375 0.37578125 0.0390625 0.034375
3 0.54921875 0.27421875 0.040625 0.03359375
3 0.459375 0.7 0.03515625 0.03203125
3 0.490625 0.02109375 0.03125 0.03046875
3 0.50546875 0.70390625 0.04375 0.034375
3 0.7046875 0.71953125 0.0421875 0.03359375
3 0.20546875 0.2921875 0.03984375 0.03671875
3 0.60390625 0.71171875 0.04140625 0.03359375
3 0.1078125 0.42109375 0.0359375 0.03203125
3 0.55703125 0.7078125 0.0390625 0.03515625
3 0.19453125 0.68203125 0.04140625 0.0359375
3 0.53671875 0.05390625 0.0328125 0.034375
3 0.278125 0.68671875 0.0453125 0.0296875
3 0.13671875 0.68046875 0.04609375 0.0375
3 0.53671875 0.01796875 0.034375 0.03515625
1 0.6796875 0.1703125 0.01171875 0.03359375
4 0.615625 0.17109375 0.01171875 0.0171875
4 0.6046875 0.24375 0.00703125 0.01875
4 0.6515625 0.11171875 0.00703125 0.015625
1 0.53828125 0.659375 0.0171875 0.015625
1 0.13046875 0.26953125 0.015625 0.01484375
1 0.15390625 0.26171875 0.01796875 0.01796875
1 0.12421875 0.2546875 0.0171875 0.0140625
1 0.17890625 0.175 0.01640625 0.01796875