3 0.50703125 0.16875 0.034375 0.059375
3 0.36953125 0.50625 0.0375 0.071875
3 0.51015625 0.240625 0.0296875 0.0625
3 0.53359375 0.24296875 0.0296875 0.065625
3 0.36328125 0.30546875 0.0328125 0.0609375
3 0.36796875 0.3953125 0.0375 0.075
3 0.35078125 0.01875 0.0328125 0.0375
3 0.37265625 0.57421875 0.03125 0.0609375
3 0.38984375 0.95625 0.0390625 0.0671875
3 0.50625 0.33203125 0.03125 0.0671875
3 0.6078125 0.05 0.040625 0.0484375
3 0.59765625 0.084375 0.0453125 0.05
3 0.58359375 0.1109375 0.0453125 0.053125
3 0.5671875 0.14375 0.046875 0.05625