3 0.559375 0.82421875 0.0484375 0.0671875
3 0.23203125 0.37265625 0.04375 0.0578125
3 0.33515625 0.5453125 0.046875 0.059375
3 0.4765625 0.034375 0.03125 0.053125
3 0.409375 0.93984375 0.0515625 0.0640625
3 0.28828125 0.3625 0.0375 0.0515625
3 0.28203125 0.33125 0.0421875 0.05
3 0.3625 0.965625 0.0484375 0.0421875
3 0.27734375 0.29921875 0.040625 0.053125
3 0.45703125 0.90234375 0.05 0.0734375
3 0.8109375 0.2828125 0.0421875 0.053125
3 0.02734375 0.91015625 0.0515625 0.059375
3 0.8765625 0.5203125 0.0421875 0.05625
3 0.9734375 0.23203125 0.040625 0.0390625
3 0.9484375 0.33046875 0.0421875 0.05
3 0.97421875 0.39921875 0.04375 0.0578125
3 0.5046875 0.01796875 0.028125 0.0359375
1 0.30546875 0.61171875 0.015625 0.0234375
1 0.36953125 0.59609375 0.015625 0.021875
1 0.40078125 0.540625 0.0171875 0.025
3 0.06328125 0.56796875 0.05625 0.0625
3 0.215625 0.2921875 0.0328125 0.0390625