3 0.57890625 0.7390625 0.0484375 0.040625
3 0.08046875 0.615625 0.04375 0.0390625
3 0.54296875 0.02109375 0.0421875 0.0390625
3 0.028125 0.60078125 0.05625 0.0453125
3 0.73984375 0.47421875 0.0484375 0.040625
3 0.509375 0.27578125 0.04375 0.0390625
3 0.28828125 0.2703125 0.04375 0.040625
3 0.19296875 0.33515625 0.0453125 0.040625
3 0.42890625 0.39453125 0.0421875 0.0390625
1 0.28125 0.1421875 0.0171875 0.0171875
3 0.08359375 0.303125 0.0453125 0.040625
3 0.49140625 0.0171875 0.0421875 0.034375
3 0.53671875 0.05703125 0.0375 0.0375
3 0.05078125 0.34296875 0.0421875 0.0375
1 0.0953125 0.184375 0.01875 0.0234375
3 0.1671875 0.63203125 0.046875 0.0375
3 0.3453125 0.67578125 0.04375 0.0328125
3 0.38828125 0.68828125 0.046875 0.040625
3 0.4375 0.7 0.0453125 0.04375
3 0.4828125 0.71171875 0.05 0.0421875
1 0.18828125 0.56640625 0.0265625 0.021875
1 0.121875 0.20625 0.0203125 0.0234375
3 0.93125 0.78125 0.053125 0.0515625