3 0.33828125 0.40625 0.040625 0.0375
3 0.24375 0.40625 0.04375 0.0375
3 0.50859375 0.409375 0.0453125 0.0375
3 0.1296875 0.4015625 0.040625 0.0375
3 0.53359375 0.27109375 0.0421875 0.0359375
3 0.4734375 0.70234375 0.0375 0.034375
3 0.45703125 0.02265625 0.0328125 0.0328125
3 0.51953125 0.703125 0.0453125 0.0375
3 0.71953125 0.7046875 0.04375 0.0359375
3 0.19140625 0.31328125 0.0421875 0.0390625
3 0.61875 0.70390625 0.04375 0.0359375
3 0.103125 0.4484375 0.0375 0.034375
3 0.57109375 0.703125 0.0421875 0.0375
3 0.2078125 0.703125 0.04375 0.0390625
3 0.50546875 0.05234375 0.034375 0.0359375
3 0.29140625 0.7015625 0.046875 0.0328125
3 0.15 0.70546875 0.0484375 0.040625
3 0.503125 0.0171875 0.0375 0.034375
1 0.65625 0.15859375 0.0140625 0.034375
4 0.5921875 0.1640625 0.0125 0.0171875
4 0.58671875 0.23671875 0.0078125 0.01875
4 0.62421875 0.10234375 0.0078125 0.015625
1 0.54921875 0.65625 0.01875 0.0171875
1 0.115625 0.29609375 0.0171875 0.015625
1 0.13828125 0.28671875 0.01875 0.01875
1 0.1078125 0.28125 0.01875 0.015625
1 0.15703125 0.1984375 0.0171875 0.01875