3 0.359375 0.37734375 0.0421875 0.0390625
3 0.26640625 0.35859375 0.0453125 0.0390625
3 0.52578125 0.4125 0.046875 0.040625
3 0.15546875 0.3328125 0.0421875 0.0390625
3 0.5765625 0.28203125 0.04375 0.0390625
3 0.43515625 0.69375 0.0390625 0.0359375
3 0.54921875 0.0234375 0.034375 0.034375
3 0.48046875 0.703125 0.046875 0.0390625
3 0.6765625 0.74296875 0.0453125 0.0390625
3 0.2328125 0.2578125 0.04375 0.040625
3 0.57734375 0.72265625 0.0453125 0.0390625
3 0.1203125 0.37421875 0.0390625 0.0359375
3 0.53125 0.71328125 0.04375 0.0390625
3 0.175 0.64375 0.0453125 0.040625
3 0.590625 0.06171875 0.0375 0.0375
3 0.25703125 0.65859375 0.0484375 0.034375
3 0.1171875 0.63515625 0.05 0.0421875
3 0.5953125 0.02578125 0.0390625 0.0390625
1 0.71875 0.19453125 0.015625 0.034375
4 0.6546875 0.1875 0.0140625 0.01875
4 0.63515625 0.25859375 0.009375 0.01875
4 0.69765625 0.1328125 0.009375 0.015625
1 0.51875 0.6625 0.01875 0.0171875
1 0.1609375 0.2265625 0.0171875 0.0171875
1 0.18515625 0.22109375 0.0203125 0.0203125
1 0.15703125 0.2109375 0.01875 0.015625
1 0.22109375 0.13828125 0.01875 0.0203125