3 0.61953125 0.721875 0.04296875 0.034375
3 0.10703125 0.68671875 0.0390625 0.0328125
3 0.459375 0.02109375 0.03671875 0.0328125
3 0.053125 0.68125 0.0515625 0.0375
3 0.73203125 0.4328125 0.04296875 0.034375
3 0.4703125 0.27734375 0.0390625 0.0328125
3 0.2515625 0.3109375 0.0390625 0.034375
3 0.16875 0.390625 0.040625 0.034375
3 0.41171875 0.40859375 0.0375 0.0328125
1 0.22265625 0.1859375 0.0140625 0.015625
3 0.05546875 0.378125 0.040625 0.034375
3 0.40859375 0.025 0.03671875 0.03125
3 0.459375 0.05703125 0.0328125 0.0328125
3 0.03046875 0.4234375 0.0375 0.03125
1 0.046875 0.259375 0.01484375 0.021875
3 0.1953125 0.6875 0.0421875 0.03125
3 0.378125 0.7 0.03984375 0.02578125
3 0.42265625 0.7046875 0.04140625 0.034375
3 0.4734375 0.7078125 0.03984375 0.03671875
3 0.51953125 0.71171875 0.04453125 0.03515625
1 0.2046875 0.61953125 0.0234375 0.01796875
1 0.0765625 0.2765625 0.01640625 0.02109375
3 0.9734375 0.70234375 0.0453125 0.04453125