3 0.45546875 0.171875 0.02578125 0.05625
3 0.371875 0.5265625 0.0265625 0.06875
3 0.46953125 0.2421875 0.02109375 0.059375
3 0.49296875 0.240625 0.0203125 0.0625
3 0.334375 0.32890625 0.0234375 0.0578125
3 0.353125 0.4171875 0.02734375 0.071875
3 0.275 0.0328125 0.02265625 0.065625
3 0.3859375 0.59296875 0.021875 0.0578125
3 0.4625 0.96796875 0.02890625 0.06328125
3 0.4796875 0.3328125 0.021875 0.06484375
3 0.5359375 0.0390625 0.03359375 0.04296875
3 0.53125 0.07421875 0.03828125 0.04453125
3 0.521875 0.10234375 0.0390625 0.046875
3 0.5109375 0.1375 0.0390625 0.05