3 0.28125 0.6765625 0.0375 0.028125
3 0.60859375 0.6734375 0.040625 0.034375
3 0.42734375 0.76953125 0.03984375 0.0328125
3 0.73671875 0.7734375 0.0359375 0.028125
3 0.88359375 0.7734375 0.0359375 0.03125
3 0.6890625 0.76953125 0.0375 0.0328125
3 0.46640625 0.7703125 0.0328125 0.03125
3 0.31171875 0.76328125 0.03203125 0.0265625
3 0.04296875 0.7609375 0.04140625 0.03125
3 0.1375 0.7625 0.03671875 0.025
3 0.09140625 0.76328125 0.0375 0.0296875
3 0.3640625 0.7640625 0.04375 0.03125
3 0.23203125 0.3359375 0.0296875 0.05
3 0.2765625 0.40390625 0.02578125 0.0515625
3 0.31328125 0.509375 0.034375 0.025
3 0.27109375 0.50625 0.0265625 0.03125
3 0.3640625 0.51640625 0.04609375 0.0484375
3 0.2640625 0.37890625 0.03125 0.06015625
3 0.2453125 0.359375 0.03671875 0.06015625