3 0.45625 0.52578125 0.040625 0.0359375
3 0.7546875 0.33515625 0.04296875 0.0359375
3 0.89453125 0.828125 0.04765625 0.040625
3 0.24375 0.5578125 0.03984375 0.0375
3 0.37734375 0.68203125 0.040625 0.0390625
3 0.08984375 0.8703125 0.02578125 0.078125
3 0.459375 0.7 0.04296875 0.0375
3 0.9171875 0.7671875 0.04921875 0.04375
3 0.75234375 0.06796875 0.0296875 0.0328125
3 0.3234375 0.6671875 0.0421875 0.04375
3 0.75390625 0.03125 0.0359375 0.028125
3 0.91015625 0.50390625 0.04765625 0.0390625
3 0.28828125 0.31171875 0.03984375 0.0359375
3 0.025 0.45625 0.034375 0.034375
3 0.6046875 0.615625 0.04140625 0.0375
3 0.6828125 0.68203125 0.04375 0.0390625
3 0.75078125 0.10703125 0.03515625 0.0328125
3 0.27109375 0.52109375 0.0328125 0.0328125
3 0.06875 0.1859375 0.046875 0.0484375
3 0.79375 0.79765625 0.04453125 0.04296875
3 0.74453125 0.7796875 0.046875 0.05390625
3 0.69375 0.765625 0.04140625 0.046875
3 0.646875 0.75546875 0.0375 0.04296875
1 0.4703125 0.65625 0.01875 0.01953125
1 0.36953125 0.62890625 0.01796875 0.0171875
1 0.2890625 0.609375 0.01640625 0.0140625
1 0.065625 0.7078125 0.009375 0.02578125
1 0.05078125 0.69609375 0.01171875 0.02578125
1 0.0703125 0.71640625 0.0140625 0.01953125
1 0.07578125 0.72734375 0.0140625 0.0171875
1 0.0875 0.75625 0.009375 0.021875
1 0.08984375 0.76640625 0.01328125 0.025
1 0.08046875 0.9375 0.015625 0.01171875
1 0.08203125 0.95234375 0.01796875 0.01328125
1 0.0796875 0.96640625 0.0140625 0.01328125
1 0.078125 0.97578125 0.01640625 0.0109375
1 0.0765625 0.98671875 0.015625 0.01484375
1 0.1453125 0.88046875 0.0171875 0.01328125
1 0.1453125 0.89453125 0.01796875 0.01640625
1 0.1328125 0.97421875 0.01640625 0.01328125
1 0.06796875 0.63125 0.01015625 0.0296875
1 0.04296875 0.69609375 0.01171875 0.0203125
1 0.0296875 0.6921875 0.01171875 0.021875
1 0.05546875 0.65078125 0.00859375 0.02578125
1 0.1421875 0.91171875 0.01328125 0.0125
1 0.140625 0.925 0.015625 0.01484375
1 0.13828125 0.93671875 0.01484375 0.01484375
1 0.13671875 0.959375 0.01640625 0.01171875
1 0.396875 0.290625 0.01484375 0.01796875
1 0.08984375 0.665625 0.00859375 0.03203125
1 0.0828125 0.6515625 0.00703125 0.02734375
1 0.06328125 0.65546875 0.0078125 0.0265625
1 0.0703125 0.6578125 0.00859375 0.0328125
1 0.01015625 0.6875 0.0125 0.025
1 0.01640625 0.64296875 0.0078125 0.025
1 0.009375 0.640625 0.0078125 0.0234375
3 0.70390625 0.06640625 0.03828125 0.03046875
1 0.2 0.0875 0.0125 0.03671875