3 0.3953125 0.56171875 0.04375 0.0609375
3 0.1953125 0.20234375 0.040625 0.0546875
3 0.55703125 0.6671875 0.05 0.0640625
3 0.26328125 0.22265625 0.0390625 0.0546875
3 0.128125 0.1078125 0.0296875 0.0453125
3 0.20390625 0.36875 0.040625 0.059375
3 0.0125 0.29609375 0.025 0.0515625
3 0.040625 0.60546875 0.0484375 0.0703125
3 0.74375 0.56796875 0.046875 0.0609375
3 0.3984375 0.6984375 0.040625 0.05625
1 0.0421875 0.70390625 0.015625 0.028125
1 0.4109375 0.66484375 0.015625 0.025
1 0.58046875 0.47734375 0.028125 0.046875
1 0.46875 0.36015625 0.0328125 0.0453125
1 0.6453125 0.890625 0.0296875 0.0421875
3 0.28125 0.578125 0.040625 0.0671875
3 0.58046875 0.87578125 0.04375 0.0765625
3 0.628125 0.92421875 0.04375 0.075
3 0.07265625 0.28671875 0.0375 0.0515625