3 0.3875 0.546875 0.0359375 0.05625
3 0.23984375 0.1625 0.03359375 0.05
3 0.53359375 0.6734375 0.04140625 0.059375
3 0.30390625 0.1921875 0.0328125 0.05
3 0.1859375 0.06015625 0.0234375 0.0421875
3 0.225 0.32890625 0.0328125 0.0546875
3 0.03984375 0.23046875 0.02890625 0.0484375
3 0.03046875 0.540625 0.0390625 0.065625
3 0.73203125 0.6015625 0.0390625 0.05625
3 0.371875 0.68203125 0.034375 0.0515625
1 0.01796875 0.63828125 0.0125 0.0265625
1 0.3890625 0.65078125 0.0125 0.0234375
1 0.5828125 0.4890625 0.021875 0.04375
1 0.48828125 0.35703125 0.0265625 0.04140625
1 0.58984375 0.90703125 0.02421875 0.03984375
3 0.27265625 0.546875 0.03203125 0.06328125
3 0.52734375 0.88359375 0.034375 0.07265625
3 0.56796875 0.93828125 0.034375 0.0703125
3 0.10625 0.22890625 0.03125 0.04765625