3 0.45234375 0.51796875 0.046875 0.0421875
3 0.7796875 0.38203125 0.0484375 0.0421875
3 0.83125 0.89140625 0.0546875 0.0484375
3 0.2375 0.5125 0.0453125 0.04375
3 0.34765625 0.6578125 0.046875 0.0453125
3 0.03203125 0.79375 0.0390625 0.08125
3 0.425 0.68984375 0.0484375 0.04375
3 0.8640625 0.8359375 0.05625 0.0515625
3 0.8234375 0.11796875 0.034375 0.0375
3 0.296875 0.634375 0.0484375 0.05
3 0.83125 0.0828125 0.040625 0.034375
3 0.903125 0.575 0.053125 0.046875
3 0.32421875 0.278125 0.0453125 0.0421875
3 0.03984375 0.37421875 0.0390625 0.0390625
3 0.5828125 0.63203125 0.046875 0.04375
3 0.6484375 0.7109375 0.05 0.0453125
3 0.81484375 0.15625 0.040625 0.0390625
3 0.27109375 0.48125 0.0375 0.0375
3 0.1296875 0.115625 0.0546875 0.05625
3 0.7375 0.84453125 0.0515625 0.05
3 0.6921875 0.81796875 0.05625 0.0609375
3 0.64453125 0.7953125 0.0484375 0.053125
3 0.6 0.77734375 0.04375 0.0484375
1 0.44375 0.6484375 0.021875 0.021875
1 0.34921875 0.60390625 0.0203125 0.0203125
1 0.2734375 0.57109375 0.01875 0.0171875
1 0.0359375 0.62890625 0.0140625 0.0265625
1 0.0234375 0.61484375 0.015625 0.028125
1 0.0390625 0.63828125 0.0171875 0.021875
1 0.04296875 0.65 0.0171875 0.01875
1 0.04921875 0.68046875 0.0125 0.0234375
1 0.05 0.69140625 0.0171875 0.0265625
1 0.0109375 0.8578125 0.0171875 0.0140625
1 0.01015625 0.87265625 0.0203125 0.015625
1 0.00625 0.8859375 0.0125 0.015625
1 0.00546875 0.89453125 0.0109375 0.0140625
1 0.003125 0.90546875 0.00625 0.0171875
1 0.084375 0.81328125 0.01875 0.015625
1 0.08203125 0.8265625 0.0203125 0.01875
1 0.05625 0.903125 0.01875 0.015625
1 0.0515625 0.55390625 0.015625 0.03125
1 0.015625 0.6140625 0.015625 0.021875
1 0.00546875 0.60703125 0.0109375 0.0234375
1 0.0359375 0.57109375 0.0125 0.0265625
1 0.07578125 0.84296875 0.015625 0.0140625
1 0.07265625 0.85625 0.0171875 0.0171875
1 0.06796875 0.8671875 0.0171875 0.0171875
1 0.0625 0.8890625 0.01875 0.0140625
1 0.43515625 0.27578125 0.0171875 0.0203125
1 0.0671875 0.5921875 0.0140625 0.0328125
1 0.0625 0.5765625 0.0109375 0.028125
1 0.04296875 0.57734375 0.0125 0.028125
1 0.04921875 0.58046875 0.0140625 0.034375
1 0.00234375 0.55703125 0.0046875 0.0265625
3 0.77578125 0.10859375 0.04375 0.0359375
1 0.2765625 0.04140625 0.01875 0.0390625