3 0.45546875 0.52421875 0.0421875 0.0375
3 0.76015625 0.34453125 0.04375 0.0375
3 0.8828125 0.84140625 0.0484375 0.0421875
3 0.2421875 0.54921875 0.040625 0.0390625
3 0.37109375 0.67734375 0.0421875 0.040625
3 0.07734375 0.85546875 0.028125 0.0796875
3 0.45234375 0.6984375 0.04375 0.0390625
3 0.9078125 0.78125 0.05 0.0453125
3 0.7671875 0.07734375 0.03125 0.034375
3 0.31796875 0.6609375 0.04375 0.0453125
3 0.7703125 0.040625 0.0375 0.0296875
3 0.91015625 0.51796875 0.0484375 0.040625
3 0.2953125 0.3046875 0.040625 0.0375
3 0.0265625 0.43984375 0.0359375 0.0359375
3 0.60078125 0.61953125 0.0421875 0.0390625
3 0.6765625 0.68828125 0.0453125 0.040625
3 0.7640625 0.11640625 0.0359375 0.034375
3 0.2703125 0.51328125 0.034375 0.034375
3 0.0796875 0.17109375 0.0484375 0.05
3 0.7828125 0.8078125 0.0453125 0.04375
3 0.734375 0.78828125 0.0484375 0.05625
3 0.684375 0.771875 0.04375 0.0484375
3 0.6375 0.76015625 0.0390625 0.04375
1 0.46484375 0.65546875 0.01875 0.0203125
1 0.36484375 0.62421875 0.01875 0.0171875
1 0.28515625 0.6015625 0.0171875 0.0140625
1 0.05859375 0.6921875 0.0109375 0.0265625
1 0.04453125 0.68046875 0.0125 0.0265625
1 0.06328125 0.7015625 0.0140625 0.0203125
1 0.06796875 0.7125 0.0140625 0.0171875
1 0.07890625 0.74140625 0.009375 0.021875
1 0.08046875 0.7515625 0.0140625 0.025
1 0.065625 0.92265625 0.015625 0.0125
1 0.06640625 0.9375 0.01875 0.0140625
1 0.06328125 0.9515625 0.0140625 0.0140625
1 0.06171875 0.9609375 0.0171875 0.0109375
1 0.06015625 0.971875 0.015625 0.015625
1 0.13203125 0.86796875 0.0171875 0.0140625
1 0.13203125 0.88203125 0.01875 0.0171875
1 0.11640625 0.9609375 0.0171875 0.0140625
1 0.06328125 0.61640625 0.0109375 0.0296875
1 0.03671875 0.6796875 0.0125 0.0203125
1 0.0234375 0.67578125 0.0125 0.021875
1 0.05078125 0.63515625 0.009375 0.0265625
1 0.128125 0.89921875 0.0140625 0.0125
1 0.12578125 0.9125 0.015625 0.015625
1 0.1234375 0.92421875 0.015625 0.015625
1 0.12109375 0.94609375 0.0171875 0.0125
1 0.40390625 0.2875 0.015625 0.01875
1 0.084375 0.6515625 0.009375 0.0328125
1 0.078125 0.63671875 0.0078125 0.028125
1 0.0578125 0.63984375 0.009375 0.0265625
1 0.06484375 0.64296875 0.009375 0.0328125
1 0.00546875 0.6703125 0.0109375 0.025
1 0.01171875 0.62578125 0.009375 0.025
1 0.0046875 0.6234375 0.009375 0.0234375
3 0.71875 0.0734375 0.0390625 0.03125
1 0.21484375 0.07734375 0.0140625 0.0375