3 0.2640625 0.58125 0.0453125 0.06875
3 0.11484375 0.78046875 0.0484375 0.0703125
3 0.25078125 0.2328125 0.0375 0.05
3 0.3703125 0.37265625 0.040625 0.0609375
3 0.40625 0.8015625 0.0390625 0.0546875
3 0.53203125 0.66171875 0.0421875 0.0640625
3 0.49609375 0.70234375 0.0390625 0.05625
3 0.62109375 0.559375 0.0421875 0.0578125
3 0.2953125 0.18671875 0.0375 0.0484375
3 0.446875 0.75546875 0.04375 0.0703125
3 0.225 0.14921875 0.0296875 0.040625
1 0.33671875 0.46171875 0.0171875 0.025
1 0.7203125 0.4296875 0.0140625 0.025
3 0.28515625 0.15390625 0.0390625 0.0546875
1 0.4625 0.1671875 0.015625 0.0234375