3 0.06484375 0.77109375 0.0375 0.0796875
3 0.50859375 0.4515625 0.0453125 0.0375
3 0.73671875 0.353125 0.0453125 0.0359375
3 0.7328125 0.44453125 0.046875 0.0375
3 0.0265625 0.36015625 0.0265625 0.0328125
3 0.63984375 0.7140625 0.0484375 0.040625
3 0.25859375 0.28984375 0.04375 0.05
3 0.02578125 0.91875 0.025 0.0390625
3 0.2640625 0.4109375 0.04375 0.040625
3 0.08125 0.92890625 0.025 0.034375
3 0.39609375 0.43203125 0.0421875 0.0359375
1 0.15546875 0.29375 0.0171875 0.0203125
3 0.23046875 0.58203125 0.0375 0.0625
3 0.05 0.24765625 0.04375 0.0390625
3 0.7125 0.09609375 0.021875 0.0296875
3 0.74765625 0.13359375 0.0375 0.0375
3 0.753125 0.09609375 0.0421875 0.0375
3 0.4171875 0.7375 0.04375 0.0359375
3 0.3328125 0.72578125 0.04375 0.0359375
3 0.27578125 0.7140625 0.0515625 0.0484375
3 0.59453125 0.77421875 0.04375 0.0453125
3 0.64140625 0.7828125 0.0484375 0.0375
3 0.69453125 0.79140625 0.046875 0.0453125
3 0.7453125 0.80234375 0.053125 0.034375
3 0.84453125 0.82265625 0.0484375 0.0328125
3 0.76015625 0.06015625 0.053125 0.040625
1 0.02890625 0.8328125 0.0109375 0.028125
1 0.0265625 0.821875 0.0140625 0.028125
1 0.0171875 0.7953125 0.01875 0.0234375
1 0.01171875 0.78515625 0.015625 0.0265625
1 0.00625 0.7765625 0.0109375 0.028125
1 0.01640625 0.6984375 0.0125 0.028125
1 0.02265625 0.70859375 0.0109375 0.028125
1 0.015625 0.725 0.0109375 0.0265625
1 0.0078125 0.72421875 0.009375 0.028125
1 0.00234375 0.72109375 0.0046875 0.0296875
1 0.0296875 0.72109375 0.0109375 0.025