3 0.08359375 0.21015625 0.0515625 0.0484375
3 0.59453125 0.8078125 0.04375 0.040625
3 0.775 0.175 0.040625 0.0375
3 0.28046875 0.7078125 0.05 0.046875
3 0.78125 0.1421875 0.0390625 0.0390625
3 0.7359375 0.8546875 0.0546875 0.0453125
3 0.6375 0.82421875 0.0515625 0.0453125
3 0.68828125 0.8390625 0.046875 0.04375
3 0.33359375 0.72109375 0.04375 0.040625
3 0.0109375 0.4828125 0.021875 0.034375
3 0.8359375 0.89609375 0.05 0.0421875
3 0.4140625 0.7453125 0.04375 0.0390625
3 0.74921875 0.04296875 0.046875 0.025
3 0.7421875 0.13828125 0.0171875 0.0296875
3 0.99375 0.14453125 0.0125 0.0265625
1 0.33046875 0.33984375 0.0203125 0.01875
4 0.84765625 0.13125 0.0125 0.0328125
3 0.78671875 0.103125 0.0296875 0.028125
1 0.35234375 0.31015625 0.0171875 0.01875
1 0.35 0.3265625 0.01875 0.015625
3 0.015625 0.8921875 0.03125 0.075
1 0.06953125 0.74453125 0.0140625 0.028125
1 0.01015625 0.73359375 0.0125 0.028125
1 0.01640625 0.74140625 0.015625 0.0203125
1 0.01875 0.753125 0.0171875 0.0171875
1 0.0265625 0.78359375 0.0125 0.025
1 0.028125 0.7953125 0.0125 0.0265625
1 0.06875 0.9125 0.01875 0.0140625
1 0.065625 0.92421875 0.0203125 0.015625
1 0.0734375 0.89609375 0.01875 0.015625
1 0.0140625 0.68203125 0.009375 0.0296875
1 0.0078125 0.67734375 0.0109375 0.025
1 0.00234375 0.67421875 0.0046875 0.0265625
1 0.04140625 0.690625 0.0140625 0.0296875
1 0.0234375 0.65546875 0.0109375 0.0265625
1 0.028125 0.6640625 0.0125 0.025
3 0.753125 0.39921875 0.0484375 0.0421875