3 0.04375 0.27890625 0.0453125 0.04140625
3 0.64140625 0.7890625 0.03828125 0.034375
3 0.72109375 0.1359375 0.0359375 0.03203125
3 0.315625 0.73984375 0.04453125 0.03984375
3 0.721875 0.10234375 0.034375 0.03359375
3 0.78828125 0.81328125 0.04921875 0.03828125
3 0.68671875 0.7984375 0.04609375 0.0390625
3 0.7390625 0.80546875 0.04140625 0.03828125
3 0.3703125 0.74453125 0.0390625 0.03515625
3 0.01171875 0.56015625 0.0234375 0.03046875
3 0.89375 0.83828125 0.04453125 0.0359375
3 0.453125 0.75546875 0.03828125 0.03359375
3 0.675 0.009375 0.04375 0.01875
3 0.6828125 0.1046875 0.0125 0.028125
3 0.94453125 0.0703125 0.0328125 0.021875
1 0.3078125 0.36796875 0.01796875 0.015625
4 0.7859375 0.08125 0.00703125 0.0328125
3 0.72109375 0.06328125 0.02578125 0.025
1 0.32421875 0.3359375 0.0140625 0.0171875
1 0.325 0.35234375 0.0171875 0.01328125
3 0.08125 0.9640625 0.02421875 0.071875
1 0.11328125 0.80859375 0.009375 0.02734375
1 0.05234375 0.80703125 0.0078125 0.0265625
1 0.06015625 0.8140625 0.01328125 0.01875
1 0.0640625 0.825 0.015625 0.015625
1 0.0765625 0.85390625 0.009375 0.02421875
1 0.08046875 0.865625 0.00859375 0.025
1 0.13828125 0.975 0.0171875 0.0109375
1 0.1375 0.98671875 0.01796875 0.01328125
1 0.140625 0.9578125 0.0171875 0.01328125
1 0.0140625 0.7953125 0.01171875 0.02578125
1 0.028125 0.7984375 0.0078125 0.0234375
1 0.03671875 0.796875 0.009375 0.0234375
1 0.0484375 0.75546875 0.00546875 0.0296875
1 0.04140625 0.75234375 0.0078125 0.02421875
1 0.0328125 0.7515625 0.0078125 0.025
1 0.02578125 0.74921875 0.00625 0.0203125
1 0.0765625 0.76015625 0.009375 0.02890625
1 0.05390625 0.728125 0.00625 0.02578125
1 0.059375 0.7359375 0.00859375 0.02421875
3 0.734375 0.3609375 0.04296875 0.03515625