3 0.39375 0.56015625 0.0421875 0.0609375
3 0.20078125 0.196875 0.0390625 0.053125
3 0.5546875 0.66796875 0.0484375 0.0640625
3 0.26796875 0.21875 0.0390625 0.053125
3 0.134375 0.1015625 0.028125 0.0453125
3 0.20625 0.3640625 0.0390625 0.0578125
3 0.01328125 0.28828125 0.0265625 0.0515625
3 0.0390625 0.59765625 0.046875 0.0703125
3 0.74296875 0.57265625 0.0453125 0.0609375
3 0.3953125 0.69609375 0.040625 0.0546875
1 0.03828125 0.69609375 0.015625 0.028125
1 0.40859375 0.66328125 0.015625 0.025
1 0.58125 0.47890625 0.0265625 0.0453125
1 0.47109375 0.359375 0.03125 0.04375
1 0.6390625 0.89296875 0.028125 0.0421875
3 0.2796875 0.57421875 0.0390625 0.0671875
3 0.57421875 0.87734375 0.04375 0.0765625
3 0.62109375 0.9265625 0.0421875 0.0734375
3 0.07578125 0.27890625 0.0375 0.0515625