3 0.30078125 0.65 0.05 0.0703125
3 0.2203125 0.88515625 0.053125 0.0734375
3 0.18046875 0.32265625 0.0390625 0.0515625
3 0.33671875 0.41875 0.04375 0.0625
3 0.50390625 0.815625 0.0421875 0.05625
3 0.58046875 0.64375 0.046875 0.0671875
3 0.559375 0.69375 0.0421875 0.0578125
3 0.63359375 0.51953125 0.0453125 0.059375
3 0.20859375 0.265625 0.040625 0.05
3 0.528125 0.759375 0.0484375 0.071875
3 0.13046875 0.25078125 0.0328125 0.0421875
1 0.33359375 0.5140625 0.01875 0.0265625
1 0.6875 0.36484375 0.015625 0.025
3 0.1890625 0.2375 0.0421875 0.05625
1 0.3609375 0.1953125 0.0171875 0.025