3 0.45703125 0.52734375 0.0421875 0.0375
3 0.7484375 0.3265625 0.04375 0.0375
3 0.90546875 0.8140625 0.0484375 0.0421875
3 0.24609375 0.56640625 0.040625 0.0390625
3 0.38359375 0.6859375 0.0421875 0.040625
3 0.103125 0.884375 0.028125 0.0796875
3 0.46640625 0.7015625 0.04375 0.0390625
3 0.9265625 0.75234375 0.05 0.0453125
3 0.7375 0.059375 0.03125 0.034375
3 0.3296875 0.6734375 0.04375 0.0453125
3 0.7375 0.02265625 0.0375 0.0296875
3 0.91015625 0.48984375 0.0484375 0.040625
3 0.28203125 0.31953125 0.040625 0.0375
3 0.0234375 0.47265625 0.0359375 0.0359375
3 0.60859375 0.61171875 0.0421875 0.0390625
3 0.6890625 0.67578125 0.0453125 0.040625
3 0.73671875 0.0984375 0.0359375 0.034375
3 0.271875 0.52890625 0.034375 0.034375
3 0.0578125 0.2015625 0.0484375 0.05
3 0.80390625 0.7875 0.0453125 0.04375
3 0.75390625 0.77109375 0.0484375 0.05625
3 0.703125 0.75859375 0.04375 0.0484375
3 0.65546875 0.75 0.0390625 0.04375
1 0.47578125 0.65703125 0.01875 0.0203125
1 0.37421875 0.63359375 0.01875 0.0171875
1 0.29296875 0.61640625 0.0171875 0.0140625
1 0.0734375 0.72265625 0.0109375 0.0265625
1 0.0578125 0.71171875 0.0125 0.0265625
1 0.078125 0.73125 0.0140625 0.0203125
1 0.08359375 0.7421875 0.0140625 0.0171875
1 0.096875 0.7703125 0.009375 0.021875
1 0.09921875 0.78046875 0.0140625 0.025
1 0.09609375 0.9515625 0.015625 0.0125
1 0.0984375 0.96640625 0.01875 0.0140625
1 0.09609375 0.98046875 0.0140625 0.0140625
1 0.0953125 0.98984375 0.0171875 0.0109375
1 0.09375 0.996875 0.015625 0.00625
1 0.15859375 0.89296875 0.0171875 0.0140625
1 0.159375 0.90703125 0.01875 0.0171875
1 0.14921875 0.98671875 0.0171875 0.0140625
1 0.07265625 0.64609375 0.0109375 0.0296875
1 0.05 0.71171875 0.0125 0.0203125
1 0.03671875 0.70859375 0.0125 0.021875
1 0.0609375 0.66640625 0.009375 0.0265625
1 0.15703125 0.92421875 0.0140625 0.0125
1 0.15546875 0.9375 0.015625 0.015625
1 0.15390625 0.94921875 0.015625 0.015625
1 0.153125 0.971875 0.0171875 0.0125
1 0.38984375 0.29453125 0.015625 0.01875
1 0.09609375 0.6796875 0.009375 0.0328125
1 0.08828125 0.66640625 0.0078125 0.028125
1 0.06875 0.6703125 0.009375 0.0265625
1 0.07578125 0.67265625 0.009375 0.0328125
1 0.0171875 0.7046875 0.0140625 0.025
1 0.021875 0.659375 0.009375 0.025
1 0.01484375 0.6578125 0.009375 0.0234375
3 0.68828125 0.059375 0.0390625 0.03125
1 0.1859375 0.0984375 0.0140625 0.0375