3 0.3828125 0.3421875 0.03125 0.0390625
3 0.59765625 0.546875 0.040625 0.0484375
3 0.89921875 0.66953125 0.0375 0.04375
3 0.2859375 0.72578125 0.046875 0.053125
3 0.68046875 0.815625 0.040625 0.0515625
3 0.58203125 0.90390625 0.04375 0.05625
3 0.43203125 0.34375 0.03125 0.040625
3 0.5421875 0.9296875 0.046875 0.053125
3 0.94765625 0.6 0.040625 0.0453125
3 0.68984375 0.84296875 0.04375 0.05
3 0.49296875 0.9625 0.05 0.05
3 0.603125 0.075 0.0234375 0.046875
3 0.421875 0.315625 0.0328125 0.040625
3 0.44375 0.98125 0.04375 0.034375
3 0.6328125 0.05703125 0.0234375 0.046875
3 0.996875 0.30390625 0.00625 0.0390625
1 0.4765625 0.57109375 0.0140625 0.021875
4 0.53828125 0.1953125 0.0109375 0.0234375
1 0.5859375 0.39453125 0.0171875 0.0234375
3 0.4203125 0.28359375 0.0375 0.040625
3 0.3640625 0.2625 0.0375 0.040625