3 0.865625 0.53046875 0.046875 0.04375
3 0.8453125 0.7703125 0.04375 0.04375
3 0.52578125 0.7546875 0.040625 0.04375
3 0.9 0.021875 0.021875 0.04375
3 0.7453125 0.75703125 0.0421875 0.040625
3 0.6203125 0.79140625 0.046875 0.0484375
3 0.725 0.79765625 0.0453125 0.04375
3 0.99609375 0.884375 0.0078125 0.04375
3 0.66875 0.81015625 0.04375 0.04375
3 0.571875 0.775 0.0421875 0.0453125
3 0.8625 0.0203125 0.021875 0.040625
3 0.58671875 0.10703125 0.028125 0.034375
3 0.27578125 0.415625 0.0421875 0.040625
3 0.26328125 0.6671875 0.040625 0.0421875
1 0.08203125 0.60703125 0.0125 0.025
3 0.62890625 0.14921875 0.034375 0.0375
3 0.77890625 0.85390625 0.04375 0.0453125
1 0.9734375 0.5125 0.021875 0.01875
3 0.3421875 0.68828125 0.0328125 0.034375
1 0.0515625 0.590625 0.0125 0.034375
3 0.5875 0.01640625 0.03125 0.0328125
3 0.63046875 0.11015625 0.0359375 0.0375
1 0.93671875 0.890625 0.0203125 0.021875
3 0.209375 0.6484375 0.0484375 0.0453125
3 0.63203125 0.07734375 0.04375 0.040625
1 0.76953125 0.31484375 0.0140625 0.0296875