3 0.77734375 0.78515625 0.0390625 0.0421875
3 0.72265625 0.81640625 0.04140625 0.0390625
3 0.6484375 0.83046875 0.04140625 0.0421875
3 0.60078125 0.81875 0.0375 0.0375
3 0.87890625 0.78671875 0.04296875 0.0421875
3 0.5078125 0.796875 0.040625 0.040625
3 0.7390625 0.50703125 0.04296875 0.0390625
3 0.21171875 0.48125 0.04609375 0.04375
3 0.86875 0.02578125 0.02265625 0.0515625
3 0.8359375 0.0265625 0.0203125 0.053125
1 0.86875 0.48046875 0.01875 0.0171875
3 0.75625 0.85703125 0.04296875 0.0484375
3 0.3265625 0.76015625 0.03984375 0.03359375
3 0.240625 0.7453125 0.0421875 0.03359375
3 0.1859375 0.73125 0.04375 0.0375
1 0.02421875 0.69921875 0.0125 0.03046875
1 0.05703125 0.71171875 0.0140625 0.028125
3 0.56015625 0.146875 0.03828125 0.03515625
3 0.6078125 0.18046875 0.03203125 0.03203125
3 0.60859375 0.1484375 0.03671875 0.0328125
3 0.6125 0.115625 0.03125 0.028125
3 0.56171875 0.0546875 0.0359375 0.0296875
1 0.74609375 0.33125 0.01171875 0.021875