3 0.63515625 0.61484375 0.0484375 0.0734375
3 0.6140625 0.55078125 0.04375 0.078125
3 0.50078125 0.0796875 0.0390625 0.071875
3 0.56328125 0.15078125 0.04375 0.078125
3 0.6953125 0.6578125 0.0390625 0.0640625
1 0.78359375 0.18125 0.0171875 0.0234375
3 0.43515625 0.0296875 0.0328125 0.059375
3 0.68515625 0.76015625 0.03125 0.059375
3 0.58828125 0.47578125 0.0453125 0.0765625
3 0.56875 0.41328125 0.04375 0.078125
3 0.96171875 0.0640625 0.0390625 0.0546875
1 0.46953125 0.06328125 0.0125 0.025
3 0.471875 0.13203125 0.03125 0.0484375
1 0.77890625 0.22421875 0.015625 0.025