3 0.85859375 0.57421875 0.0484375 0.04375
3 0.809375 0.8109375 0.0453125 0.04375
3 0.49453125 0.75546875 0.0421875 0.0453125
3 0.95625 0.06796875 0.021875 0.05625
3 0.71171875 0.78515625 0.0421875 0.0421875
3 0.58359375 0.80390625 0.046875 0.05
3 0.6875 0.8234375 0.046875 0.0453125
3 0.95625 0.94296875 0.03125 0.0453125
3 0.6296875 0.82890625 0.0453125 0.04375
3 0.5375 0.78125 0.04375 0.046875
3 0.9203125 0.0578125 0.0234375 0.0609375
3 0.63359375 0.1203125 0.028125 0.0359375
3 0.2875 0.3890625 0.0421875 0.0421875
3 0.24453125 0.6375 0.040625 0.04375
1 0.07265625 0.55546875 0.0140625 0.025
3 0.6703125 0.1671875 0.0359375 0.0375
3 0.73359375 0.88515625 0.0453125 0.0453125
1 0.96796875 0.5703125 0.021875 0.01875
3 0.0328125 0.11015625 0.0171875 0.0359375
3 0.3203125 0.66796875 0.0328125 0.034375
1 0.04375 0.53515625 0.0125 0.034375
3 0.646875 0.02890625 0.03125 0.0390625
3 0.67734375 0.12890625 0.0375 0.0375
1 0.8859375 0.94140625 0.0203125 0.021875
3 0.19375 0.61171875 0.0484375 0.0453125
3 0.6828125 0.096875 0.04375 0.040625
1 0.78984375 0.3484375 0.015625 0.03125