3 0.22890625 0.790625 0.0296875 0.0375
3 0.725 0.6765625 0.02109375 0.0453125
3 0.70625 0.75078125 0.01875 0.05078125
3 0.68515625 0.82421875 0.0203125 0.046875
3 0.71328125 0.80546875 0.01953125 0.04375
3 0.6921875 0.38046875 0.01484375 0.03359375
3 0.73203125 0.740625 0.01875 0.04140625
3 0.69609375 0.415625 0.015625 0.03203125
3 0.715625 0.36171875 0.01484375 0.03203125
3 0.2125 0.82890625 0.028125 0.04609375
3 0.7859375 0.0890625 0.01796875 0.03125
3 0.88515625 0.63671875 0.034375 0.03203125
3 0.9546875 0.0625 0.0171875 0.04609375
4 0.20546875 0.9015625 0.0078125 0.021875
3 0.39140625 0.503125 0.02578125 0.03125
3 0.41328125 0.49453125 0.0234375 0.028125
3 0.421875 0.46875 0.02265625 0.028125
3 0.87734375 0.14609375 0.0125 0.02265625
3 0.88984375 0.10546875 0.01171875 0.01796875
3 0.934375 0.02421875 0.01015625 0.01640625
1 0.86640625 0.60390625 0.01171875 0.01484375
1 0.88359375 0.60859375 0.01328125 0.01484375
1 0.9015625 0.61484375 0.01171875 0.01484375
1 0.83671875 0.584375 0.01328125 0.0171875
1 0.8296875 0.5265625 0.01015625 0.0140625
1 0.828125 0.5109375 0.0109375 0.0140625
1 0.828125 0.5015625 0.0125 0.009375
1 0.746875 0.70234375 0.0078125 0.01875