3 0.64453125 0.60234375 0.04296875 0.0703125
3 0.61796875 0.540625 0.03671875 0.075
3 0.4640625 0.08125 0.0328125 0.06875
3 0.5328125 0.146875 0.0375 0.075
3 0.70859375 0.63984375 0.03359375 0.0609375
1 0.7546875 0.1578125 0.01484375 0.021875
3 0.39453125 0.0359375 0.02734375 0.0625
3 0.70703125 0.74296875 0.02578125 0.0578125
3 0.5859375 0.46796875 0.0390625 0.0734375
3 0.5609375 0.4078125 0.03671875 0.075
3 0.921875 0.02578125 0.03515625 0.0515625
1 0.43125 0.06796875 0.0109375 0.0234375
3 0.43984375 0.1359375 0.02734375 0.046875
1 0.75390625 0.20078125 0.0140625 0.0234375