3 0.565625 0.45625 0.03125 0.0609375
3 0.33984375 0.253125 0.025 0.05
3 0.8171875 0.7875 0.0375 0.0640625
3 0.77578125 0.90859375 0.0390625 0.0703125
3 0.17265625 0.36796875 0.0359375 0.046875
3 0.4265625 0.40625 0.0296875 0.059375
3 0.38359375 0.49453125 0.0296875 0.0625
3 0.2265625 0.1140625 0.0265625 0.04375
3 0.565625 0.93046875 0.0296875 0.0671875
1 0.6625 0.56015625 0.0125 0.028125
1 0.69765625 0.596875 0.0171875 0.028125
1 0.4765625 0.14453125 0.0171875 0.0265625
1 0.375 0.353125 0.015625 0.028125
1 0.3 0.3171875 0.0203125 0.0203125
1 0.28515625 0.36875 0.0171875 0.01875