3 0.63671875 0.6125 0.0484375 0.0734375
3 0.61484375 0.5484375 0.0421875 0.078125
3 0.49375 0.0796875 0.0375 0.0703125
3 0.55703125 0.15 0.0421875 0.078125
3 0.6984375 0.65390625 0.0375 0.0625
1 0.778125 0.1765625 0.015625 0.0234375
3 0.4265625 0.03046875 0.03125 0.0609375
3 0.68984375 0.75703125 0.0296875 0.059375
3 0.58828125 0.47421875 0.04375 0.0765625
3 0.5671875 0.4125 0.0421875 0.078125
3 0.95390625 0.05625 0.0390625 0.053125
1 0.46171875 0.0640625 0.0125 0.0234375
3 0.465625 0.1328125 0.03125 0.0484375
1 0.77421875 0.21953125 0.015625 0.025