3 0.56328125 0.45234375 0.034375 0.0625
3 0.32734375 0.26171875 0.0265625 0.0515625
3 0.83203125 0.7703125 0.040625 0.0671875
3 0.796875 0.89375 0.0421875 0.0734375
3 0.16640625 0.38515625 0.0390625 0.0484375
3 0.421875 0.41015625 0.0328125 0.0609375
3 0.38359375 0.5 0.0328125 0.0640625
3 0.20703125 0.12890625 0.028125 0.0453125
3 0.5875 0.92578125 0.0328125 0.06875
1 0.665625 0.5515625 0.0140625 0.0296875
1 0.70234375 0.5859375 0.01875 0.0296875
1 0.4578125 0.146875 0.01875 0.0265625
1 0.3671875 0.359375 0.0171875 0.0296875
1 0.290625 0.328125 0.021875 0.021875
1 0.27890625 0.3796875 0.0171875 0.0203125