3 0.7359375 0.4453125 0.0203125 0.0359375
3 0.740625 0.71015625 0.025 0.046875
3 0.7375 0.40234375 0.01875 0.034375
3 0.74140625 0.7734375 0.0234375 0.04375
3 0.86640625 0.13125 0.01875 0.0296875
3 0.2390625 0.7421875 0.0296875 0.0421875
3 0.6796875 0.85234375 0.0234375 0.0484375
3 0.2140625 0.78125 0.03125 0.04375
3 0.71015625 0.78203125 0.021875 0.0515625
3 0.71015625 0.8390625 0.021875 0.0453125
3 0.76328125 0.3921875 0.0203125 0.0328125
3 0.95078125 0.20859375 0.0171875 0.0265625
3 0.971875 0.15859375 0.0125 0.021875
1 0.9890625 0.1640625 0.0078125 0.0140625
1 0.93046875 0.76015625 0.0140625 0.0171875
1 0.7578125 0.7390625 0.0078125 0.01875
3 0.9046875 0.69375 0.0390625 0.040625
4 0.20703125 0.84296875 0.00625 0.0125
4 0.12734375 0.9140625 0.0078125 0.015625
3 0.459375 0.45546875 0.021875 0.0296875
3 0.446875 0.47890625 0.025 0.03125
3 0.425 0.4875 0.028125 0.0296875
1 0.8625 0.63203125 0.0140625 0.01875
1 0.925 0.67578125 0.0171875 0.0203125
1 0.959375 0.81796875 0.009375 0.0234375
1 0.8609375 0.5765625 0.0125 0.0171875
1 0.86171875 0.559375 0.0125 0.0140625
1 0.8609375 0.5484375 0.0125 0.0140625