3 0.22421875 0.7859375 0.0296875 0.0375
3 0.721875 0.68046875 0.021875 0.0453125
3 0.7015625 0.7546875 0.0203125 0.0515625
3 0.6796875 0.82734375 0.021875 0.046875
3 0.7078125 0.809375 0.0203125 0.04375
3 0.69453125 0.38359375 0.015625 0.034375
3 0.728125 0.74453125 0.01875 0.0421875
3 0.69765625 0.41875 0.015625 0.0328125
3 0.71796875 0.365625 0.015625 0.0328125
3 0.20703125 0.82421875 0.0296875 0.046875
3 0.79296875 0.09375 0.01875 0.03125
3 0.8828125 0.64375 0.034375 0.0328125
3 0.9625 0.0703125 0.01875 0.046875
4 0.1984375 0.89609375 0.0078125 0.021875
3 0.39140625 0.5015625 0.0265625 0.03125
3 0.41328125 0.49296875 0.0234375 0.028125
3 0.42265625 0.4671875 0.0234375 0.028125
3 0.88359375 0.15234375 0.0125 0.0234375
3 0.896875 0.1125 0.0125 0.01875
3 0.94296875 0.03203125 0.0109375 0.0171875
1 0.86484375 0.61015625 0.0125 0.015625
1 0.88125 0.615625 0.0140625 0.015625
1 0.89921875 0.621875 0.0125 0.015625
1 0.83515625 0.590625 0.0140625 0.0171875
1 0.82890625 0.53203125 0.0109375 0.0140625
1 0.828125 0.51640625 0.0109375 0.0140625
1 0.828125 0.50703125 0.0125 0.009375
1 0.74296875 0.70625 0.0078125 0.01875