3 0.86640625 0.49140625 0.0515625 0.0484375
3 0.871875 0.7328125 0.0484375 0.046875
3 0.55234375 0.75 0.0453125 0.0484375
3 0.7703125 0.7296875 0.0453125 0.0453125
3 0.65 0.77734375 0.05 0.053125
3 0.75546875 0.77265625 0.05 0.0484375
3 0.7 0.790625 0.0484375 0.046875
3 0.6 0.765625 0.046875 0.05
3 0.5453125 0.1 0.03125 0.0375
3 0.26796875 0.4390625 0.0453125 0.0453125
3 0.28203125 0.69140625 0.04375 0.046875
1 0.09609375 0.65 0.015625 0.025
3 0.59140625 0.1375 0.0375 0.040625
3 0.81484375 0.82265625 0.0484375 0.0484375
1 0.971875 0.46328125 0.0234375 0.0203125
3 0.36328125 0.70390625 0.0359375 0.0359375
1 0.0640625 0.6375 0.015625 0.034375
3 0.5359375 0.0140625 0.034375 0.028125
3 0.5890625 0.0984375 0.0390625 0.040625
1 0.975 0.84296875 0.021875 0.0234375
3 0.2265625 0.678125 0.0515625 0.05
3 0.5875 0.06640625 0.046875 0.04375
1 0.7484375 0.2875 0.0171875 0.03125