3 0.65625 0.58359375 0.0515625 0.075
3 0.621875 0.52578125 0.0453125 0.0796875
3 0.41328125 0.0890625 0.040625 0.071875
3 0.48984375 0.1453125 0.046875 0.0796875
3 0.72421875 0.61328125 0.040625 0.0640625
1 0.7109375 0.1296875 0.0171875 0.0234375
3 0.3390625 0.05234375 0.034375 0.065625
3 0.73515625 0.715625 0.0328125 0.0609375
3 0.58125 0.4578125 0.0484375 0.078125
3 0.54921875 0.40078125 0.0453125 0.0796875
1 0.37890625 0.0796875 0.0140625 0.025
3 0.39609375 0.14609375 0.0328125 0.05
1 0.715625 0.171875 0.0171875 0.025