3 0.37421875 0.3484375 0.0296875 0.0375
3 0.6 0.54140625 0.0390625 0.0453125
3 0.9078125 0.6484375 0.034375 0.0421875
3 0.2984375 0.73671875 0.04375 0.05
3 0.696875 0.80546875 0.0390625 0.0484375
3 0.603125 0.8984375 0.0421875 0.053125
3 0.4234375 0.34765625 0.028125 0.0390625
3 0.5640625 0.92734375 0.04375 0.05
3 0.95234375 0.5765625 0.0375 0.0421875
3 0.7078125 0.8328125 0.0421875 0.046875
3 0.5171875 0.96171875 0.0484375 0.0484375
3 0.58125 0.0703125 0.021875 0.046875
3 0.4125 0.3203125 0.0296875 0.0390625
3 0.46875 0.98359375 0.0421875 0.03125
3 0.609375 0.05078125 0.0203125 0.046875
3 0.9921875 0.278125 0.015625 0.0375
1 0.4796875 0.57265625 0.0140625 0.021875
4 0.52265625 0.19375 0.009375 0.0234375
1 0.5796875 0.390625 0.0171875 0.021875
3 0.409375 0.28828125 0.0359375 0.0375
3 0.3515625 0.2703125 0.0359375 0.0390625