3 0.73515625 0.82109375 0.0453125 0.046875
3 0.6765625 0.84453125 0.046875 0.04375
3 0.60078125 0.84765625 0.046875 0.046875
3 0.55546875 0.8296875 0.0421875 0.0421875
3 0.83515625 0.83671875 0.0484375 0.0484375
3 0.46640625 0.7953125 0.0453125 0.0453125
3 0.7359375 0.53984375 0.0484375 0.0453125
3 0.2171875 0.44140625 0.0515625 0.05
3 0.93125 0.08203125 0.0296875 0.0546875
3 0.8984375 0.078125 0.028125 0.0546875
1 0.86796875 0.53203125 0.0203125 0.0203125
3 0.70390625 0.8890625 0.05 0.0546875
3 0.2921875 0.73359375 0.04375 0.0390625
3 0.209375 0.70703125 0.046875 0.0390625
3 0.15703125 0.68515625 0.0484375 0.04375
1 0.0046875 0.63125 0.009375 0.03125
1 0.03203125 0.64765625 0.0171875 0.0296875
3 0.60859375 0.15859375 0.0421875 0.040625
3 0.6515625 0.1984375 0.0359375 0.0359375
3 0.65625 0.1671875 0.040625 0.0375
3 0.66484375 0.13515625 0.034375 0.0328125
3 0.6234375 0.06796875 0.0390625 0.034375
1 0.7671875 0.3671875 0.0140625 0.0234375