3 0.19140625 0.75 0.034375 0.040625
3 0.6984375 0.70625 0.0265625 0.0484375
3 0.66953125 0.77734375 0.025 0.053125
3 0.63828125 0.846875 0.0265625 0.05
3 0.66875 0.83203125 0.025 0.0453125
3 0.70703125 0.40859375 0.01875 0.0359375
3 0.69609375 0.7703125 0.025 0.04375
3 0.70625 0.44375 0.0203125 0.034375
3 0.7328125 0.39296875 0.01875 0.034375
3 0.16953125 0.7859375 0.034375 0.05
3 0.840625 0.1328125 0.021875 0.0328125
3 0.8625 0.6890625 0.0390625 0.0359375
4 0.15234375 0.85703125 0.0109375 0.0234375
3 0.3921875 0.48828125 0.0296875 0.034375
3 0.41484375 0.4828125 0.0265625 0.03125
3 0.42734375 0.4578125 0.0265625 0.03125
3 0.92265625 0.20234375 0.015625 0.0234375
3 0.940625 0.16328125 0.0140625 0.01875
3 0.99453125 0.08828125 0.0109375 0.0171875
1 0.8484375 0.65390625 0.0140625 0.015625
1 0.86484375 0.6609375 0.015625 0.0171875
1 0.88203125 0.66953125 0.0140625 0.015625
1 0.821875 0.63046875 0.015625 0.01875
1 0.82265625 0.571875 0.0125 0.015625
1 0.8234375 0.55625 0.0125 0.015625
1 0.825 0.546875 0.0140625 0.0109375
1 0.71640625 0.734375 0.0109375 0.0203125