3 0.65703125 0.58125 0.0515625 0.075
3 0.62265625 0.5234375 0.046875 0.0796875
3 0.40625 0.090625 0.0421875 0.071875
3 0.48359375 0.14609375 0.046875 0.0796875
3 0.72578125 0.609375 0.0421875 0.065625
1 0.7046875 0.12578125 0.0171875 0.0234375
3 0.33125 0.05546875 0.0359375 0.065625
3 0.7390625 0.71171875 0.0328125 0.0609375
3 0.58046875 0.45625 0.0484375 0.078125
3 0.54765625 0.4 0.046875 0.0796875
1 0.371875 0.08203125 0.0140625 0.025
3 0.38984375 0.14765625 0.034375 0.05
1 0.71015625 0.16796875 0.0171875 0.025