3 0.725 0.409375 0.0203125 0.0359375
3 0.7703125 0.66953125 0.0234375 0.046875
3 0.71953125 0.36640625 0.01875 0.034375
3 0.78125 0.7328125 0.021875 0.04375
3 0.80390625 0.07890625 0.01875 0.0296875
3 0.2796875 0.78046875 0.028125 0.0421875
3 0.73203125 0.81953125 0.0234375 0.0484375
3 0.26171875 0.82265625 0.0296875 0.04375
3 0.7515625 0.7453125 0.021875 0.0515625
3 0.7609375 0.80234375 0.0203125 0.0453125
3 0.74375 0.35234375 0.01875 0.0328125
3 0.89921875 0.14140625 0.0171875 0.0265625
3 0.91328125 0.0890625 0.0125 0.0203125
1 0.93046875 0.09140625 0.0078125 0.0140625
1 0.965625 0.68984375 0.0140625 0.0171875
1 0.79140625 0.69609375 0.0078125 0.01875
3 0.9546875 0.00859375 0.0125 0.0171875
3 0.93046875 0.628125 0.0375 0.040625
4 0.26484375 0.884375 0.00625 0.0125
4 0.196875 0.96796875 0.0078125 0.015625
3 0.453125 0.4625 0.021875 0.028125
3 0.44453125 0.4875 0.025 0.03125
3 0.42421875 0.49921875 0.0265625 0.0296875
1 0.87890625 0.5734375 0.0140625 0.01875
1 0.94765625 0.60703125 0.015625 0.0203125
1 0.86875 0.51875 0.0125 0.0171875
1 0.86640625 0.5015625 0.0125 0.0125
1 0.8640625 0.490625 0.0125 0.0140625