3 0.86640625 0.5046875 0.05 0.046875
3 0.86328125 0.74609375 0.046875 0.046875
3 0.54375 0.75234375 0.04375 0.046875
3 0.865625 0.00859375 0.025 0.0171875
3 0.7625 0.7390625 0.04375 0.04375
3 0.63984375 0.7828125 0.0484375 0.0515625
3 0.7453125 0.78125 0.0484375 0.046875
3 0.68984375 0.79765625 0.046875 0.046875
3 0.590625 0.76875 0.0453125 0.0484375
3 0.82734375 0.0078125 0.0265625 0.015625
3 0.55859375 0.1015625 0.0296875 0.0359375
3 0.2703125 0.43125 0.04375 0.04375
3 0.275 0.68359375 0.0421875 0.0453125
1 0.090625 0.6359375 0.0140625 0.025
3 0.60390625 0.140625 0.0375 0.0390625
3 0.803125 0.83359375 0.046875 0.0484375
1 0.97265625 0.4796875 0.0234375 0.0203125
3 0.35625 0.6984375 0.034375 0.0359375
1 0.059375 0.621875 0.0140625 0.034375
3 0.55390625 0.01484375 0.0328125 0.0296875
3 0.603125 0.1015625 0.0390625 0.040625
1 0.96328125 0.859375 0.021875 0.0234375
3 0.22109375 0.66796875 0.0515625 0.0484375
3 0.60234375 0.06953125 0.0453125 0.04375
1 0.75625 0.29609375 0.0171875 0.03125