3 0.35 0.37265625 0.034375 0.040625
3 0.60546875 0.5234375 0.0453125 0.05
3 0.92734375 0.57578125 0.040625 0.046875
3 0.3421875 0.76796875 0.05 0.05625
3 0.746875 0.7671875 0.0453125 0.053125
3 0.67109375 0.875 0.0484375 0.059375
3 0.3984375 0.36328125 0.034375 0.04375
3 0.6375 0.909375 0.05 0.05625
3 0.959375 0.496875 0.04375 0.046875
3 0.76171875 0.79140625 0.046875 0.053125
3 0.596875 0.95234375 0.053125 0.053125
3 0.5046875 0.0625 0.0265625 0.0484375
3 0.3828125 0.33828125 0.0359375 0.04375
3 0.55234375 0.98125 0.0453125 0.0375
3 0.5296875 0.0390625 0.0265625 0.0484375
3 0.94765625 0.19609375 0.0234375 0.040625
1 0.49296875 0.575 0.0171875 0.0234375
4 0.46875 0.19453125 0.0125 0.025
1 0.56015625 0.378125 0.0203125 0.0234375
3 0.3734375 0.30703125 0.040625 0.0421875
3 0.3140625 0.29921875 0.040625 0.04375