3 0.56640625 0.45703125 0.0296875 0.0609375
3 0.34453125 0.25 0.0234375 0.05
3 0.8125 0.79296875 0.0375 0.0640625
3 0.76875 0.91328125 0.0375 0.0703125
3 0.175 0.3625 0.034375 0.046875
3 0.428125 0.4046875 0.028125 0.059375
3 0.38359375 0.4921875 0.028125 0.0625
3 0.23359375 0.109375 0.025 0.04375
3 0.5578125 0.93125 0.028125 0.0671875
1 0.66171875 0.56328125 0.0125 0.028125
1 0.69609375 0.6 0.0171875 0.028125
1 0.4828125 0.14453125 0.015625 0.025
1 0.37734375 0.35078125 0.015625 0.028125
1 0.303125 0.3140625 0.0203125 0.0203125
1 0.2875 0.36484375 0.015625 0.01875