3 0.82265625 0.575 0.0453125 0.0390625
3 0.90078125 0.4484375 0.034375 0.0640625
3 0.73359375 0.71484375 0.046875 0.046875
3 0.41796875 0.62265625 0.0421875 0.0375
3 0.18125 0.78125 0.0421875 0.0359375
3 0.91015625 0.28671875 0.0375 0.0765625
3 0.27109375 0.7703125 0.0453125 0.0375
3 0.22734375 0.775 0.0390625 0.040625
3 0.13671875 0.784375 0.046875 0.04375
3 0.08125 0.79609375 0.046875 0.04375
1 0.13203125 0.64921875 0.0203125 0.0375
1 0.2140625 0.6390625 0.0171875 0.0375
1 0.23828125 0.6375 0.015625 0.03125
1 0.35390625 0.6234375 0.015625 0.034375
1 0.34609375 0.6234375 0.015625 0.0359375
1 0.33203125 0.6265625 0.0140625 0.03125
1 0.32421875 0.6265625 0.0125 0.0296875
1 0.45078125 0.6125 0.0125 0.0265625
1 0.45859375 0.61328125 0.0140625 0.0296875
1 0.47265625 0.60703125 0.015625 0.0296875
1 0.48828125 0.7328125 0.0140625 0.0296875
1 0.50078125 0.73125 0.015625 0.0328125
1 0.38671875 0.75390625 0.0125 0.025
1 0.3953125 0.7515625 0.0140625 0.0296875
1 0.403125 0.75 0.0125 0.03125
1 0.4078125 0.7515625 0.0140625 0.0375
1 0.4171875 0.74609375 0.0140625 0.0359375
1 0.42421875 0.746875 0.0140625 0.0375
1 0.4375 0.7421875 0.0125 0.025
1 0.51640625 0.73359375 0.0125 0.0296875
1 0.5234375 0.7296875 0.0109375 0.028125
1 0.5515625 0.72890625 0.0125 0.0265625
1 0.55703125 0.72890625 0.0125 0.0234375
1 0.5640625 0.7359375 0.0125 0.028125
1 0.5703125 0.7328125 0.0140625 0.03125
1 0.57734375 0.73125 0.0140625 0.0328125
1 0.5890625 0.72890625 0.0140625 0.0296875
1 0.603125 0.7265625 0.0140625 0.03125
1 0.61875 0.72421875 0.0171875 0.03125
1 0.63125 0.728125 0.0140625 0.0328125
1 0.26796875 0.87109375 0.0125 0.028125
1 0.28515625 0.8671875 0.015625 0.03125
1 0.31015625 0.86328125 0.0140625 0.03125
1 0.3265625 0.8625 0.0140625 0.0328125
1 0.3390625 0.86171875 0.015625 0.034375
1 0.35 0.86171875 0.015625 0.0359375
1 0.37890625 0.85859375 0.0140625 0.03125
1 0.696875 0.8125 0.0140625 0.034375
1 0.67109375 0.8171875 0.0140625 0.03125
1 0.64140625 0.82109375 0.0125 0.028125
1 0.62890625 0.82265625 0.0140625 0.0296875
1 0.61796875 0.82421875 0.0140625 0.03125
1 0.61171875 0.82421875 0.0140625 0.028125
1 0.59921875 0.82578125 0.015625 0.03125
1 0.5921875 0.82421875 0.0140625 0.0265625
1 0.5828125 0.82265625 0.015625 0.03125
1 0.96875 0.6734375 0.0171875 0.0328125
1 0.94140625 0.6890625 0.0140625 0.0296875
1 0.934375 0.6890625 0.0140625 0.03125
1 0.91953125 0.69453125 0.015625 0.034375
1 0.8671875 0.70078125 0.01875 0.0390625
1 0.8078125 0.70703125 0.0140625 0.03125
1 0.82109375 0.7046875 0.015625 0.0328125
1 0.8328125 0.70546875 0.0140625 0.034375
1 0.84140625 0.7015625 0.0140625 0.034375
1 0.8484375 0.70234375 0.0140625 0.0328125
1 0.70546875 0.58046875 0.0140625 0.034375
1 0.696875 0.58125 0.0125 0.03125
1 0.690625 0.5796875 0.0125 0.0328125
1 0.65625 0.6015625 0.0125 0.03125
1 0.6390625 0.59453125 0.0125 0.0296875
1 0.61796875 0.5984375 0.0140625 0.03125
1 0.609375 0.5953125 0.0140625 0.0359375
1 0.57109375 0.60625 0.0171875 0.0359375
1 0.64296875 0.7296875 0.0171875 0.0359375
1 0.00234375 0.8109375 0.0046875 0.040625