3 0.121875 0.18125 0.0296875 0.0625
1 0.2984375 0.565625 0.0140625 0.028125
1 0.3578125 0.06796875 0.0171875 0.0328125
1 0.3796875 0.05390625 0.0171875 0.0296875
1 0.4125 0.021875 0.0140625 0.0234375
1 0.434375 0.01328125 0.0140625 0.015625
1 0.39765625 0.034375 0.0140625 0.0328125
1 0.2890625 0.10859375 0.015625 0.0296875
1 0.26484375 0.1171875 0.0140625 0.03125
1 0.221875 0.13359375 0.0109375 0.028125
1 0.23125 0.1328125 0.0125 0.0328125
1 0.253125 0.12890625 0.0125 0.028125
1 0.2421875 0.13125 0.0140625 0.0328125