3 0.83125 0.50625 0.0390625 0.0328125
3 0.88125 0.365625 0.0234375 0.0609375
3 0.7734375 0.66171875 0.040625 0.0390625
3 0.4453125 0.63671875 0.0375 0.03125
3 0.246875 0.84140625 0.0375 0.0296875
3 0.85703125 0.20625 0.025 0.0734375
3 0.33203125 0.8125 0.040625 0.03125
3 0.290625 0.82578125 0.034375 0.034375
3 0.20390625 0.85390625 0.040625 0.0359375
3 0.1515625 0.8765625 0.040625 0.0375
1 0.17109375 0.721875 0.0140625 0.0359375
1 0.24921875 0.6953125 0.0109375 0.0359375
1 0.27265625 0.6890625 0.0109375 0.03125
1 0.3828125 0.6515625 0.009375 0.0328125
1 0.375 0.653125 0.009375 0.0359375
1 0.3625 0.65859375 0.0078125 0.0296875
1 0.3546875 0.66015625 0.0078125 0.0296875
1 0.47578125 0.6203125 0.0078125 0.025
1 0.48359375 0.61875 0.009375 0.028125
1 0.4953125 0.61015625 0.0109375 0.0296875
1 0.53671875 0.7296875 0.009375 0.028125
1 0.5484375 0.72578125 0.009375 0.03125
1 0.4421875 0.771875 0.0078125 0.025
1 0.45 0.76796875 0.009375 0.028125
1 0.45703125 0.76484375 0.0078125 0.03125
1 0.4625 0.765625 0.00625 0.0375
1 0.4703125 0.7578125 0.0078125 0.0359375
1 0.47734375 0.7578125 0.0078125 0.0375
1 0.48984375 0.74921875 0.009375 0.025
1 0.56484375 0.725 0.0078125 0.028125
1 0.57109375 0.71953125 0.00625 0.028125
1 0.5984375 0.71328125 0.009375 0.025
1 0.60390625 0.7125 0.009375 0.0234375
1 0.61171875 0.71796875 0.0078125 0.028125
1 0.6171875 0.7125 0.0078125 0.03125
1 0.62421875 0.71015625 0.0078125 0.03125
1 0.63515625 0.70546875 0.009375 0.028125
1 0.64765625 0.7 0.009375 0.0296875
1 0.6625 0.69453125 0.0125 0.0296875
1 0.67578125 0.69609375 0.009375 0.03125
1 0.35 0.9109375 0.0078125 0.028125
1 0.36640625 0.90390625 0.009375 0.03125
1 0.38984375 0.8953125 0.009375 0.03125
1 0.40625 0.890625 0.009375 0.03125
1 0.41796875 0.8875 0.0109375 0.034375
1 0.42890625 0.88515625 0.009375 0.034375
1 0.45546875 0.87578125 0.009375 0.0296875
1 0.7578125 0.7640625 0.009375 0.0328125
1 0.73359375 0.775 0.009375 0.0296875
1 0.7046875 0.784375 0.0078125 0.0265625
1 0.69296875 0.7890625 0.009375 0.028125
1 0.6828125 0.79296875 0.0078125 0.03125
1 0.67734375 0.79375 0.009375 0.0265625
1 0.66484375 0.79765625 0.0109375 0.03125
1 0.6578125 0.7984375 0.009375 0.0265625
1 0.6484375 0.7984375 0.0109375 0.03125
1 0.99453125 0.57265625 0.0109375 0.03125
1 0.97109375 0.59296875 0.009375 0.0296875
1 0.9640625 0.59453125 0.009375 0.0296875
1 0.95078125 0.603125 0.009375 0.0328125
1 0.90078125 0.6203125 0.0125 0.0375
1 0.84375 0.63828125 0.0078125 0.03125
1 0.85625 0.63359375 0.009375 0.03125
1 0.86796875 0.63203125 0.0078125 0.0328125
1 0.87578125 0.6265625 0.0078125 0.0328125
1 0.8828125 0.625 0.009375 0.0328125
1 0.71796875 0.5359375 0.009375 0.0328125
1 0.709375 0.53828125 0.00625 0.03125
1 0.703125 0.53828125 0.00625 0.0328125
1 0.67421875 0.56640625 0.00625 0.03125
1 0.65546875 0.5640625 0.0078125 0.0296875
1 0.6359375 0.571875 0.0078125 0.0296875
1 0.62734375 0.5703125 0.0078125 0.034375
1 0.59140625 0.5890625 0.0125 0.034375
1 0.6875 0.6953125 0.0109375 0.0359375
1 0.03984375 0.915625 0.009375 0.0328125
1 0.04765625 0.91484375 0.00625 0.0359375
1 0.05546875 0.915625 0.00625 0.034375
1 0.06328125 0.9125 0.0078125 0.034375
1 0.071875 0.91015625 0.009375 0.0390625