3 0.83125 0.51171875 0.0390625 0.0328125
3 0.88359375 0.37265625 0.021875 0.0609375
3 0.7703125 0.66640625 0.040625 0.0390625
3 0.44296875 0.6359375 0.0375 0.03125
3 0.240625 0.83671875 0.0375 0.0296875
3 0.86171875 0.2125 0.025 0.0734375
3 0.3265625 0.809375 0.040625 0.03125
3 0.28515625 0.821875 0.034375 0.034375
3 0.19765625 0.8484375 0.040625 0.0359375
3 0.1453125 0.8703125 0.040625 0.0375
1 0.1671875 0.71640625 0.0125 0.0359375
1 0.24609375 0.690625 0.009375 0.0359375
1 0.26953125 0.68515625 0.009375 0.03125
1 0.38046875 0.64921875 0.009375 0.0328125
1 0.37265625 0.65078125 0.009375 0.034375
1 0.359375 0.65625 0.0078125 0.0296875
1 0.3515625 0.6578125 0.00625 0.028125
1 0.4734375 0.61953125 0.0078125 0.025
1 0.48125 0.61875 0.009375 0.028125
1 0.49375 0.61015625 0.009375 0.028125
1 0.5328125 0.73046875 0.009375 0.028125
1 0.54453125 0.7265625 0.009375 0.03125
1 0.4375 0.77109375 0.0078125 0.025
1 0.4453125 0.7671875 0.009375 0.028125
1 0.45234375 0.7640625 0.00625 0.03125
1 0.4578125 0.76484375 0.00625 0.0375
1 0.465625 0.75703125 0.0078125 0.034375
1 0.47265625 0.75703125 0.00625 0.0375
1 0.48515625 0.74921875 0.009375 0.025
1 0.5609375 0.72578125 0.0078125 0.028125
1 0.5671875 0.72109375 0.00625 0.028125
1 0.59453125 0.71484375 0.009375 0.025
1 0.6 0.7140625 0.009375 0.021875
1 0.6078125 0.71953125 0.0078125 0.028125
1 0.61328125 0.71484375 0.0078125 0.03125
1 0.6203125 0.7125 0.0078125 0.03125
1 0.63125 0.7078125 0.009375 0.028125
1 0.64453125 0.70234375 0.009375 0.0296875
1 0.659375 0.69765625 0.0125 0.028125
1 0.67265625 0.69921875 0.009375 0.03125
1 0.34296875 0.90859375 0.0078125 0.028125
1 0.359375 0.9015625 0.009375 0.03125
1 0.3828125 0.89296875 0.009375 0.03125
1 0.39921875 0.8890625 0.009375 0.03125
1 0.4109375 0.8859375 0.009375 0.034375
1 0.421875 0.88359375 0.009375 0.034375
1 0.44921875 0.875 0.009375 0.0296875
1 0.753125 0.76875 0.009375 0.0328125
1 0.72890625 0.77890625 0.009375 0.0296875
1 0.7 0.78828125 0.0078125 0.0265625
1 0.68828125 0.7921875 0.009375 0.028125
1 0.67734375 0.79609375 0.0078125 0.03125
1 0.671875 0.796875 0.009375 0.0265625
1 0.659375 0.80078125 0.009375 0.03125
1 0.65234375 0.80078125 0.009375 0.025
1 0.64296875 0.80078125 0.009375 0.03125
1 0.99296875 0.58125 0.0109375 0.03125
1 0.96953125 0.6015625 0.009375 0.028125
1 0.9625 0.60234375 0.009375 0.0296875
1 0.94921875 0.6109375 0.009375 0.0328125
1 0.8984375 0.62734375 0.0125 0.0375
1 0.84140625 0.64453125 0.0078125 0.03125
1 0.85390625 0.63984375 0.009375 0.03125
1 0.865625 0.63828125 0.0078125 0.0328125
1 0.8734375 0.6328125 0.0078125 0.0328125
1 0.88046875 0.63203125 0.009375 0.03125
1 0.7171875 0.53984375 0.009375 0.0328125
1 0.70859375 0.5421875 0.00625 0.03125
1 0.70234375 0.5421875 0.00625 0.0328125
1 0.67265625 0.56953125 0.00625 0.03125
1 0.6546875 0.56640625 0.00625 0.028125
1 0.634375 0.57421875 0.0078125 0.0296875
1 0.62578125 0.57265625 0.0078125 0.034375
1 0.58984375 0.590625 0.0125 0.034375
1 0.684375 0.6984375 0.009375 0.034375
1 0.0328125 0.9078125 0.009375 0.03125
1 0.040625 0.90703125 0.00625 0.0359375
1 0.0484375 0.9078125 0.00625 0.034375
1 0.05625 0.9046875 0.00625 0.034375
1 0.06484375 0.90234375 0.009375 0.0390625