3 0.16953125 0.13203125 0.02109375 0.0609375
1 0.29140625 0.53671875 0.0109375 0.0265625
1 0.41953125 0.05234375 0.0125 0.03203125
1 0.44296875 0.04140625 0.01328125 0.028125
1 0.4796875 0.0140625 0.01171875 0.02265625
1 0.503125 0.00859375 0.0125 0.0140625
1 0.46328125 0.025 0.01015625 0.03125
1 0.3453125 0.0828125 0.0125 0.028125
1 0.3203125 0.08828125 0.009375 0.0296875
1 0.27578125 0.0984375 0.0078125 0.02734375
1 0.28515625 0.09921875 0.0078125 0.03125
1 0.30703125 0.0984375 0.009375 0.0265625
1 0.29609375 0.09921875 0.01015625 0.03125