3 0.83125 0.5171875 0.0390625 0.0328125
3 0.8859375 0.3796875 0.0234375 0.0609375
3 0.7671875 0.67109375 0.040625 0.0390625
3 0.440625 0.63515625 0.0375 0.03125
3 0.23515625 0.83203125 0.0375 0.0296875
3 0.86640625 0.21875 0.025 0.0734375
3 0.32109375 0.80625 0.040625 0.03125
3 0.2796875 0.81796875 0.034375 0.034375
3 0.19140625 0.84296875 0.040625 0.0359375
3 0.1390625 0.8640625 0.040625 0.0375
1 0.16328125 0.7109375 0.0140625 0.0359375
1 0.24296875 0.6859375 0.0109375 0.0359375
1 0.26640625 0.68125 0.0109375 0.03125
1 0.378125 0.646875 0.009375 0.0328125
1 0.3703125 0.6484375 0.009375 0.0359375
1 0.35703125 0.65390625 0.0078125 0.0296875
1 0.34921875 0.65546875 0.0078125 0.0296875
1 0.47109375 0.61875 0.0078125 0.025
1 0.47890625 0.61875 0.009375 0.028125
1 0.4921875 0.61015625 0.0109375 0.0296875
1 0.52890625 0.73125 0.009375 0.028125
1 0.540625 0.72734375 0.009375 0.03125
1 0.4328125 0.7703125 0.0078125 0.025
1 0.440625 0.76640625 0.009375 0.028125
1 0.44765625 0.76328125 0.0078125 0.03125
1 0.453125 0.7640625 0.00625 0.0375
1 0.4609375 0.75625 0.0078125 0.0359375
1 0.46796875 0.75625 0.0078125 0.0375
1 0.48046875 0.74921875 0.009375 0.025
1 0.55703125 0.7265625 0.0078125 0.028125
1 0.56328125 0.721875 0.00625 0.028125
1 0.590625 0.71640625 0.009375 0.025
1 0.59609375 0.715625 0.009375 0.0234375
1 0.60390625 0.72109375 0.0078125 0.028125
1 0.609375 0.71640625 0.0078125 0.03125
1 0.61640625 0.71484375 0.0078125 0.03125
1 0.62734375 0.71015625 0.009375 0.028125
1 0.640625 0.7046875 0.009375 0.0296875
1 0.65625 0.70078125 0.0125 0.0296875
1 0.66953125 0.70234375 0.009375 0.03125
1 0.3359375 0.90546875 0.0078125 0.028125
1 0.35234375 0.89921875 0.009375 0.03125
1 0.37578125 0.890625 0.009375 0.03125
1 0.3921875 0.8875 0.009375 0.03125
1 0.40390625 0.884375 0.0109375 0.034375
1 0.41484375 0.88203125 0.009375 0.034375
1 0.44296875 0.87421875 0.009375 0.0296875
1 0.7484375 0.7734375 0.009375 0.0328125
1 0.72421875 0.7828125 0.009375 0.0296875
1 0.6953125 0.79140625 0.0078125 0.0265625
1 0.6828125 0.7953125 0.009375 0.028125
1 0.671875 0.79921875 0.0078125 0.03125
1 0.66640625 0.8 0.009375 0.0265625
1 0.65390625 0.80390625 0.0109375 0.03125
1 0.646875 0.803125 0.009375 0.0265625
1 0.6375 0.803125 0.0109375 0.03125
1 0.99140625 0.58984375 0.0109375 0.03125
1 0.96796875 0.609375 0.009375 0.0296875
1 0.9609375 0.61015625 0.009375 0.0296875
1 0.946875 0.61875 0.009375 0.0328125
1 0.89609375 0.634375 0.0125 0.0375
1 0.8390625 0.65078125 0.0078125 0.03125
1 0.8515625 0.64609375 0.009375 0.03125
1 0.86328125 0.64453125 0.0078125 0.0328125
1 0.87109375 0.6390625 0.0078125 0.0328125
1 0.878125 0.63828125 0.009375 0.0328125
1 0.71640625 0.54375 0.009375 0.0328125
1 0.7078125 0.54609375 0.00625 0.03125
1 0.7015625 0.54609375 0.00625 0.0328125
1 0.67109375 0.57265625 0.00625 0.03125
1 0.653125 0.56875 0.0078125 0.0296875
1 0.6328125 0.5765625 0.0078125 0.0296875
1 0.62421875 0.575 0.0078125 0.034375
1 0.58828125 0.5921875 0.0125 0.034375
1 0.68125 0.7015625 0.0109375 0.0359375
1 0.02578125 0.89921875 0.009375 0.0328125
1 0.03359375 0.89921875 0.00625 0.0359375
1 0.04140625 0.9 0.00625 0.034375
1 0.04921875 0.896875 0.0078125 0.034375
1 0.0578125 0.89453125 0.009375 0.0390625