3 0.15078125 0.15 0.025 0.0625
1 0.29375 0.54765625 0.0125 0.0265625
1 0.39609375 0.05703125 0.0140625 0.0328125
1 0.41875 0.0453125 0.0140625 0.028125
1 0.45390625 0.015625 0.0125 0.0234375
1 0.47734375 0.009375 0.0125 0.0140625
1 0.43828125 0.02734375 0.0125 0.03125
1 0.3234375 0.09140625 0.0140625 0.028125
1 0.29921875 0.0984375 0.0109375 0.0296875
1 0.2546875 0.1109375 0.009375 0.028125
1 0.26484375 0.1109375 0.009375 0.03125
1 0.2859375 0.109375 0.0109375 0.0265625
1 0.27578125 0.11015625 0.0125 0.03125