3 0.98046875 0.2296875 0.0375 0.059375
3 0.90546875 0.7375 0.0375 0.059375
3 0.18515625 0.2796875 0.0328125 0.0515625
3 0.209375 0.33046875 0.034375 0.059375
3 0.9578125 0.64609375 0.0375 0.0609375
3 0.16171875 0.22421875 0.034375 0.05625
3 0.7203125 0.8703125 0.0359375 0.059375
3 0.68203125 0.93359375 0.040625 0.0734375
3 0.08046875 0.48828125 0.040625 0.065625
3 0.37421875 0.7140625 0.0328125 0.05625
1 0.0953125 0.36953125 0.015625 0.028125
3 0.25234375 0.4390625 0.0265625 0.0453125
3 0.975 0.69765625 0.0203125 0.04375
3 0.078125 0.04296875 0.0359375 0.0625
1 0.56171875 0.94140625 0.0234375 0.0390625