3 0.16875 0.20234375 0.04375 0.0625
3 0.18828125 0.1328125 0.0390625 0.059375
3 0.55859375 0.08125 0.034375 0.0484375
3 0.75390625 0.07890625 0.040625 0.059375
1 0.08203125 0.6109375 0.0234375 0.0296875
3 0.51953125 0.03828125 0.0390625 0.05625
3 0.4828125 0.01328125 0.03125 0.0265625
3 0.615625 0.1453125 0.046875 0.0671875
3 0.88828125 0.58203125 0.0421875 0.0609375
3 0.9390625 0.6375 0.046875 0.0703125
3 0.98046875 0.68671875 0.0390625 0.0640625
1 0.784375 0.46796875 0.015625 0.021875
1 0.83515625 0.52109375 0.0140625 0.028125
1 0.80390625 0.49453125 0.015625 0.0234375
1 0.81015625 0.4984375 0.015625 0.025
1 0.79453125 0.47890625 0.0171875 0.025