3 0.98671875 0.25546875 0.0265625 0.0609375
3 0.89296875 0.75859375 0.0390625 0.0609375
3 0.196875 0.26328125 0.034375 0.053125
3 0.21796875 0.315625 0.0375 0.059375
3 0.94921875 0.66953125 0.040625 0.0625
3 0.1765625 0.20703125 0.0375 0.05625
3 0.70078125 0.88125 0.0375 0.059375
3 0.659375 0.94296875 0.04375 0.075
3 0.08203125 0.46640625 0.04375 0.0671875
3 0.3625 0.70703125 0.0359375 0.0578125
1 0.10234375 0.3484375 0.0171875 0.028125
3 0.25546875 0.4265625 0.0296875 0.046875
3 0.9640625 0.721875 0.021875 0.04375
3 0.10234375 0.02578125 0.0390625 0.0515625
1 0.53828125 0.94375 0.025 0.0390625