3 0.9140625 0.1359375 0.0390625 0.059375
3 0.94609375 0.6484375 0.0390625 0.059375
3 0.14609375 0.35 0.034375 0.053125
3 0.1796875 0.39453125 0.0359375 0.059375
3 0.978125 0.54765625 0.0390625 0.0609375
3 0.11171875 0.30078125 0.0359375 0.05625
3 0.7921875 0.81640625 0.0375 0.059375
3 0.76875 0.88671875 0.0421875 0.0734375
3 0.0875 0.57578125 0.0421875 0.065625
3 0.42109375 0.7359375 0.0359375 0.0578125
1 0.0765625 0.45703125 0.0171875 0.028125
3 0.24453125 0.4921875 0.028125 0.046875
3 0.99765625 0.59375 0.0046875 0.04375
3 0.00546875 0.140625 0.0109375 0.0625
1 0.65234375 0.91875 0.025 0.0390625