3 0.95546875 0.1890625 0.0328125 0.05625
3 0.925 0.7015625 0.03203125 0.05625
3 0.1671875 0.3078125 0.028125 0.05
3 0.1953125 0.35625 0.0296875 0.05625
3 0.96875 0.60546875 0.0328125 0.0578125
3 0.1390625 0.2546875 0.0296875 0.053125
3 0.7515625 0.85 0.03046875 0.05625
3 0.71953125 0.91640625 0.034375 0.0703125
3 0.08125 0.525 0.03515625 0.0625
3 0.39296875 0.72421875 0.02890625 0.0546875
1 0.08515625 0.40546875 0.0140625 0.0265625
3 0.24765625 0.4609375 0.0234375 0.04375
3 0.990625 0.65546875 0.01640625 0.0421875
3 0.03984375 0.08125 0.03046875 0.059375
1 0.6 0.934375 0.0203125 0.03671875