3 0.0328125 0.48203125 0.0328125 0.053125
3 0.6453125 0.478125 0.0375 0.0578125
3 0.6984375 0.59765625 0.0359375 0.059375
3 0.334375 0.7 0.040625 0.0703125
3 0.7625 0.1015625 0.028125 0.0453125
3 0.72421875 0.15703125 0.03125 0.0484375
3 0.62109375 0.41796875 0.034375 0.0546875
3 0.7515625 0.70859375 0.0296875 0.046875
3 0.9421875 0.7765625 0.0328125 0.0578125
3 0.65546875 0.025 0.03125 0.0265625
3 0.56484375 0.5109375 0.034375 0.0609375
3 0.72421875 0.653125 0.0390625 0.0578125
3 0.375 0.6359375 0.034375 0.059375
3 0.7875 0.79609375 0.040625 0.0640625
1 0.415625 0.5890625 0.0140625 0.01875
1 0.42734375 0.56953125 0.0125 0.0203125
1 0.440625 0.55078125 0.015625 0.0203125
1 0.44609375 0.54140625 0.0140625 0.01875
1 0.453125 0.53203125 0.0140625 0.01875
1 0.459375 0.52421875 0.0140625 0.0203125
1 0.4640625 0.5171875 0.0140625 0.01875
1 0.46875 0.50703125 0.0125 0.0171875
1 0.47421875 0.50078125 0.0140625 0.01875
1 0.4796875 0.49296875 0.0140625 0.0203125
1 0.484375 0.48359375 0.0140625 0.0203125
1 0.49921875 0.47265625 0.0140625 0.0203125
1 0.5046875 0.46875 0.0125 0.0203125
1 0.578125 0.54375 0.0109375 0.0171875
1 0.58671875 0.5625 0.0109375 0.0171875
1 0.3484375 0.44609375 0.0140625 0.0234375
1 0.3578125 0.43046875 0.015625 0.0203125
1 0.36328125 0.421875 0.0140625 0.021875
1 0.38046875 0.425 0.015625 0.015625
1 0.384375 0.3984375 0.0140625 0.01875
1 0.39765625 0.37734375 0.0125 0.021875
1 0.41328125 0.3484375 0.0140625 0.0234375
1 0.4234375 0.3453125 0.0125 0.021875
1 0.43984375 0.3046875 0.0125 0.021875
1 0.44609375 0.3015625 0.0125 0.0203125
1 0.4515625 0.29296875 0.0140625 0.0203125
1 0.45625 0.28515625 0.0125 0.021875
1 0.61875 0.05703125 0.0140625 0.0203125
1 0.60078125 0.0796875 0.0140625 0.021875
1 0.559375 0.1390625 0.0171875 0.021875
1 0.54921875 0.15390625 0.0125 0.01875
1 0.53515625 0.1734375 0.015625 0.0234375
1 0.5265625 0.18671875 0.0125 0.0234375
1 0.51328125 0.20546875 0.015625 0.0203125
1 0.48359375 0.25078125 0.0171875 0.025
1 0.7109375 0.8453125 0.0125 0.0234375
1 0.71640625 0.859375 0.0140625 0.025