3 0.03359375 0.53125 0.028125 0.05
3 0.6421875 0.46328125 0.03203125 0.0546875
3 0.7078125 0.5765625 0.03046875 0.05625
3 0.35625 0.71640625 0.034375 0.0671875
3 0.71953125 0.0765625 0.0234375 0.04375
3 0.68671875 0.13515625 0.0265625 0.0453125
3 0.61171875 0.40546875 0.02890625 0.0515625
3 0.771875 0.68125 0.025 0.04375
3 0.96875 0.72890625 0.02734375 0.0546875
3 0.6046875 0.01171875 0.02890625 0.0234375
3 0.565625 0.50390625 0.02890625 0.0578125
3 0.7390625 0.62890625 0.0328125 0.0546875
3 0.38984375 0.6484375 0.028125 0.05625
3 0.8171875 0.7640625 0.03515625 0.0609375
1 0.42578125 0.59765625 0.01171875 0.01796875
1 0.43515625 0.5765625 0.0109375 0.01953125
1 0.44609375 0.55703125 0.01328125 0.01875
1 0.45078125 0.546875 0.01171875 0.0171875
1 0.45703125 0.53671875 0.0125 0.0171875
1 0.4625 0.528125 0.01171875 0.01953125
1 0.46640625 0.52109375 0.0125 0.01796875
1 0.46953125 0.51015625 0.0109375 0.015625
1 0.47421875 0.503125 0.0125 0.0171875
1 0.47890625 0.4953125 0.0125 0.01953125
1 0.4828125 0.48515625 0.0125 0.01953125
1 0.49609375 0.47265625 0.0125 0.01953125
1 0.5015625 0.46875 0.0109375 0.01875
1 0.58203125 0.53515625 0.009375 0.01640625
1 0.59296875 0.553125 0.00859375 0.01640625
1 0.34375 0.4625 0.0125 0.021875
1 0.3515625 0.4453125 0.01328125 0.01953125
1 0.35625 0.43671875 0.01171875 0.0203125
1 0.3734375 0.4375 0.0140625 0.0140625
1 0.37421875 0.4109375 0.0125 0.01796875
1 0.38515625 0.3890625 0.0109375 0.02109375
1 0.39765625 0.35859375 0.01171875 0.02265625
1 0.4078125 0.35390625 0.0109375 0.02109375
1 0.41953125 0.31171875 0.01015625 0.0203125
1 0.42578125 0.30859375 0.01015625 0.01875
1 0.43046875 0.29921875 0.01171875 0.01875
1 0.434375 0.290625 0.0109375 0.0203125
1 0.571875 0.046875 0.0125 0.01953125
1 0.55625 0.07109375 0.01171875 0.0203125
1 0.52109375 0.13515625 0.01484375 0.02109375
1 0.5125 0.15078125 0.0109375 0.0171875
1 0.50078125 0.171875 0.01328125 0.02265625
1 0.49375 0.1859375 0.0109375 0.021875
1 0.48203125 0.20546875 0.0140625 0.01953125
1 0.4578125 0.25390625 0.01484375 0.0234375
1 0.74609375 0.82109375 0.01015625 0.02265625
1 0.753125 0.834375 0.0109375 0.0234375
1 0.8390625 0.9875 0.009375 0.02421875