3 0.03515625 0.54765625 0.0296875 0.0515625
3 0.640625 0.45859375 0.034375 0.05625
3 0.71015625 0.56953125 0.0328125 0.0578125
3 0.3640625 0.72109375 0.0359375 0.06875
3 0.7046875 0.06953125 0.025 0.0453125
3 0.67421875 0.12890625 0.028125 0.046875
3 0.60859375 0.4015625 0.03125 0.053125
3 0.778125 0.671875 0.0265625 0.0453125
3 0.9765625 0.7125 0.0296875 0.05625
3 0.58671875 0.01015625 0.0296875 0.0203125
3 0.565625 0.5015625 0.03125 0.059375
3 0.74375 0.6203125 0.034375 0.05625
3 0.3953125 0.65234375 0.0296875 0.0578125
3 0.8265625 0.753125 0.0375 0.0625
1 0.42890625 0.6 0.0125 0.01875
1 0.4375 0.57890625 0.0109375 0.0203125
1 0.4484375 0.55859375 0.0140625 0.01875
1 0.45234375 0.5484375 0.0125 0.0171875
1 0.45859375 0.53828125 0.0125 0.0171875
1 0.46328125 0.5296875 0.0125 0.0203125
1 0.4671875 0.521875 0.0125 0.01875
1 0.46953125 0.5109375 0.0109375 0.015625
1 0.47421875 0.50390625 0.0125 0.0171875
1 0.47890625 0.49609375 0.0125 0.0203125
1 0.48203125 0.4859375 0.0125 0.0203125
1 0.4953125 0.47265625 0.0125 0.0203125
1 0.50078125 0.46875 0.0109375 0.01875
1 0.58359375 0.53203125 0.009375 0.0171875
1 0.59453125 0.55 0.009375 0.0171875
1 0.3421875 0.46796875 0.0125 0.021875
1 0.35 0.45078125 0.0140625 0.0203125
1 0.35390625 0.44140625 0.0125 0.0203125
1 0.37109375 0.4421875 0.0140625 0.0140625
1 0.37109375 0.415625 0.0125 0.01875
1 0.38125 0.39296875 0.0109375 0.021875
1 0.39296875 0.3625 0.0125 0.0234375
1 0.403125 0.35703125 0.0109375 0.021875
1 0.41328125 0.31484375 0.0109375 0.0203125
1 0.41953125 0.3109375 0.0109375 0.01875
1 0.4234375 0.3015625 0.0125 0.01875
1 0.42734375 0.29296875 0.0109375 0.0203125
1 0.55625 0.04453125 0.0125 0.0203125
1 0.54140625 0.06953125 0.0125 0.0203125
1 0.50859375 0.134375 0.015625 0.021875
1 0.5 0.15078125 0.0109375 0.0171875
1 0.4890625 0.171875 0.0140625 0.0234375
1 0.4828125 0.18671875 0.0109375 0.021875
1 0.471875 0.20625 0.0140625 0.0203125
1 0.44921875 0.25546875 0.015625 0.0234375
1 0.75703125 0.8125 0.0109375 0.0234375
1 0.76484375 0.825 0.0125 0.0234375
1 0.85625 0.975 0.0109375 0.025