3 0.96640625 0.20546875 0.034375 0.0578125
3 0.91796875 0.71640625 0.034375 0.0578125
3 0.17421875 0.29609375 0.0296875 0.0515625
3 0.20078125 0.34609375 0.03125 0.0578125
3 0.96484375 0.621875 0.034375 0.059375
3 0.14765625 0.2421875 0.03125 0.0546875
3 0.7390625 0.85859375 0.0328125 0.0578125
3 0.7046875 0.9234375 0.0375 0.071875
3 0.08046875 0.51015625 0.0375 0.0640625
3 0.38515625 0.7203125 0.03125 0.05625
1 0.0890625 0.39140625 0.015625 0.0265625
3 0.24921875 0.45234375 0.025 0.0453125
3 0.98515625 0.67265625 0.0171875 0.0421875
3 0.0546875 0.065625 0.0328125 0.0609375
1 0.58515625 0.9375 0.021875 0.0375