3 0.02421875 0.37109375 0.03125 0.071875
3 0.028125 0.2125 0.0328125 0.071875
3 0.02890625 0.1375 0.034375 0.0734375
3 0.2796875 0.64140625 0.04375 0.0515625
3 0.01953125 0.44609375 0.03125 0.065625
3 0.33046875 0.65546875 0.0484375 0.053125
1 0.2359375 0.62265625 0.0140625 0.03125
1 0.21953125 0.61796875 0.0140625 0.028125
1 0.20390625 0.61328125 0.0125 0.025
1 0.196875 0.61171875 0.0125 0.0265625
1 0.1890625 0.61015625 0.0125 0.0296875
1 0.18125 0.60546875 0.0125 0.0265625
1 0.17421875 0.60234375 0.0125 0.0296875
1 0.1671875 0.6015625 0.0109375 0.034375
1 0.1625 0.60078125 0.0125 0.0296875
1 0.1546875 0.596875 0.0140625 0.03125
1 0.14609375 0.59765625 0.015625 0.0328125
1 0.13359375 0.58515625 0.0140625 0.0296875
1 0.12734375 0.58046875 0.0125 0.0234375
1 0.06171875 0.76953125 0.0140625 0.0359375
1 0.0890625 0.7796875 0.0140625 0.028125
1 0.25234375 0.821875 0.0140625 0.03125
1 0.23203125 0.8203125 0.0125 0.0296875
1 0.2203125 0.81796875 0.0125 0.03125
1 0.2125 0.81875 0.0125 0.028125
1 0.18984375 0.80234375 0.0125 0.028125
1 0.171875 0.8 0.015625 0.03125
1 0.1421875 0.78515625 0.0125 0.025