3 0.6046875 0.37265625 0.03125 0.065625
3 0.00859375 0.45390625 0.0171875 0.0421875
3 0.678125 0.38671875 0.03125 0.065625
3 0.60703125 0.296875 0.0328125 0.0703125
3 0.0703125 0.6546875 0.0296875 0.059375
3 0.16015625 0.3140625 0.0421875 0.046875
3 0.03203125 0.2671875 0.0421875 0.0453125
3 0.38359375 0.3890625 0.0359375 0.0453125
3 0.07109375 0.76484375 0.03125 0.0578125
3 0.4296875 0.60546875 0.0453125 0.053125
3 0.08046875 0.2875 0.0453125 0.0484375
3 0.43125 0.4078125 0.0359375 0.0453125
3 0.60859375 0.01015625 0.0265625 0.0203125
3 0.609375 0.14140625 0.0328125 0.0703125
3 0.6109375 0.06953125 0.034375 0.08125
3 0.0671875 0.8859375 0.0375 0.0828125
3 0.86640625 0.56640625 0.04375 0.05
3 0.91640625 0.57734375 0.0515625 0.0546875
1 0.81796875 0.54296875 0.0109375 0.028125
1 0.80234375 0.5421875 0.015625 0.03125
1 0.71015625 0.50234375 0.009375 0.0375
1 0.73046875 0.5171875 0.015625 0.04375
3 0.346875 0.553125 0.0609375 0.071875