3 0.0375 0.33046875 0.0265625 0.0703125
3 0.0546875 0.17265625 0.0265625 0.0703125
3 0.06171875 0.0984375 0.028125 0.071875
3 0.26875 0.621875 0.040625 0.0484375
3 0.0265625 0.4046875 0.0265625 0.0640625
3 0.3171875 0.63984375 0.04375 0.05
1 0.22578125 0.59921875 0.0125 0.03125
1 0.21015625 0.59375 0.0125 0.0265625
1 0.19453125 0.5875 0.009375 0.0234375
1 0.18828125 0.58515625 0.009375 0.025
1 0.18046875 0.5828125 0.009375 0.028125
1 0.1734375 0.57734375 0.0109375 0.0265625
1 0.16640625 0.5734375 0.009375 0.0296875
1 0.159375 0.571875 0.009375 0.034375
1 0.1546875 0.57109375 0.009375 0.028125
1 0.14765625 0.56640625 0.0109375 0.03125
1 0.1390625 0.56640625 0.0140625 0.03125
1 0.12734375 0.553125 0.0109375 0.028125
1 0.121875 0.54765625 0.0109375 0.0234375
1 0.03984375 0.73046875 0.0109375 0.034375
1 0.065625 0.7421875 0.0109375 0.0265625
1 0.22578125 0.79921875 0.0109375 0.0296875
1 0.2046875 0.7953125 0.0109375 0.028125
1 0.19375 0.7921875 0.009375 0.0296875
1 0.1859375 0.79296875 0.009375 0.0265625
1 0.16484375 0.77421875 0.0109375 0.028125
1 0.146875 0.7703125 0.0125 0.03125
1 0.11875 0.753125 0.009375 0.025