3 0.046875 0.30625 0.021875 0.06875
3 0.07265625 0.15 0.0234375 0.06875
3 0.08359375 0.07578125 0.025 0.0703125
3 0.2625 0.609375 0.0375 0.046875
3 0.03203125 0.3796875 0.0234375 0.0625
3 0.31015625 0.63046875 0.040625 0.0484375
1 0.22109375 0.584375 0.009375 0.03125
1 0.20546875 0.578125 0.0109375 0.0265625
1 0.190625 0.57109375 0.009375 0.0234375
1 0.184375 0.56875 0.009375 0.025
1 0.1765625 0.565625 0.009375 0.028125
1 0.16953125 0.56015625 0.009375 0.025
1 0.16328125 0.55625 0.009375 0.028125
1 0.15625 0.55390625 0.00625 0.034375
1 0.1515625 0.553125 0.009375 0.028125
1 0.14453125 0.54765625 0.009375 0.03125
1 0.1359375 0.54765625 0.0125 0.03125
1 0.125 0.53359375 0.009375 0.028125
1 0.11953125 0.528125 0.009375 0.021875
1 0.028125 0.70625 0.009375 0.034375
1 0.05390625 0.71953125 0.009375 0.0265625
1 0.21015625 0.784375 0.009375 0.0296875
1 0.18984375 0.7796875 0.009375 0.028125
1 0.17890625 0.77578125 0.009375 0.0296875
1 0.17109375 0.77578125 0.009375 0.0265625
1 0.15078125 0.75625 0.009375 0.028125
1 0.13359375 0.7515625 0.0109375 0.03125
1 0.10625 0.7328125 0.009375 0.025