3 0.6390625 0.4109375 0.03125 0.065625
3 0.0390625 0.30234375 0.034375 0.0421875
3 0.7046875 0.446875 0.03125 0.065625
3 0.66484375 0.33984375 0.0328125 0.0703125
3 0.04375 0.51484375 0.0296875 0.059375
3 0.234375 0.21796875 0.0421875 0.046875
3 0.1265625 0.134375 0.0421875 0.0453125
3 0.4234375 0.3578125 0.0359375 0.0453125
3 0.0125 0.61953125 0.025 0.0578125
3 0.40078125 0.578125 0.0453125 0.053125
3 0.16640625 0.16796875 0.0453125 0.0484375
3 0.4625 0.39140625 0.0359375 0.0453125
3 0.759375 0.05625 0.0265625 0.0453125
3 0.71484375 0.19296875 0.0328125 0.0703125
3 0.73828125 0.125 0.034375 0.08125
3 0.828125 0.67578125 0.04375 0.05
3 0.871875 0.70234375 0.0515625 0.0546875
1 0.7890625 0.6390625 0.0109375 0.028125
1 0.775 0.63359375 0.015625 0.03125
1 0.69921875 0.5671875 0.009375 0.0375
1 0.7140625 0.5875 0.015625 0.04375
3 0.33828125 0.50390625 0.0609375 0.071875