3 0.6296875 0.58828125 0.0359375 0.03125
3 0.32109375 0.58125 0.034375 0.0296875
3 0.14375 0.57890625 0.0328125 0.0296875
3 0.50546875 0.58515625 0.0359375 0.03125
3 0.18515625 0.59140625 0.0359375 0.0328125
3 0.2796875 0.58515625 0.0328125 0.03125
3 0.475 0.58671875 0.028125 0.03125
3 0.23515625 0.58515625 0.0421875 0.0328125
3 0.3234375 0.99140625 0.04375 0.0109375
3 0.38203125 0.0984375 0.03125 0.040625
1 0.1984375 0.56171875 0.0203125 0.01875
1 0.1953125 0.44765625 0.0078125 0.021875
1 0.175 0.453125 0.0078125 0.0203125
1 0.18828125 0.44609375 0.00625 0.0234375
1 0.184375 0.53515625 0.0109375 0.0171875
1 0.18359375 0.5546875 0.0078125 0.021875
1 0.16796875 0.45859375 0.0078125 0.025