3 0.34765625 0.83125 0.025 0.06875
3 0.4375 0.1375 0.01796875 0.046875
3 0.31015625 0.7453125 0.021875 0.065625
3 0.31171875 0.5734375 0.02265625 0.06875
3 0.01484375 0.43515625 0.021875 0.0484375
3 0.45390625 0.02265625 0.01328125 0.0390625
3 0.4765625 0.290625 0.0140625 0.04609375
3 0.4734375 0.25078125 0.0140625 0.0421875
3 0.45859375 0.06640625 0.0140625 0.04609375
3 0.10703125 0.66015625 0.02734375 0.053125
3 0.73359375 0.06640625 0.028125 0.040625
3 0.2765625 0.11953125 0.01484375 0.05
3 0.53984375 0.18203125 0.1171875 0.3640625