3 0.4015625 0.85078125 0.0359375 0.071875
3 0.38125 0.1515625 0.025 0.0484375
3 0.35078125 0.771875 0.03125 0.06875
3 0.32578125 0.60234375 0.0328125 0.071875
3 0.0125 0.51171875 0.025 0.0515625
3 0.3796875 0.0359375 0.01875 0.040625
3 0.44375 0.296875 0.021875 0.0484375
3 0.43515625 0.2578125 0.0203125 0.04375
3 0.39140625 0.078125 0.021875 0.0484375
3 0.13671875 0.71953125 0.0359375 0.05625
3 0.6625 0.03515625 0.034375 0.04375
3 0.21953125 0.159375 0.021875 0.0515625
3 0.48984375 0.184375 0.1734375 0.36875