3 0.63125 0.5859375 0.0359375 0.03046875
3 0.32265625 0.584375 0.034375 0.0296875
3 0.1453125 0.58515625 0.03203125 0.0296875
3 0.50703125 0.58515625 0.03515625 0.03125
3 0.18671875 0.596875 0.03515625 0.0328125
3 0.28125 0.5890625 0.0328125 0.03125
3 0.4765625 0.5875 0.028125 0.03046875
3 0.23671875 0.58984375 0.0421875 0.0328125
3 0.33203125 0.99453125 0.04296875 0.01015625
3 0.375 0.10078125 0.03125 0.03984375
1 0.19921875 0.5671875 0.0203125 0.01796875
1 0.19453125 0.453125 0.00703125 0.02109375
1 0.17421875 0.45859375 0.00703125 0.0203125
1 0.1875 0.4515625 0.00625 0.0234375
1 0.18515625 0.540625 0.0109375 0.0171875
1 0.184375 0.56015625 0.00703125 0.02109375
1 0.1671875 0.4640625 0.00703125 0.025