3 0.6421875 0.5671875 0.0390625 0.0359375
3 0.3359375 0.60859375 0.0375 0.034375
3 0.1609375 0.63359375 0.0359375 0.034375
3 0.51875 0.58359375 0.0390625 0.0359375
3 0.203125 0.63984375 0.0390625 0.0375
3 0.29609375 0.61875 0.0375 0.0359375
3 0.4890625 0.58984375 0.0328125 0.034375
3 0.2515625 0.62578125 0.046875 0.0390625
3 0.3203125 0.121875 0.0359375 0.04375
1 0.21171875 0.60859375 0.021875 0.0203125
1 0.190625 0.49609375 0.009375 0.021875
1 0.171875 0.5046875 0.009375 0.0203125
1 0.18359375 0.4953125 0.009375 0.0234375
1 0.19375 0.584375 0.0125 0.01875
1 0.19609375 0.603125 0.009375 0.021875
1 0.165625 0.5109375 0.0109375 0.025