3 0.359375 0.83671875 0.028125 0.0703125
3 0.425 0.13984375 0.0203125 0.046875
3 0.31875 0.7515625 0.0234375 0.065625
3 0.3140625 0.5796875 0.025 0.06875
3 0.0125 0.45234375 0.0234375 0.0484375
3 0.4375 0.02421875 0.0140625 0.0390625
3 0.46953125 0.29140625 0.015625 0.046875
3 0.46484375 0.2515625 0.015625 0.0421875
3 0.44375 0.06796875 0.015625 0.046875
3 0.1125 0.6734375 0.0296875 0.0546875
3 0.71796875 0.05859375 0.0296875 0.0421875
3 0.26328125 0.12734375 0.0171875 0.05
3 0.52890625 0.18203125 0.1296875 0.3640625