3 0.33515625 0.590625 0.0390625 0.065625
3 0.184375 0.290625 0.034375 0.053125
3 0.11328125 0.14375 0.0328125 0.05
3 0.2046875 0.40078125 0.0328125 0.0546875
3 0.30234375 0.58984375 0.0359375 0.0640625
3 0.0578125 0.03515625 0.03125 0.05
3 0.1421875 0.26953125 0.03125 0.0484375
3 0.296875 0.6875 0.040625 0.065625
3 0.36875 0.6609375 0.0390625 0.059375
3 0.41796875 0.40390625 0.0296875 0.04375
3 0.24140625 0.09453125 0.0296875 0.0390625
3 0.259375 0.12578125 0.0265625 0.0296875
3 0.2015625 0.03125 0.0265625 0.0359375
3 0.35 0.28828125 0.025 0.0375
3 0.33203125 0.2609375 0.025 0.04375
3 0.0953125 0.32265625 0.0421875 0.0609375