3 0.61015625 0.75234375 0.0421875 0.065625
3 0.38046875 0.5015625 0.034375 0.053125
3 0.33671875 0.3984375 0.03125 0.0515625
3 0.5609375 0.68671875 0.0390625 0.0609375
3 0.46328125 0.55390625 0.0359375 0.0515625
3 0.1046875 0.15546875 0.0296875 0.04375
3 0.2921875 0.13515625 0.028125 0.0359375
3 0.259375 0.446875 0.0328125 0.05625
3 0.60234375 0.875 0.0375 0.0640625
3 0.59296875 0.4796875 0.034375 0.0421875
3 0.25546875 0.2953125 0.03125 0.05
3 0.346875 0.19140625 0.0265625 0.0390625
3 0.321875 0.16484375 0.0296875 0.0359375
3 0.26953125 0.1015625 0.021875 0.03125
3 0.49765625 0.36953125 0.0296875 0.040625
3 0.37265625 0.2203125 0.0234375 0.03125
3 0.44765625 0.59140625 0.0359375 0.0671875