3 0.35546875 0.6203125 0.040625 0.065625
3 0.15 0.3546875 0.0359375 0.053125
3 0.05234375 0.22421875 0.0328125 0.0515625
3 0.190625 0.45859375 0.034375 0.05625
3 0.3234375 0.6265625 0.0359375 0.0640625
3 0.1046875 0.3421875 0.0328125 0.05
3 0.33671875 0.72265625 0.0421875 0.065625
3 0.40234375 0.6828125 0.040625 0.059375
3 0.4015625 0.421875 0.0296875 0.0453125
3 0.16875 0.1515625 0.0296875 0.040625
3 0.1921875 0.17890625 0.0265625 0.0296875
3 0.1171875 0.096875 0.0265625 0.0359375
3 0.3125 0.32109375 0.0265625 0.0375
3 0.2890625 0.29765625 0.0265625 0.04375
3 0.06875 0.403125 0.0421875 0.0625