3 0.34375 0.6046875 0.034375 0.0625
3 0.1671875 0.31875 0.03046875 0.05
3 0.08359375 0.17890625 0.028125 0.0484375
3 0.196875 0.4265625 0.02890625 0.053125
3 0.3109375 0.60703125 0.03046875 0.0609375
3 0.01875 0.07578125 0.02734375 0.0484375
3 0.1234375 0.3015625 0.02734375 0.046875
3 0.3140625 0.7046875 0.0359375 0.0625
3 0.38359375 0.671875 0.034375 0.05625
3 0.41015625 0.41171875 0.02578125 0.0421875
3 0.20703125 0.11875 0.02578125 0.0375
3 0.22734375 0.1484375 0.0234375 0.028125
3 0.16171875 0.059375 0.0234375 0.034375
3 0.33203125 0.30234375 0.02265625 0.03515625
3 0.31171875 0.2765625 0.021875 0.04140625
3 0.08125 0.35859375 0.03671875 0.05859375