3 0.5828125 0.73203125 0.046875 0.06875
3 0.30859375 0.49140625 0.0390625 0.053125
3 0.39296875 0.57890625 0.0421875 0.05625
3 0.24765625 0.38515625 0.0375 0.0546875
3 0.38359375 0.52109375 0.0390625 0.0546875
3 0.5609375 0.8234375 0.0453125 0.065625
3 0.18125 0.1296875 0.0265625 0.0328125
3 0.52578125 0.671875 0.04375 0.0625
3 0.53984375 0.46640625 0.0359375 0.04375
3 0.1578125 0.29609375 0.0359375 0.0515625
3 0.20546875 0.16015625 0.03125 0.0375
3 0.2390625 0.18515625 0.034375 0.0375
3 0.20234375 0.4734375 0.0390625 0.0546875
3 0.26640625 0.2078125 0.034375 0.0421875
3 0.29375 0.23515625 0.03125 0.034375
1 0.62734375 0.9203125 0.01875 0.025
1 0.675 0.9484375 0.01875 0.0296875
3 0.40546875 0.33984375 0.028125 0.0390625
3 0.4375 0.37265625 0.0328125 0.040625