3 0.36015625 0.62578125 0.0421875 0.0671875
3 0.1453125 0.3671875 0.0375 0.053125
3 0.04296875 0.23984375 0.034375 0.0515625
3 0.18984375 0.46953125 0.0359375 0.05625
3 0.32734375 0.63203125 0.0390625 0.0640625
3 0.09921875 0.35625 0.034375 0.05
3 0.34453125 0.72890625 0.04375 0.0671875
3 0.40859375 0.68671875 0.0421875 0.0609375
3 0.3984375 0.425 0.03125 0.0453125
3 0.15703125 0.16328125 0.03125 0.040625
3 0.18125 0.18984375 0.0265625 0.03125
3 0.10390625 0.1109375 0.028125 0.0375
3 0.30625 0.32734375 0.0265625 0.0375
3 0.2828125 0.3046875 0.028125 0.04375
3 0.065625 0.41796875 0.04375 0.0625