3 0.52421875 0.7453125 0.0390625 0.0640625
3 0.31640625 0.44609375 0.0328125 0.05
3 0.3765625 0.55078125 0.0359375 0.053125
3 0.2828125 0.32734375 0.03125 0.0515625
3 0.38203125 0.4921875 0.0328125 0.0515625
3 0.06875 0.02421875 0.0296875 0.04375
3 0.48125 0.828125 0.0375 0.0625
3 0.28046875 0.0640625 0.021875 0.03125
3 0.4828125 0.67265625 0.0375 0.0578125
3 0.546875 0.4765625 0.03125 0.040625
3 0.2171875 0.21953125 0.03125 0.0484375
3 0.296875 0.09921875 0.0265625 0.034375
3 0.32265625 0.13125 0.03125 0.034375
3 0.2171875 0.40234375 0.0328125 0.0515625
3 0.34375 0.16015625 0.0296875 0.0390625
3 0.36328125 0.19296875 0.0265625 0.03125
1 0.521875 0.93828125 0.015625 0.0234375
1 0.5609375 0.97734375 0.015625 0.028125
3 0.446875 0.321875 0.0234375 0.0375
3 0.4703125 0.36171875 0.028125 0.0375