3 0.9796875 0.89296875 0.040625 0.0734375
3 0.2625 0.76640625 0.046875 0.046875
3 0.28515625 0.8140625 0.0484375 0.0484375
3 0.659375 0.153125 0.03125 0.0453125
3 0.8640625 0.71953125 0.04375 0.06875
3 0.34140625 0.71640625 0.0421875 0.0453125
3 0.721875 0.6765625 0.034375 0.0671875
3 0.41640625 0.6671875 0.0453125 0.046875
3 0.134375 0.7828125 0.053125 0.0515625
3 0.2515625 0.48125 0.0390625 0.0390625
3 0.1328125 0.55 0.0375 0.0421875
3 0.9234375 0.80078125 0.0453125 0.071875
3 0.6765625 0.27734375 0.0265625 0.0484375
3 0.103125 0.5671875 0.0328125 0.034375