3 0.93203125 0.9484375 0.040625 0.06875
3 0.23203125 0.73515625 0.040625 0.0421875
3 0.2484375 0.7859375 0.0421875 0.04375
3 0.70078125 0.175 0.025 0.0421875
3 0.834375 0.7625 0.0359375 0.0640625
3 0.315625 0.6953125 0.0375 0.040625
3 0.69921875 0.70234375 0.0265625 0.0640625
3 0.39609375 0.65546875 0.040625 0.0421875
3 0.10234375 0.7359375 0.0484375 0.046875
3 0.25546875 0.45078125 0.0359375 0.034375
3 0.1296875 0.5046875 0.0328125 0.0375
3 0.88359375 0.85078125 0.0375 0.0671875
3 0.70234375 0.3 0.021875 0.0453125
3 0.09765625 0.51796875 0.028125 0.03125