3 0.9546875 0.92578125 0.0453125 0.071875
3 0.24453125 0.74921875 0.04375 0.0453125
3 0.2640625 0.7984375 0.0453125 0.046875
3 0.68359375 0.165625 0.028125 0.04375
3 0.84765625 0.74453125 0.0390625 0.065625
3 0.3265625 0.7046875 0.040625 0.04375
3 0.709375 0.69140625 0.0296875 0.065625
3 0.4046875 0.6609375 0.0421875 0.0453125
3 0.115625 0.75625 0.05 0.0484375
3 0.253125 0.4640625 0.0375 0.0375
3 0.13046875 0.52421875 0.0359375 0.0390625
3 0.9015625 0.8296875 0.040625 0.06875
3 0.69140625 0.28984375 0.0234375 0.046875
3 0.09921875 0.5390625 0.0296875 0.0328125