3 0.4390625 0.76796875 0.0375 0.034375
3 0.790625 0.8640625 0.040625 0.040625
3 0.38515625 0.77265625 0.0375 0.034375
3 0.09296875 0.5015625 0.028125 0.059375
3 0.46796875 0.7140625 0.040625 0.0390625
3 0.19375 0.6125 0.028125 0.0609375
3 0.0828125 0.14765625 0.021875 0.046875
3 0.15078125 0.1890625 0.01875 0.0390625
3 0.075 0.778125 0.028125 0.059375
1 0.33203125 0.6796875 0.015625 0.0203125
3 0.4046875 0.7203125 0.04375 0.0390625
3 0.17578125 0.0953125 0.01875 0.0359375
3 0.08046875 0.39453125 0.025 0.05