3 0.25625 0.60546875 0.0328125 0.078125
3 0.40546875 0.6671875 0.03125 0.06875
3 0.61328125 0.15234375 0.04375 0.0453125
3 0.51015625 0.70234375 0.0296875 0.059375
3 0.23046875 0.59765625 0.0328125 0.0796875
3 0.10234375 0.53671875 0.034375 0.078125
3 0.590625 0.74921875 0.0328125 0.0734375
3 0.053125 0.51796875 0.03125 0.071875
3 0.5265625 0.72109375 0.0328125 0.075
3 0.446875 0.68671875 0.0328125 0.0765625
3 0.03046875 0.509375 0.0296875 0.06875
3 0.321875 0.634375 0.034375 0.078125
3 0.56953125 0.74296875 0.03125 0.0734375
3 0.63046875 0.77109375 0.03125 0.0734375
3 0.7671875 0.93984375 0.0359375 0.0828125
3 0.2984375 0.625 0.034375 0.084375
3 0.4875 0.7015625 0.03125 0.0703125
3 0.0734375 0.52578125 0.0265625 0.0703125
3 0.54921875 0.72734375 0.0296875 0.0703125
1 0.36640625 0.47109375 0.021875 0.021875
1 0.1765625 0.39765625 0.0203125 0.0203125
3 0.4671875 0.6984375 0.03125 0.075
3 0.28125 0.61015625 0.0328125 0.084375
3 0.18828125 0.59453125 0.05625 0.0484375
3 0.01328125 0.49921875 0.0265625 0.0796875