3 0.51875 0.453125 0.0328125 0.0796875
3 0.5703125 0.428125 0.028125 0.0734375
3 0.30390625 0.24296875 0.0296875 0.0765625
3 0.6203125 0.40546875 0.0296875 0.0796875
3 0.59375 0.4140625 0.0296875 0.08125
3 0.10859375 0.80234375 0.04375 0.0453125
3 0.14609375 0.978125 0.0421875 0.04375
3 0.30234375 0.40703125 0.05 0.05625
3 0.38671875 0.9234375 0.0390625 0.0453125
3 0.5015625 0.953125 0.0328125 0.078125
3 0.66015625 0.28828125 0.04375 0.04375
3 0.05390625 0.83359375 0.0421875 0.04375
3 0.54140625 0.9390625 0.03125 0.0765625