3 0.58125 0.721875 0.04609375 0.034375
3 0.40546875 0.446875 0.04609375 0.034375
3 0.63515625 0.78515625 0.0421875 0.0328125
3 0.54375 0.80546875 0.04140625 0.0328125
3 0.78828125 0.2375 0.04609375 0.04375
3 0.48671875 0.80546875 0.0421875 0.0359375
3 0.13671875 0.4484375 0.02578125 0.078125
3 0.2421875 0.54140625 0.0421875 0.0328125
3 0.15078125 0.96171875 0.02734375 0.0671875
3 0.09375 0.44375 0.025 0.0875
3 0.1828125 0.45078125 0.02265625 0.0859375
3 0.0625 0.44453125 0.02578125 0.0828125
3 0.384375 0.80078125 0.040625 0.0359375
3 0.20625 0.46015625 0.021875 0.0765625