3 0.6609375 0.63125 0.0484375 0.040625
3 0.646875 0.771875 0.0484375 0.0359375
3 0.42578125 0.484375 0.0484375 0.040625
3 0.64921875 0.72734375 0.04375 0.0375
3 0.84921875 0.35859375 0.0453125 0.040625
3 0.434375 0.4171875 0.0453125 0.040625
3 0.44296875 0.33828125 0.0515625 0.0421875
3 0.45 0.2984375 0.04375 0.0390625
3 0.42265625 0.53203125 0.0484375 0.0359375
3 0.25859375 0.6859375 0.034375 0.040625
3 0.64921875 0.82421875 0.05625 0.04375
3 0.77578125 0.29140625 0.0296875 0.08125
3 0.68359375 0.9203125 0.0296875 0.0890625
3 0.49375 0.2390625 0.025 0.0640625
3 0.72265625 0.7234375 0.025 0.0828125
4 0.003125 0.9296875 0.00625 0.0125
4 0.146875 0.89375 0.009375 0.0109375
3 0.85625 0.31640625 0.05 0.0390625
3 0.85625 0.26796875 0.05 0.0390625