3 0.59140625 0.1625 0.0453125 0.0421875
3 0.41484375 0.69375 0.028125 0.0765625
3 0.746875 0.75859375 0.0265625 0.0703125
3 0.39140625 0.6890625 0.028125 0.0828125
3 0.059375 0.6234375 0.028125 0.0796875
3 0.50546875 0.70703125 0.028125 0.06875
3 0.2046875 0.03359375 0.021875 0.0296875
3 0.346875 0.68359375 0.028125 0.075
3 0.54921875 0.72109375 0.028125 0.075
3 0.63359375 0.7359375 0.0265625 0.075
3 0.68125 0.7453125 0.0265625 0.071875
3 0.5921875 0.72421875 0.0265625 0.071875
3 0.91640625 0.9 0.028125 0.0859375
3 0.32109375 0.68125 0.0265625 0.078125
3 0.65703125 0.734375 0.028125 0.075
3 0.12734375 0.64375 0.025 0.0703125
3 0.18125 0.64765625 0.028125 0.0765625
3 0.70390625 0.7484375 0.0265625 0.075
3 0.034375 0.62421875 0.028125 0.078125
3 0.72421875 0.7546875 0.0234375 0.06875
3 0.61484375 0.72890625 0.0265625 0.078125
3 0.1046875 0.63828125 0.025 0.06875
3 0.01484375 0.621875 0.0203125 0.0765625
3 0.14921875 0.64453125 0.0265625 0.075
3 0.2796875 0.68359375 0.0484375 0.0453125
3 0.36953125 0.68046875 0.0265625 0.0828125
3 0.5703125 0.7234375 0.021875 0.0765625
3 0.08359375 0.63359375 0.025 0.075
1 0.33828125 0.5140625 0.0203125 0.0171875