3 0.67578125 0.19765625 0.0484375 0.046875
3 0.36796875 0.665625 0.0359375 0.078125
3 0.67109375 0.81328125 0.034375 0.071875
3 0.34609375 0.6546875 0.0375 0.084375
3 0.0421875 0.5046875 0.0375 0.08125
3 0.4515625 0.7015625 0.0359375 0.0703125
3 0.3046875 0.6375 0.0375 0.0765625
3 0.48984375 0.7265625 0.0359375 0.0765625
3 0.56875 0.7625 0.034375 0.0765625
3 0.61171875 0.78359375 0.034375 0.0734375
3 0.53125 0.740625 0.034375 0.0734375
3 0.79765625 0.975 0.0390625 0.05
3 0.2796875 0.628125 0.0359375 0.0796875
3 0.59140625 0.7671875 0.0375 0.0765625
3 0.10234375 0.5421875 0.0328125 0.071875
3 0.15390625 0.56015625 0.0359375 0.078125
3 0.6328125 0.7921875 0.0359375 0.0765625
3 0.01796875 0.49921875 0.0359375 0.0796875
3 0.65078125 0.80390625 0.03125 0.0703125
3 0.5515625 0.75078125 0.0359375 0.0796875
3 0.0828125 0.53125 0.0328125 0.0703125
3 0.00703125 0.49140625 0.0140625 0.0765625
3 0.1234375 0.5484375 0.034375 0.0765625
3 0.2390625 0.6203125 0.053125 0.05
3 0.32734375 0.640625 0.0359375 0.084375
3 0.51015625 0.734375 0.0296875 0.0765625
3 0.06328125 0.52109375 0.0328125 0.0765625
1 0.33984375 0.471875 0.021875 0.0203125