3 0.5421875 0.15078125 0.04453125 0.0421875
3 0.1375 0.178125 0.04375 0.034375
3 0.53671875 0.28671875 0.046875 0.0328125
3 0.5375 0.24375 0.03984375 0.034375
3 0.534375 0.3359375 0.0484375 0.0375
3 0.8703125 0.58125 0.0234375 0.06875
3 0.9734375 0.59140625 0.0265625 0.0671875
3 0.5765625 0.44375 0.021875 0.084375
3 0.93359375 0.58671875 0.0234375 0.0671875
3 0.29765625 0.03203125 0.04453125 0.0359375
3 0.7859375 0.56875 0.02265625 0.06875
3 0.8484375 0.57578125 0.021875 0.0703125
3 0.828125 0.575 0.02109375 0.075
3 0.7421875 0.5625 0.02109375 0.06875
3 0.76328125 0.56953125 0.01796875 0.0578125
3 0.64921875 0.38203125 0.040625 0.0359375
3 0.80625 0.5734375 0.01484375 0.06875
3 0.88984375 0.58125 0.0140625 0.07734375
3 0.9109375 0.58359375 0.0171875 0.0828125