3 0.521875 0.4546875 0.02734375 0.078125
3 0.575 0.4328125 0.0234375 0.071875
3 0.32265625 0.2296875 0.025 0.075
3 0.6265625 0.4140625 0.025 0.078125
3 0.59921875 0.42109375 0.0234375 0.0796875
3 0.08828125 0.77421875 0.04140625 0.0421875
3 0.11328125 0.95546875 0.03984375 0.0453125
3 0.309375 0.39375 0.04609375 0.053125
3 0.3578125 0.91484375 0.03671875 0.0421875
3 0.4703125 0.95234375 0.028125 0.0765625
3 0.67421875 0.3 0.040625 0.040625
3 0.03203125 0.8015625 0.03984375 0.040625
3 0.5109375 0.940625 0.0265625 0.075