3 0.2859375 0.6578125 0.0265625 0.0765625
3 0.4453125 0.68359375 0.0265625 0.0671875
3 0.5328125 0.1359375 0.040625 0.04375
3 0.55546875 0.6953125 0.025 0.0578125
3 0.259375 0.65546875 0.0265625 0.078125
3 0.12109375 0.625 0.028125 0.0765625
3 0.64375 0.72265625 0.0265625 0.071875
3 0.06875 0.61796875 0.0265625 0.0703125
3 0.57578125 0.709375 0.0265625 0.0734375
3 0.48984375 0.69375 0.0265625 0.075
3 0.04453125 0.61484375 0.025 0.0671875
3 0.35703125 0.67109375 0.028125 0.0765625
3 0.62265625 0.72109375 0.0265625 0.071875
3 0.68828125 0.73515625 0.0265625 0.071875
3 0.859375 0.86875 0.0296875 0.08125
3 0.33125 0.6671875 0.028125 0.0828125
3 0.53359375 0.69921875 0.025 0.06875
3 0.090625 0.62109375 0.0203125 0.0703125
3 0.59921875 0.7109375 0.025 0.0703125
1 0.36328125 0.5015625 0.0203125 0.0203125
1 0.1625 0.47265625 0.01875 0.01875
3 0.5125 0.70078125 0.025 0.0734375
3 0.3109375 0.65625 0.0265625 0.0828125
3 0.21796875 0.6625 0.053125 0.0453125
3 0.0203125 0.609375 0.0296875 0.078125