3 0.29765625 0.671875 0.03125 0.0765625
3 0.45859375 0.6875 0.03125 0.06875
3 0.50703125 0.134375 0.0421875 0.0453125
3 0.56875 0.690625 0.028125 0.059375
3 0.27109375 0.671875 0.0328125 0.078125
3 0.13046875 0.6515625 0.0328125 0.078125
3 0.659375 0.71171875 0.03125 0.0734375
3 0.078125 0.64765625 0.0296875 0.0703125
3 0.58984375 0.703125 0.03125 0.0734375
3 0.50390625 0.69453125 0.03125 0.075
3 0.05390625 0.64609375 0.0296875 0.0671875
3 0.36953125 0.68125 0.034375 0.078125
3 0.6375 0.71171875 0.03125 0.071875
3 0.70390625 0.72109375 0.03125 0.071875
3 0.884375 0.84296875 0.034375 0.0828125
3 0.34375 0.678125 0.0328125 0.0828125
3 0.54765625 0.69609375 0.0296875 0.06875
3 0.1 0.64921875 0.025 0.0703125
3 0.6140625 0.703125 0.0296875 0.0703125
1 0.36328125 0.5109375 0.021875 0.021875
1 0.1609375 0.49609375 0.0203125 0.0203125
3 0.5265625 0.69921875 0.0296875 0.075
3 0.32265625 0.66953125 0.03125 0.084375
3 0.2296875 0.68125 0.05625 0.0484375
3 0.0296875 0.64296875 0.0359375 0.0796875