3 0.6078125 0.71015625 0.05 0.0390625
3 0.4 0.45859375 0.05 0.0390625
3 0.66875 0.76640625 0.0453125 0.0375
3 0.58046875 0.79765625 0.0453125 0.0375
3 0.75390625 0.2046875 0.0515625 0.0484375
3 0.52421875 0.8046875 0.046875 0.040625
3 0.1328125 0.49296875 0.034375 0.08125
3 0.24921875 0.57265625 0.0453125 0.0375
3 0.20859375 0.9828125 0.0359375 0.034375
3 0.08984375 0.49375 0.0359375 0.090625
3 0.17890625 0.48984375 0.0328125 0.0875
3 0.059375 0.4984375 0.0359375 0.0859375
3 0.421875 0.8125 0.0453125 0.040625
3 0.20390625 0.49609375 0.03125 0.078125