3 0.61484375 0.16953125 0.0421875 0.0390625
3 0.4015625 0.6875 0.02265625 0.075
3 0.728125 0.775 0.021875 0.06875
3 0.378125 0.68125 0.02265625 0.08125
3 0.0515625 0.5921875 0.0234375 0.078125
3 0.490625 0.70703125 0.0234375 0.0671875
3 0.23828125 0.0140625 0.01953125 0.028125
3 0.334375 0.67265625 0.0234375 0.0734375
3 0.53359375 0.72421875 0.02265625 0.0734375
3 0.6171875 0.74453125 0.02109375 0.0734375
3 0.6640625 0.75703125 0.02109375 0.0703125
3 0.5765625 0.73046875 0.021875 0.0703125
3 0.8875 0.928125 0.02265625 0.084375
3 0.30859375 0.66796875 0.021875 0.0765625
3 0.640625 0.74453125 0.0234375 0.0734375
3 0.11796875 0.6171875 0.0203125 0.06875
3 0.171875 0.625 0.02265625 0.075
3 0.6859375 0.76171875 0.021875 0.0734375
3 0.0265625 0.59140625 0.02265625 0.0765625
3 0.70625 0.76953125 0.01953125 0.0671875
3 0.5984375 0.73671875 0.02109375 0.0765625
3 0.09609375 0.61015625 0.0203125 0.0671875
3 0.0078125 0.5875 0.015625 0.075
3 0.13984375 0.61953125 0.02109375 0.0734375
3 0.2671875 0.66796875 0.04609375 0.0421875
3 0.35703125 0.67109375 0.02109375 0.08125
3 0.5546875 0.728125 0.01640625 0.075
3 0.075 0.60390625 0.01953125 0.07421875
1 0.3375 0.503125 0.01875 0.01640625