3 0.66953125 0.828125 0.0421875 0.034375
3 0.275 0.8234375 0.0328125 0.0390625
3 0.671875 0.7328125 0.0453125 0.040625
3 0.42578125 0.5375 0.040625 0.0359375
3 0.421875 0.60546875 0.04375 0.0375
3 0.415625 0.08203125 0.0203125 0.0796875
3 0.42734375 0.45859375 0.046875 0.0359375
3 0.66953125 0.87265625 0.0484375 0.034375
3 0.6734375 0.92578125 0.0515625 0.0390625
3 0.83515625 0.440625 0.0421875 0.0359375
3 0.4234375 0.65390625 0.0453125 0.034375
3 0.4296875 0.421875 0.040625 0.03125
3 0.46953125 0.35546875 0.01875 0.0671875
3 0.74609375 0.77421875 0.021875 0.075
3 0.715625 0.9875 0.01875 0.025
3 0.7546875 0.38125 0.021875 0.0796875
3 0.83359375 0.39609375 0.0453125 0.034375
3 0.8328125 0.35 0.046875 0.0375
3 0.60390625 0.10625 0.021875 0.075