3 0.35390625 0.19609375 0.025 0.0734375
3 0.55234375 0.4203125 0.0265625 0.078125
3 0.65703125 0.37890625 0.0265625 0.0796875
3 0.6296875 0.3859375 0.025 0.08125
3 0.0203125 0.2203125 0.040625 0.05
3 0.50234375 0.91875 0.0234375 0.071875
3 0.60546875 0.3984375 0.021875 0.075
3 0.3875 0.878125 0.03671875 0.040625
3 0.5421875 0.9046875 0.02578125 0.075
3 0.43359375 0.93984375 0.025 0.0671875
3 0.11953125 0.73984375 0.040625 0.0421875
3 0.32890625 0.20625 0.02578125 0.08515625
3 0.0625 0.7671875 0.03984375 0.040625
3 0.45859375 0.93359375 0.025 0.0828125
3 0.56875 0.8890625 0.02265625 0.075
3 0.34140625 0.359375 0.04375 0.05
3 0.3046875 0.2203125 0.02890625 0.08515625
3 0.70546875 0.2671875 0.0421875 0.0390625
3 0.21640625 0.6953125 0.040625 0.04921875
3 0.03359375 0.97265625 0.04296875 0.05078125