3 0.6890625 0.58515625 0.05 0.04375
3 0.71171875 0.72421875 0.05 0.0375
3 0.42421875 0.50390625 0.05 0.0421875
3 0.70234375 0.68046875 0.0453125 0.0390625
3 0.80078125 0.27265625 0.046875 0.0421875
3 0.41484375 0.43671875 0.046875 0.0421875
3 0.403125 0.35859375 0.053125 0.04375
3 0.39921875 0.31796875 0.0453125 0.040625
3 0.43359375 0.55078125 0.05 0.0390625
3 0.315625 0.7421875 0.0359375 0.0421875
3 0.728125 0.775 0.0578125 0.046875
3 0.7125 0.22734375 0.034375 0.08125
3 0.7859375 0.8578125 0.034375 0.0890625
3 0.4265625 0.25 0.028125 0.0640625
3 0.98828125 0.91015625 0.0234375 0.0390625
3 0.965625 0.9140625 0.0265625 0.0390625
3 0.77265625 0.65859375 0.0296875 0.084375
4 0.2609375 0.971875 0.009375 0.0109375
3 0.796875 0.23046875 0.0515625 0.040625
3 0.78359375 0.18359375 0.0515625 0.040625