3 0.55390625 0.73046875 0.05 0.0390625
3 0.4125 0.4359375 0.05 0.0390625
3 0.59921875 0.79921875 0.0453125 0.0375
3 0.50625 0.80859375 0.0453125 0.0375
3 0.81796875 0.27421875 0.0515625 0.0484375
3 0.44921875 0.8015625 0.046875 0.040625
3 0.14609375 0.4046875 0.034375 0.08125
3 0.2390625 0.509375 0.0453125 0.0375
3 0.096875 0.915625 0.0359375 0.0703125
3 0.10390625 0.39453125 0.0359375 0.090625
3 0.19140625 0.4125 0.0328125 0.0875
3 0.07265625 0.39140625 0.0359375 0.0859375
3 0.3484375 0.784375 0.0453125 0.040625
3 0.21328125 0.425 0.03125 0.078125