3 0.621875 0.8484375 0.046875 0.0390625
3 0.23203125 0.7890625 0.0375 0.0421875
3 0.6375 0.7546875 0.0515625 0.046875
3 0.42109375 0.52734375 0.0453125 0.0421875
3 0.4078125 0.59375 0.0484375 0.04375
3 0.475 0.07421875 0.03125 0.08125
3 0.43359375 0.44921875 0.0515625 0.0421875
3 0.615625 0.8921875 0.0515625 0.040625
3 0.6125 0.9453125 0.05625 0.0453125
3 0.840625 0.48828125 0.046875 0.040625
3 0.40234375 0.6421875 0.05 0.0390625
3 0.440625 0.41328125 0.04375 0.0375
3 0.48984375 0.353125 0.028125 0.06875
3 0.70546875 0.80546875 0.0328125 0.0765625
3 0.76875 0.4171875 0.0328125 0.08125
3 0.8453125 0.44375 0.05 0.040625
3 0.85078125 0.3984375 0.0515625 0.0421875
3 0.6578125 0.125 0.03125 0.0765625