3 0.37578125 0.18671875 0.0296875 0.075
3 0.5578125 0.42421875 0.03125 0.0796875
3 0.66484375 0.38984375 0.0328125 0.08125
3 0.6375 0.3953125 0.03125 0.0828125
3 0.040625 0.1875 0.04375 0.053125
3 0.4734375 0.91796875 0.028125 0.0734375
3 0.6125 0.40625 0.0265625 0.0765625
3 0.36171875 0.86953125 0.0390625 0.04375
3 0.5140625 0.90703125 0.03125 0.0765625
3 0.403125 0.934375 0.0296875 0.06875
3 0.10390625 0.7125 0.04375 0.0453125
3 0.35 0.1953125 0.03125 0.0875
3 0.0453125 0.7359375 0.0421875 0.04375
3 0.428125 0.9296875 0.03125 0.084375
3 0.54140625 0.89296875 0.028125 0.0765625
3 0.3515625 0.3484375 0.046875 0.053125
3 0.325 0.20703125 0.034375 0.0875
3 0.72109375 0.28203125 0.0453125 0.0421875
3 0.203125 0.675 0.04375 0.0515625
3 0.0125 0.9390625 0.025 0.053125