3 0.51171875 0.1484375 0.0484375 0.0453125
3 0.1109375 0.2109375 0.046875 0.0375
3 0.51796875 0.284375 0.05 0.0375
3 0.51484375 0.24140625 0.0421875 0.0375
3 0.5203125 0.33359375 0.0515625 0.0421875
3 0.87578125 0.5484375 0.0296875 0.0703125
3 0.9796875 0.55 0.0328125 0.06875
3 0.57109375 0.4375 0.0296875 0.0859375
3 0.93984375 0.5484375 0.0296875 0.06875
3 0.2578125 0.0515625 0.046875 0.0390625
3 0.790625 0.54375 0.028125 0.0703125
3 0.85390625 0.5453125 0.028125 0.071875
3 0.83359375 0.54609375 0.028125 0.0765625
3 0.746875 0.54140625 0.0265625 0.0703125
3 0.76796875 0.54609375 0.0234375 0.059375
3 0.63828125 0.36953125 0.04375 0.0390625
3 0.81171875 0.54609375 0.0203125 0.0703125
3 0.8953125 0.546875 0.0203125 0.078125
3 0.91640625 0.54765625 0.025 0.084375