3 0.65625 0.63671875 0.0484375 0.0421875
3 0.63671875 0.7765625 0.05 0.0375
3 0.42578125 0.48203125 0.05 0.0421875
3 0.640625 0.73203125 0.0453125 0.0390625
3 0.85390625 0.3703125 0.046875 0.0421875
3 0.43671875 0.41484375 0.0453125 0.040625
3 0.4484375 0.33671875 0.0515625 0.04375
3 0.45703125 0.296875 0.04375 0.040625
3 0.421875 0.52890625 0.05 0.0375
3 0.25234375 0.67734375 0.0359375 0.0421875
3 0.6375 0.8296875 0.0578125 0.0453125
3 0.7828125 0.3015625 0.0328125 0.08125
3 0.66875 0.92578125 0.0328125 0.0890625
3 0.50234375 0.2390625 0.0265625 0.0640625
3 0.7140625 0.73125 0.028125 0.084375
4 0.1328125 0.88125 0.009375 0.0109375
3 0.8625 0.32890625 0.05 0.040625
3 0.8640625 0.28046875 0.0515625 0.040625