3 0.52421875 0.14921875 0.046875 0.04375
3 0.12109375 0.19765625 0.0453125 0.0359375
3 0.52578125 0.28515625 0.0484375 0.0359375
3 0.52421875 0.2421875 0.0421875 0.0359375
3 0.52578125 0.334375 0.05 0.040625
3 0.87421875 0.56171875 0.0265625 0.0703125
3 0.97734375 0.56640625 0.0296875 0.06875
3 0.5734375 0.43984375 0.0265625 0.0859375
3 0.9375 0.5640625 0.0265625 0.06875
3 0.2734375 0.04296875 0.046875 0.0375
3 0.7890625 0.55390625 0.0265625 0.0703125
3 0.8515625 0.5578125 0.025 0.071875
3 0.83125 0.5578125 0.025 0.0765625
3 0.7453125 0.55 0.025 0.0703125
3 0.76640625 0.55546875 0.0203125 0.059375
3 0.64296875 0.37421875 0.0421875 0.0375
3 0.809375 0.55703125 0.01875 0.06875
3 0.89375 0.5609375 0.01875 0.078125
3 0.91484375 0.56171875 0.021875 0.084375