3 0.63203125 0.5578125 0.046875 0.0390625
3 0.525 0.55625 0.0421875 0.0375
3 0.1390625 0.29140625 0.040625 0.040625
3 0.13828125 0.2109375 0.0453125 0.0421875
3 0.5890625 0.55390625 0.028125 0.034375
3 0.13984375 0.25078125 0.0421875 0.034375
3 0.80234375 0.02890625 0.0234375 0.0375
3 0.83828125 0.22421875 0.01875 0.071875
1 0.12890625 0.5875 0.03125 0.025
3 0.0125 0.821875 0.025 0.090625
3 0.05 0.8203125 0.0296875 0.0859375
3 0.3609375 0.778125 0.0546875 0.0359375
3 0.86328125 0.2171875 0.0265625 0.06875
3 0.81640625 0.21484375 0.0203125 0.0796875
3 0.79375 0.21875 0.0203125 0.0953125