3 0.88203125 0.8265625 0.028125 0.078125
3 0.83125 0.83359375 0.0296875 0.084375
3 0.8578125 0.83125 0.028125 0.0828125
3 0.24921875 0.24453125 0.0234375 0.071875
3 0.93671875 0.82265625 0.0328125 0.084375
1 0.38359375 0.59453125 0.0234375 0.021875
3 0.13984375 0.60546875 0.05 0.0421875
3 0.03203125 0.61796875 0.0484375 0.046875
3 0.08203125 0.61015625 0.0515625 0.04375
3 0.23515625 0.0515625 0.0265625 0.0546875
3 0.1421875 0.1890625 0.0515625 0.04375
3 0.14921875 0.2625 0.0421875 0.0375
3 0.15546875 0.2984375 0.05 0.0359375
3 0.159375 0.3375 0.0515625 0.040625
3 0.16875 0.396875 0.0546875 0.046875
3 0.29765625 0.24609375 0.0265625 0.0765625
3 0.32109375 0.23828125 0.0328125 0.08125
3 0.27265625 0.2359375 0.0265625 0.0765625
3 0.25546875 0.046875 0.0234375 0.0484375
3 0.56640625 0.41484375 0.0328125 0.0890625
3 0.80078125 0.09921875 0.0296875 0.0796875
3 0.95078125 0.35546875 0.0359375 0.0890625
3 0.928125 0.36015625 0.03125 0.0796875
3 0.9828125 0.35703125 0.01875 0.0875