3 0.88828125 0.8203125 0.028125 0.078125
3 0.83671875 0.828125 0.03125 0.084375
3 0.86328125 0.825 0.0296875 0.0828125
3 0.24453125 0.2484375 0.025 0.071875
3 0.9421875 0.81484375 0.034375 0.0859375
1 0.38515625 0.596875 0.0234375 0.021875
3 0.14140625 0.61171875 0.0515625 0.0421875
3 0.03359375 0.6265625 0.0484375 0.0484375
3 0.08359375 0.6171875 0.0515625 0.04375
3 0.22734375 0.05625 0.028125 0.0546875
3 0.13671875 0.1953125 0.0515625 0.0453125
3 0.1453125 0.26875 0.0421875 0.0390625
3 0.1515625 0.30390625 0.0515625 0.0375
3 0.15625 0.34375 0.0515625 0.0421875
3 0.1671875 0.40234375 0.0546875 0.046875
3 0.29296875 0.25 0.028125 0.0765625
3 0.31640625 0.24140625 0.034375 0.08125
3 0.26796875 0.23984375 0.028125 0.0765625
3 0.24765625 0.05078125 0.025 0.0484375
3 0.56484375 0.41328125 0.034375 0.0890625
3 0.79375 0.09375 0.03125 0.0796875
3 0.94765625 0.34765625 0.0375 0.0890625
3 0.92578125 0.35234375 0.03125 0.0796875
3 0.98046875 0.34921875 0.0203125 0.0875