3 0.0984375 0.47265625 0.04375 0.0390625
3 0.32265625 0.5375 0.0453125 0.0375
3 0.24921875 0.08671875 0.04375 0.040625
3 0.55546875 0.69609375 0.0484375 0.04375
3 0.56484375 0.43671875 0.05 0.05
3 0.55703125 0.61953125 0.046875 0.0421875
3 0.5546875 0.66015625 0.0484375 0.04375
3 0.56171875 0.5453125 0.0421875 0.04375
3 0.25078125 0.05546875 0.04375 0.040625
3 0.553125 0.815625 0.04375 0.0421875
3 0.55546875 0.7359375 0.05 0.0453125
3 0.55546875 0.7765625 0.0484375 0.04375
3 0.57734375 0.246875 0.0484375 0.046875
3 0.57890625 0.0953125 0.04375 0.0453125
3 0.56796875 0.40078125 0.0421875 0.040625
3 0.57578125 0.36328125 0.0453125 0.04375
3 0.57421875 0.2859375 0.053125 0.0453125
3 0.2515625 0.028125 0.0453125 0.0265625
3 0.57890625 0.20859375 0.040625 0.04375
3 0.5859375 0.05859375 0.0484375 0.0484375
3 0.55703125 0.5890625 0.034375 0.0375
3 0.5734375 0.3234375 0.0453125 0.0421875
3 0.58359375 0.0203125 0.0453125 0.040625
3 0.053125 0.4625 0.0390625 0.03125
3 0.359375 0.43828125 0.0453125 0.040625