3 0.58515625 0.52265625 0.0484375 0.0421875
3 0.82265625 0.13515625 0.0328125 0.075
3 0.153125 0.34296875 0.0484375 0.0421875
3 0.134375 0.26328125 0.05 0.0390625
3 0.1453125 0.30546875 0.0484375 0.0390625
3 0.13828125 0.8859375 0.0421875 0.0828125
3 0.1796875 0.8796875 0.0328125 0.078125
3 0.46875 0.77421875 0.0546875 0.0484375
3 0.846875 0.128125 0.0390625 0.0859375
3 0.79921875 0.13046875 0.0375 0.0796875
3 0.77578125 0.13515625 0.03125 0.0828125
1 0.3109375 0.61640625 0.0296875 0.03125
1 0.12265625 0.6515625 0.025 0.0265625