3 0.56015625 0.45703125 0.040625 0.03125
3 0.56875 0.3140625 0.0375 0.0296875
3 0.13125 0.81484375 0.025 0.078125
3 0.38125 0.82890625 0.021875 0.06875
3 0.17890625 0.81796875 0.025 0.0765625
3 0.24296875 0.82421875 0.021875 0.0796875
3 0.49375 0.2265625 0.01875 0.05
3 0.16328125 0.36484375 0.0203125 0.075
3 0.446875 0.8296875 0.0171875 0.075
3 0.04296875 0.8125 0.0234375 0.084375
3 0.46953125 0.2140625 0.0203125 0.0625
3 0.62265625 0.8390625 0.021875 0.071875
3 0.01640625 0.8140625 0.0234375 0.078125
3 0.87578125 0.853125 0.0203125 0.078125
3 0.80625 0.85234375 0.021875 0.0765625
3 0.45 0.22265625 0.021875 0.078125
3 0.89453125 0.85703125 0.0203125 0.0734375
3 0.4296875 0.22265625 0.025 0.075
3 0.49296875 0.8328125 0.0203125 0.071875
3 0.46640625 0.8328125 0.01875 0.08125
3 0.82890625 0.85234375 0.015625 0.075
3 0.10859375 0.81328125 0.0203125 0.08125
3 0.26640625 0.83046875 0.01875 0.075
3 0.2890625 0.82734375 0.01875 0.075
3 0.1546875 0.8171875 0.01875 0.075
3 0.3546875 0.825 0.021875 0.078125
3 0.5125 0.83203125 0.01875 0.075
3 0.5546875 0.82734375 0.01875 0.065625
3 0.065625 0.8125 0.0203125 0.08125
3 0.6015625 0.840625 0.01875 0.065625
3 0.0859375 0.81328125 0.021875 0.08125
3 0.671875 0.8421875 0.021875 0.06875
3 0.51328125 0.20859375 0.021875 0.06875
3 0.31640625 0.82578125 0.0203125 0.071875
3 0.98125 0.86171875 0.01875 0.059375
3 0.64453125 0.84140625 0.0140625 0.06875
3 0.53671875 0.8328125 0.015625 0.075
3 0.5765625 0.834375 0.021875 0.0703125
3 0.84765625 0.8515625 0.0234375 0.078125
3 0.33515625 0.82578125 0.01875 0.078125
3 0.7625 0.86171875 0.05 0.0359375
3 0.409375 0.21953125 0.0171875 0.0796875
1 0.1265625 0.63203125 0.021875 0.0171875
1 0.3234375 0.70234375 0.01875 0.01875