3 0.84609375 0.86484375 0.01953125 0.0765625
3 0.79453125 0.86640625 0.021875 0.0828125
3 0.82109375 0.8671875 0.0203125 0.08125
3 0.27734375 0.21953125 0.01640625 0.0703125
3 0.90078125 0.86640625 0.025 0.0828125
1 0.37421875 0.58203125 0.021875 0.01953125
3 0.13046875 0.5671875 0.046875 0.03671875
3 0.021875 0.56875 0.04375 0.04296875
3 0.07265625 0.565625 0.04765625 0.03828125
3 0.28359375 0.0265625 0.021875 0.05234375
3 0.1765625 0.153125 0.046875 0.03984375
3 0.17578125 0.22734375 0.0390625 0.034375
3 0.178125 0.26328125 0.04765625 0.03125
3 0.178125 0.303125 0.04765625 0.0359375
3 0.18125 0.3625 0.05078125 0.04140625
3 0.325 0.2265625 0.01875 0.075
3 0.34921875 0.22109375 0.025 0.07890625
3 0.3015625 0.21328125 0.01875 0.075
3 0.30390625 0.0234375 0.01875 0.046875
3 0.575 0.421875 0.0234375 0.08671875
3 0.84140625 0.1328125 0.021875 0.07734375
3 0.96328125 0.403125 0.0265625 0.08671875
3 0.940625 0.40546875 0.02265625 0.078125
3 0.9953125 0.40859375 0.009375 0.08671875