3 0.55859375 0.4546875 0.0421875 0.0328125
3 0.5625 0.31171875 0.0390625 0.03125
3 0.1421875 0.82734375 0.028125 0.0796875
3 0.39296875 0.8328125 0.025 0.06875
3 0.18984375 0.82890625 0.028125 0.078125
3 0.2546875 0.8328125 0.025 0.0796875
3 0.484375 0.2265625 0.0203125 0.0515625
3 0.15859375 0.3765625 0.0234375 0.0765625
3 0.45859375 0.83125 0.0203125 0.0765625
3 0.05390625 0.828125 0.0265625 0.084375
3 0.459375 0.215625 0.021875 0.0625
3 0.634375 0.834375 0.0234375 0.071875
3 0.02734375 0.83046875 0.0265625 0.078125
3 0.8875 0.83984375 0.0234375 0.078125
3 0.81875 0.84140625 0.0234375 0.0765625
3 0.440625 0.22421875 0.0234375 0.078125
3 0.90703125 0.84296875 0.0234375 0.0734375
3 0.4203125 0.225 0.0265625 0.0765625
3 0.5046875 0.8328125 0.0234375 0.071875
3 0.478125 0.83359375 0.021875 0.08125
3 0.840625 0.840625 0.01875 0.075
3 0.11953125 0.8265625 0.0234375 0.0828125
3 0.278125 0.83828125 0.021875 0.075
3 0.30078125 0.834375 0.021875 0.075
3 0.165625 0.82890625 0.021875 0.075
3 0.36640625 0.8296875 0.025 0.078125
3 0.52421875 0.83125 0.021875 0.0765625
3 0.56640625 0.825 0.0203125 0.065625
3 0.0765625 0.82734375 0.0234375 0.0828125
3 0.61328125 0.83671875 0.0203125 0.065625
3 0.096875 0.82734375 0.025 0.08125
3 0.68359375 0.8359375 0.0234375 0.06875
3 0.503125 0.20859375 0.0234375 0.06875
3 0.328125 0.83203125 0.0234375 0.071875
3 0.99140625 0.84453125 0.0171875 0.0609375
3 0.65625 0.8359375 0.0171875 0.06875
3 0.5484375 0.83125 0.0171875 0.0765625
3 0.58828125 0.83125 0.025 0.0703125
3 0.859375 0.8390625 0.0265625 0.078125
3 0.346875 0.83125 0.021875 0.0796875
3 0.775 0.85234375 0.0515625 0.0375
3 0.4 0.22265625 0.0203125 0.0796875
1 0.13125 0.6453125 0.021875 0.0171875
1 0.33046875 0.70859375 0.0203125 0.01875