3 0.5078125 0.2546875 0.0375 0.034375
3 0.51015625 0.39921875 0.046875 0.0375
3 0.77734375 0.77578125 0.025 0.0796875
3 0.35 0.7828125 0.0265625 0.0734375
3 0.32421875 0.78203125 0.0296875 0.0828125
3 0.2125 0.7859375 0.028125 0.0796875
3 0.95390625 0.77109375 0.021875 0.059375
3 0.1 0.3359375 0.0265625 0.0796875
3 0.09921875 0.7828125 0.0296875 0.08125
3 0.415625 0.7765625 0.0234375 0.078125
3 0.35 0.1734375 0.0421875 0.0796875
3 0.1453125 0.78671875 0.03125 0.0796875
3 0.52578125 0.76640625 0.021875 0.06875
3 0.80078125 0.7734375 0.0234375 0.0765625
3 0.4015625 0.1625 0.0265625 0.0625
3 0.378125 0.17265625 0.025 0.078125
3 0.43984375 0.78203125 0.0265625 0.0859375
3 0.9921875 0.77109375 0.015625 0.0703125
3 0.25859375 0.784375 0.025 0.075
3 0.4828125 0.775 0.025 0.078125
3 0.4625 0.77890625 0.025 0.0765625
3 0.0765625 0.7828125 0.0265625 0.084375
3 0.4421875 0.15234375 0.0296875 0.0734375
3 0.571875 0.7796875 0.021875 0.0671875
3 0.59296875 0.77578125 0.0234375 0.078125
3 0.2359375 0.78828125 0.025 0.075
3 0.86640625 0.77421875 0.0234375 0.0796875
3 0.8453125 0.771875 0.025 0.08125
3 0.05390625 0.78359375 0.0265625 0.0828125
3 0.42109375 0.1640625 0.0234375 0.06875
3 0.03203125 0.7875 0.0265625 0.0828125
3 0.121875 0.78359375 0.021875 0.078125
3 0.825 0.77109375 0.025 0.0796875
3 0.55 0.77578125 0.0234375 0.0765625
3 0.50625 0.77578125 0.025 0.0765625
3 0.28515625 0.78125 0.0265625 0.078125
3 0.6421875 0.77890625 0.0265625 0.0734375
3 0.3046875 0.78203125 0.025 0.084375
3 0.615625 0.7796875 0.01875 0.071875
1 0.171875 0.60390625 0.0203125 0.0203125
1 0.19375 0.66171875 0.0171875 0.0171875
3 0.7359375 0.7875 0.0515625 0.040625