3 0.09765625 0.51484375 0.046875 0.04375
3 0.32734375 0.55546875 0.0484375 0.0421875
3 0.2078125 0.11484375 0.046875 0.04375
3 0.575 0.6890625 0.0515625 0.0484375
3 0.5578125 0.43046875 0.0546875 0.0546875
3 0.56875 0.61328125 0.05 0.0453125
3 0.57109375 0.653125 0.0515625 0.0484375
3 0.56640625 0.53828125 0.046875 0.046875
3 0.20546875 0.08359375 0.046875 0.0453125
3 0.5859375 0.80859375 0.046875 0.046875
3 0.5796875 0.72890625 0.0546875 0.05
3 0.58359375 0.76953125 0.053125 0.0484375
3 0.55 0.240625 0.053125 0.0515625
3 0.5359375 0.0890625 0.046875 0.0484375
3 0.5578125 0.39375 0.0453125 0.04375
3 0.5609375 0.35625 0.0484375 0.046875
3 0.5515625 0.27890625 0.0578125 0.05
3 0.20390625 0.05625 0.046875 0.03125
3 0.5484375 0.2015625 0.04375 0.046875
3 0.5390625 0.05234375 0.053125 0.053125
3 0.56640625 0.5828125 0.0375 0.040625
3 0.5546875 0.31640625 0.0484375 0.0453125
3 0.53203125 0.01796875 0.0484375 0.0359375
3 0.0515625 0.509375 0.040625 0.034375
3 0.35390625 0.45390625 0.0484375 0.04375