3 0.571875 0.33828125 0.0421875 0.0421875
3 0.571875 0.1265625 0.0421875 0.040625
3 0.25625 0.77421875 0.03984375 0.0359375
3 0.41796875 0.54140625 0.04140625 0.0328125
3 0.571875 0.278125 0.0421875 0.0375
3 0.52578125 0.54140625 0.04296875 0.0328125
3 0.5703125 0.2015625 0.03984375 0.0375
3 0.4734375 0.5375 0.03984375 0.034375
3 0.571875 0.23828125 0.040625 0.0328125
3 0.71875 0.19765625 0.0203125 0.0765625
3 0.740625 0.19453125 0.021875 0.0765625
3 0.01640625 0.28828125 0.0328125 0.0390625
3 0.66953125 0.1921875 0.01796875 0.075
3 0.95703125 0.39375 0.028125 0.0875
3 0.69375 0.1921875 0.01796875 0.06875