3 0.63515625 0.5484375 0.046875 0.0390625
3 0.528125 0.5546875 0.0421875 0.0375
3 0.12578125 0.3171875 0.040625 0.040625
3 0.11875 0.23671875 0.0453125 0.0421875
3 0.5921875 0.54765625 0.028125 0.034375
3 0.1234375 0.2765625 0.0421875 0.034375
3 0.76796875 0.0140625 0.0234375 0.028125
3 0.81796875 0.2015625 0.01875 0.071875
1 0.1359375 0.61328125 0.03125 0.025
3 0.0328125 0.85625 0.0328125 0.090625
3 0.0734375 0.85078125 0.0296875 0.0859375
3 0.38125 0.7875 0.0546875 0.0359375
3 0.84296875 0.1921875 0.0265625 0.06875
3 0.79609375 0.19375 0.0203125 0.0796875
3 0.7734375 0.19921875 0.0203125 0.0953125