3 0.578125 0.53984375 0.04375 0.0375
3 0.89140625 0.21015625 0.0234375 0.071875
3 0.19375 0.27421875 0.04375 0.0375
3 0.1921875 0.1921875 0.046875 0.0328125
3 0.19375 0.2359375 0.04375 0.034375
3 0.065625 0.80234375 0.03125 0.0796875
3 0.1078125 0.8046875 0.0234375 0.0765625
3 0.4125 0.76171875 0.05 0.0421875
3 0.91640625 0.2078125 0.028125 0.084375
3 0.86953125 0.20078125 0.0265625 0.078125
3 0.84609375 0.2 0.0203125 0.08125
1 0.290625 0.575 0.0265625 0.028125
1 0.1 0.56953125 0.021875 0.0234375