3 0.6296875 0.5625 0.0484375 0.040625
3 0.52265625 0.55703125 0.04375 0.0390625
3 0.146875 0.27890625 0.0421875 0.0421875
3 0.1484375 0.1984375 0.046875 0.04375
3 0.58671875 0.55703125 0.0296875 0.034375
3 0.1484375 0.23828125 0.04375 0.0359375
3 0.81875 0.03984375 0.025 0.0390625
3 0.84765625 0.2359375 0.021875 0.0734375
1 0.12578125 0.575 0.0328125 0.0265625
3 0.0078125 0.8046875 0.015625 0.090625
3 0.0390625 0.8046875 0.0328125 0.0875
3 0.3515625 0.7734375 0.05625 0.0375
3 0.87265625 0.2296875 0.028125 0.0703125
3 0.82578125 0.22578125 0.0234375 0.0796875
3 0.803125 0.22890625 0.0234375 0.096875