3 0.57109375 0.5515625 0.0484375 0.04375
3 0.93203125 0.275 0.034375 0.075
3 0.2328125 0.22890625 0.0484375 0.04375
3 0.24375 0.14765625 0.05 0.040625
3 0.23828125 0.19140625 0.0484375 0.040625
3 0.0234375 0.73046875 0.04375 0.0828125
3 0.06484375 0.7390625 0.034375 0.078125
3 0.37265625 0.7453125 0.0546875 0.0484375
3 0.95703125 0.2765625 0.040625 0.0859375
3 0.91171875 0.2625 0.0390625 0.0796875
3 0.88828125 0.2578125 0.0328125 0.0828125
1 0.28203125 0.54140625 0.0296875 0.03125
1 0.09375 0.50625 0.025 0.0265625