3 0.7921875 0.909375 0.0296875 0.078125
3 0.740625 0.90390625 0.0328125 0.084375
3 0.7671875 0.90859375 0.03125 0.0828125
3 0.31875 0.19140625 0.0265625 0.071875
3 0.84609375 0.91875 0.0359375 0.0859375
1 0.3640625 0.5640625 0.025 0.021875
3 0.125 0.51484375 0.0515625 0.0421875
3 0.02109375 0.50078125 0.0421875 0.0484375
3 0.06796875 0.50546875 0.053125 0.0453125
3 0.35078125 0.0140625 0.0296875 0.028125
3 0.228125 0.11171875 0.0515625 0.0453125
3 0.2171875 0.18515625 0.04375 0.0390625
3 0.2140625 0.22109375 0.0515625 0.0375
3 0.20859375 0.26015625 0.0515625 0.0421875
3 0.203125 0.31953125 0.05625 0.0484375
3 0.36484375 0.2046875 0.0296875 0.0765625
3 0.38984375 0.203125 0.0359375 0.08125
3 0.34375 0.18828125 0.0296875 0.0765625
3 0.371875 0.0125 0.025 0.025
3 0.58515625 0.4328125 0.0359375 0.0890625
3 0.8890625 0.18359375 0.0328125 0.0796875
3 0.971875 0.46875 0.0390625 0.0890625
3 0.94921875 0.46796875 0.0328125 0.08125
3 0.99609375 0.478125 0.0078125 0.0875