3 0.18046875 0.2984375 0.0375 0.05
3 0.621875 0.91796875 0.0375 0.053125
3 0.340625 0.3796875 0.0359375 0.0515625
3 0.49921875 0.6234375 0.04375 0.05625
3 0.56171875 0.075 0.0421875 0.05625
3 0.2234375 0.4375 0.046875 0.065625
3 0.2921875 0.25 0.04375 0.0546875
3 0.34296875 0.23828125 0.04375 0.0609375
3 0.67890625 0.7984375 0.0421875 0.053125
3 0.71875 0.75234375 0.0421875 0.0578125
3 0.37109375 0.4453125 0.0390625 0.05625
3 0.40703125 0.11640625 0.0484375 0.065625
3 0.47265625 0.12890625 0.040625 0.053125
3 0.634375 0.271875 0.040625 0.05625
3 0.25546875 0.4984375 0.0421875 0.0640625
3 0.62421875 0.6640625 0.046875 0.065625
3 0.45703125 0.240625 0.0390625 0.05625
3 0.81953125 0.73203125 0.040625 0.0546875
3 0.7484375 0.95625 0.0359375 0.046875
3 0.61015625 0.49453125 0.0453125 0.05625
3 0.79765625 0.66328125 0.040625 0.053125
3 0.51796875 0.65 0.0328125 0.053125
3 0.7734375 0.88359375 0.0359375 0.0546875
3 0.69375 0.403125 0.0453125 0.0625
3 0.746875 0.246875 0.040625 0.0546875
3 0.85078125 0.215625 0.040625 0.05625
3 0.74765625 0.81484375 0.0390625 0.053125
3 0.31796875 0.321875 0.0421875 0.0546875
3 0.625 0.53046875 0.04375 0.0609375
3 0.36953125 0.30078125 0.040625 0.059375
3 0.58671875 0.13984375 0.04375 0.05625
3 0.48671875 0.83046875 0.040625 0.053125
3 0.7671875 0.60703125 0.0375 0.046875
3 0.6109375 0.209375 0.040625 0.05625
3 0.3953125 0.3671875 0.0375 0.0515625
3 0.55546875 0.75234375 0.0375 0.053125
3 0.665625 0.340625 0.0359375 0.0515625
3 0.628125 0.06796875 0.0328125 0.065625
3 0.49296875 0.1921875 0.0484375 0.0609375
3 0.66640625 0.6234375 0.0375 0.0515625
3 0.2921875 0.10703125 0.0390625 0.0515625
3 0.73125 0.5015625 0.0390625 0.0515625
3 0.246875 0.115625 0.0421875 0.0546875
3 0.53359375 0.0171875 0.0390625 0.034375
3 0.49296875 0.34296875 0.040625 0.05625
3 0.9296875 0.81953125 0.0296875 0.0640625
3 0.39609375 0.071875 0.0453125 0.05625
3 0.26796875 0.18671875 0.0421875 0.053125
3 0.23125 0.0875 0.040625 0.0578125
3 0.86328125 0.2640625 0.0421875 0.0625
3 0.88671875 0.71015625 0.0328125 0.0609375
3 0.4453125 0.065625 0.0421875 0.05
3 0.95859375 0.1640625 0.040625 0.0859375
3 0.3671875 0.0234375 0.0359375 0.0328125
3 0.71640625 0.47421875 0.0421875 0.0546875
3 0.65390625 0.98359375 0.0359375 0.0171875
3 0.26953125 0.04140625 0.0421875 0.0546875
3 0.85078125 0.6265625 0.03125 0.0625
3 0.73203125 0.21171875 0.0390625 0.0515625
3 0.68046875 0.6515625 0.0375 0.0515625
3 0.978125 0.315625 0.0234375 0.0640625
3 0.51875 0.26328125 0.0421875 0.0578125
3 0.559375 0.3578125 0.034375 0.05
3 0.4265625 0.80078125 0.0390625 0.046875
3 0.128125 0.17109375 0.0515625 0.0625
3 0.546875 0.04140625 0.040625 0.0609375
3 0.51796875 0.409375 0.0421875 0.05625
3 0.95390625 0.92734375 0.0375 0.0640625
3 0.86484375 0.82109375 0.0390625 0.05625
3 0.509375 0.896875 0.0421875 0.05
3 0.82421875 0.56875 0.0359375 0.0703125
3 0.87109375 0.31640625 0.0484375 0.05625
3 0.46015625 0.9078125 0.0375 0.05
3 0.65390625 0.58984375 0.0375 0.053125
1 0.3921875 0.5296875 0.015625 0.0390625
1 0.4015625 0.5046875 0.0140625 0.040625
3 0.28125 0.2171875 0.04375 0.0578125
3 0.30546875 0.28515625 0.040625 0.053125
3 0.33671875 0.34375 0.0421875 0.0546875
3 0.36015625 0.41171875 0.040625 0.053125
3 0.40546875 0.4046875 0.04375 0.0609375
3 0.38359375 0.33515625 0.04375 0.0546875
3 0.2125 0.40625 0.0484375 0.0640625
3 0.23359375 0.4765625 0.0359375 0.046875
3 0.259375 0.540625 0.0453125 0.053125
3 0.47421875 0.9375 0.0328125 0.0453125
3 0.57109375 0.990625 0.0125 0.0125
3 0.53984375 0.721875 0.0390625 0.05625
3 0.528125 0.68828125 0.0375 0.0515625
3 0.76015625 0.8484375 0.0421875 0.0578125
3 0.6921875 0.6859375 0.04375 0.0546875
3 0.63828125 0.56171875 0.0421875 0.0546875
3 0.91484375 0.95625 0.025 0.0328125
3 0.93515625 0.94609375 0.0296875 0.0515625
4 0.8453125 0.70625 0.0109375 0.01875
3 0.78359375 0.63125 0.0375 0.053125
3 0.74140625 0.53828125 0.04375 0.0578125
3 0.678125 0.37578125 0.04375 0.05625
3 0.771875 0.3296875 0.0375 0.05
3 0.53203125 0.296875 0.040625 0.05625
3 0.465625 0.27578125 0.040625 0.0578125
3 0.48359375 0.16328125 0.0390625 0.0546875
3 0.459375 0.1046875 0.046875 0.0609375
3 0.41875 0.153125 0.0421875 0.059375
3 0.571875 0.1109375 0.040625 0.053125
3 0.5984375 0.175 0.040625 0.05625
3 0.6234375 0.2375 0.04375 0.059375
3 0.7546875 0.28125 0.0390625 0.05
1 0.84375 0.1609375 0.01875 0.025
1 0.82578125 0.11640625 0.0171875 0.0234375
1 0.80390625 0.06171875 0.0203125 0.028125