3 0.21171875 0.25546875 0.0375 0.05
3 0.5625 0.93125 0.0375 0.053125
3 0.35859375 0.35859375 0.0359375 0.0515625
3 0.48203125 0.62265625 0.04375 0.05625
3 0.6203125 0.0875 0.0421875 0.05625
3 0.234375 0.39921875 0.046875 0.065625
3 0.32890625 0.2234375 0.04375 0.0546875
3 0.38125 0.21953125 0.04375 0.0609375
3 0.6359375 0.8203125 0.0421875 0.053125
3 0.68203125 0.78046875 0.0421875 0.0578125
3 0.3796875 0.428125 0.0390625 0.05625
3 0.46171875 0.10703125 0.0484375 0.065625
3 0.52421875 0.12890625 0.040625 0.053125
3 0.66484375 0.29296875 0.040625 0.05625
3 0.2578125 0.4640625 0.0421875 0.0640625
3 0.6 0.68046875 0.046875 0.065625
3 0.49296875 0.2375 0.0390625 0.05625
3 0.78359375 0.77421875 0.040625 0.0546875
3 0.68203125 0.98125 0.0359375 0.0375
3 0.609375 0.51015625 0.0453125 0.05625
3 0.771875 0.703125 0.040625 0.053125
3 0.49765625 0.65078125 0.0328125 0.053125
3 0.7171875 0.91796875 0.0359375 0.0546875
3 0.70546875 0.43125 0.0453125 0.0625
3 0.7796875 0.28359375 0.040625 0.0546875
3 0.88671875 0.2671875 0.040625 0.05625
3 0.7015625 0.84609375 0.0390625 0.053125
3 0.34453125 0.29765625 0.0421875 0.0546875
3 0.61953125 0.54765625 0.04375 0.0609375
3 0.3984375 0.284375 0.040625 0.059375
3 0.6359375 0.15546875 0.04375 0.05625
3 0.44140625 0.82578125 0.040625 0.053125
3 0.75 0.64375 0.0375 0.046875
3 0.65078125 0.228125 0.040625 0.05625
3 0.41484375 0.35390625 0.0375 0.0515625
3 0.51953125 0.7578125 0.0375 0.053125
3 0.68671875 0.36484375 0.0359375 0.0515625
3 0.68671875 0.08984375 0.0328125 0.065625
3 0.5359375 0.19375 0.0484375 0.0609375
3 0.64765625 0.6453125 0.0375 0.0515625
3 0.34921875 0.08203125 0.0390625 0.0515625
3 0.72890625 0.534375 0.0390625 0.0515625
3 0.30234375 0.084375 0.0421875 0.0546875
3 0.6015625 0.025 0.0390625 0.0390625
3 0.51484375 0.34375 0.040625 0.05625
3 0.88125 0.87578125 0.0296875 0.0640625
3 0.45703125 0.06171875 0.0453125 0.05625
3 0.3140625 0.15703125 0.0421875 0.053125
3 0.29140625 0.05390625 0.040625 0.0578125
3 0.89296875 0.31640625 0.0421875 0.0625
3 0.85390625 0.76171875 0.0328125 0.0609375
3 0.50625 0.06171875 0.0421875 0.05
3 0.990625 0.23046875 0.01875 0.0859375
3 0.43515625 0.01328125 0.0359375 0.0265625
3 0.71796875 0.50390625 0.0421875 0.0546875
3 0.58515625 0.9953125 0.0359375 0.009375
3 0.33515625 0.0203125 0.0421875 0.040625
3 0.8296875 0.67421875 0.03125 0.0625
3 0.76953125 0.246875 0.0390625 0.0515625
3 0.6578125 0.67578125 0.0375 0.0515625
3 0.99375 0.38359375 0.0125 0.0640625
3 0.5515625 0.26796875 0.0421875 0.0578125
3 0.578125 0.36796875 0.034375 0.05
3 0.38515625 0.7875 0.0390625 0.046875
3 0.178125 0.12265625 0.0515625 0.0625
3 0.61015625 0.05234375 0.040625 0.0609375
3 0.53046875 0.4125 0.0421875 0.05625
3 0.8890625 0.9765625 0.0375 0.046875
3 0.81640625 0.86875 0.0390625 0.05625
3 0.4546875 0.89453125 0.0421875 0.05
3 0.81171875 0.61328125 0.0359375 0.0703125
3 0.89296875 0.3703125 0.0484375 0.05625
3 0.40390625 0.8984375 0.0375 0.05
3 0.640625 0.61015625 0.0375 0.053125
1 0.3890625 0.5140625 0.015625 0.0390625
1 0.40234375 0.490625 0.0140625 0.040625
3 0.32265625 0.1890625 0.04375 0.0578125
3 0.3375 0.26015625 0.040625 0.053125
3 0.359375 0.32265625 0.0421875 0.0546875
3 0.3734375 0.39296875 0.040625 0.053125
3 0.41953125 0.39296875 0.04375 0.0609375
3 0.4078125 0.3203125 0.04375 0.0546875
3 0.228125 0.3671875 0.0484375 0.0640625
3 0.23984375 0.43984375 0.0359375 0.046875
3 0.25625 0.50625 0.0453125 0.053125
3 0.41328125 0.9296875 0.0328125 0.0453125
3 0.5015625 0.99453125 0.0125 0.0109375
3 0.50859375 0.725 0.0390625 0.05625
3 0.5015625 0.690625 0.0375 0.0515625
3 0.709375 0.88125 0.0421875 0.0578125
3 0.66484375 0.7109375 0.04375 0.0546875
3 0.628125 0.58046875 0.0421875 0.0546875
3 0.86796875 0.98828125 0.0296875 0.0234375
4 0.81328125 0.75234375 0.0109375 0.01875
3 0.7625 0.66953125 0.0375 0.053125
3 0.73359375 0.57109375 0.04375 0.0578125
3 0.69375 0.4015625 0.04375 0.05625
3 0.79296875 0.36953125 0.0375 0.05
3 0.56015625 0.303125 0.040625 0.05625
3 0.496875 0.2734375 0.040625 0.0578125
3 0.53046875 0.16484375 0.0390625 0.0546875
3 0.5140625 0.103125 0.046875 0.0609375
3 0.46796875 0.1453125 0.0421875 0.059375
3 0.625 0.125 0.040625 0.053125
3 0.64296875 0.1921875 0.040625 0.05625
3 0.65859375 0.25703125 0.04375 0.059375
3 0.7828125 0.31875 0.0390625 0.05
1 0.8875 0.2125 0.01875 0.025
1 0.87578125 0.165625 0.0171875 0.0234375
1 0.86171875 0.1078125 0.0203125 0.028125