3 0.90234375 0.928125 0.09375 0.1046875
3 0.53984375 0.653125 0.1171875 0.15
3 0.65859375 0.6359375 0.125 0.165625
3 0.2015625 0.128125 0.0703125 0.109375
3 0.49921875 0.96796875 0.0828125 0.0640625
3 0.08359375 0.11796875 0.0875 0.1265625
3 0.7890625 0.946875 0.071875 0.084375
3 0.33984375 0.08515625 0.1015625 0.1390625
3 0.50859375 0.515625 0.1125 0.1640625
3 0.61484375 0.9671875 0.0859375 0.065625
3 0.24609375 0.1 0.1 0.1609375
3 0.13671875 0.11171875 0.0953125 0.1484375
3 0.490625 0.07578125 0.103125 0.125
3 0.68046875 0.96171875 0.0609375 0.0609375
3 0.3921875 0.08125 0.078125 0.1203125
3 0.58125 0.07421875 0.0984375 0.1296875
3 0.2796875 0.5265625 0.0984375 0.1453125
3 0.31875 0.68984375 0.109375 0.18125
3 0.3890625 0.69609375 0.1 0.1609375
3 0.34140625 0.52734375 0.09375 0.1515625
3 0.4 0.51484375 0.0875 0.1171875
3 0.44609375 0.0734375 0.0765625 0.1078125