3 0.1734375 0.309375 0.0390625 0.0515625
3 0.6359375 0.9140625 0.0390625 0.0546875
3 0.3359375 0.38515625 0.0375 0.053125
3 0.50390625 0.6234375 0.0453125 0.0578125
3 0.546875 0.0734375 0.04375 0.05625
3 0.22109375 0.446875 0.0484375 0.0671875
3 0.28359375 0.25703125 0.0453125 0.05625
3 0.334375 0.24375 0.0453125 0.0625
3 0.6890625 0.7921875 0.04375 0.053125
3 0.72734375 0.74453125 0.04375 0.0578125
3 0.36875 0.45 0.040625 0.0578125
3 0.39375 0.1203125 0.0515625 0.0671875
3 0.459375 0.13046875 0.0421875 0.0546875
3 0.6265625 0.2671875 0.0421875 0.05625
3 0.25546875 0.50703125 0.04375 0.065625
3 0.6296875 0.66015625 0.05 0.0671875
3 0.44765625 0.2421875 0.040625 0.0578125
3 0.82734375 0.72109375 0.0421875 0.0546875
3 0.7640625 0.94765625 0.0375 0.0484375
3 0.61015625 0.490625 0.046875 0.0578125
3 0.803125 0.653125 0.0421875 0.053125
3 0.5234375 0.64921875 0.034375 0.053125
3 0.78671875 0.8734375 0.0375 0.05625
3 0.690625 0.396875 0.046875 0.0640625
3 0.73828125 0.23828125 0.0421875 0.05625
3 0.840625 0.203125 0.0421875 0.0578125
3 0.75859375 0.80625 0.040625 0.053125
3 0.31171875 0.328125 0.04375 0.0546875
3 0.62578125 0.52578125 0.0453125 0.0625
3 0.3625 0.30546875 0.04375 0.0609375
3 0.57421875 0.1375 0.0453125 0.05625
3 0.4984375 0.83125 0.0421875 0.053125
3 0.77109375 0.59765625 0.0390625 0.046875
3 0.60078125 0.20546875 0.0421875 0.0578125
3 0.390625 0.37109375 0.0390625 0.053125
3 0.5640625 0.75 0.0390625 0.0546875
3 0.66015625 0.334375 0.0375 0.053125
3 0.6125 0.0640625 0.034375 0.065625
3 0.4828125 0.1921875 0.05 0.0625
3 0.6703125 0.6171875 0.0390625 0.053125
3 0.27890625 0.11484375 0.040625 0.053125
3 0.73125 0.49375 0.040625 0.053125
3 0.23359375 0.125 0.04375 0.05625
3 0.5171875 0.0171875 0.040625 0.034375
3 0.4875 0.34375 0.0421875 0.0578125
3 0.940625 0.80390625 0.0328125 0.065625
3 0.38125 0.07578125 0.046875 0.0578125
3 0.25703125 0.19453125 0.04375 0.0546875
3 0.2171875 0.096875 0.04375 0.0578125
3 0.8546875 0.2515625 0.04375 0.0625
3 0.89375 0.696875 0.034375 0.0625
3 0.43046875 0.0671875 0.04375 0.0515625
3 0.946875 0.1484375 0.04375 0.0875
3 0.35078125 0.02890625 0.0375 0.034375
3 0.715625 0.46640625 0.04375 0.05625
3 0.6703125 0.978125 0.0359375 0.0171875
3 0.25390625 0.05 0.04375 0.0546875
3 0.85546875 0.6140625 0.0328125 0.0625
3 0.721875 0.20390625 0.040625 0.053125
3 0.6859375 0.6453125 0.0390625 0.053125
3 0.97109375 0.29921875 0.025 0.065625
3 0.51015625 0.2625 0.0453125 0.059375
3 0.55390625 0.35625 0.0359375 0.05
3 0.43671875 0.803125 0.040625 0.0484375
3 0.1171875 0.184375 0.053125 0.0640625
3 0.53125 0.040625 0.0421875 0.0625
3 0.51484375 0.40859375 0.04375 0.05625
3 0.96796875 0.9109375 0.0390625 0.0640625
3 0.87578125 0.80859375 0.040625 0.0578125
3 0.5234375 0.896875 0.04375 0.05
3 0.8265625 0.5578125 0.0375 0.071875
3 0.8640625 0.30390625 0.05 0.0578125
3 0.475 0.90859375 0.0390625 0.0515625
3 0.65703125 0.584375 0.0390625 0.0546875
1 0.39375 0.5328125 0.0171875 0.0390625
1 0.4015625 0.5078125 0.015625 0.0421875
3 0.271875 0.225 0.0453125 0.059375
3 0.2984375 0.2921875 0.0421875 0.053125
3 0.33125 0.35 0.04375 0.05625
3 0.35703125 0.4171875 0.0421875 0.053125
3 0.40234375 0.4078125 0.0453125 0.0609375
3 0.378125 0.3390625 0.0453125 0.05625
3 0.209375 0.41640625 0.05 0.065625
3 0.2328125 0.4859375 0.0375 0.0484375
3 0.2609375 0.5484375 0.046875 0.0546875
3 0.48984375 0.9375 0.034375 0.046875
3 0.58828125 0.98828125 0.0125 0.0125
3 0.54765625 0.7203125 0.040625 0.05625
3 0.534375 0.6875 0.0390625 0.053125
3 0.771875 0.8390625 0.04375 0.0578125
3 0.6984375 0.6796875 0.0453125 0.05625
3 0.640625 0.55703125 0.04375 0.0546875
3 0.93046875 0.94140625 0.0265625 0.0328125
3 0.95078125 0.93046875 0.03125 0.053125
4 0.85234375 0.69375 0.0125 0.0203125
3 0.7875 0.62109375 0.0390625 0.0546875
3 0.74296875 0.5296875 0.0453125 0.059375
3 0.67421875 0.36953125 0.0453125 0.0578125
3 0.765625 0.3203125 0.0390625 0.0515625
3 0.525 0.2953125 0.0421875 0.0578125
3 0.4578125 0.27734375 0.04375 0.059375
3 0.471875 0.1640625 0.040625 0.0546875
3 0.4453125 0.10703125 0.0484375 0.0625
3 0.40625 0.15625 0.0453125 0.059375
3 0.5578125 0.109375 0.0421875 0.053125
3 0.5875 0.171875 0.0421875 0.05625
3 0.6140625 0.23359375 0.0453125 0.059375
3 0.746875 0.271875 0.040625 0.05
1 0.83125 0.14921875 0.01875 0.025
1 0.81171875 0.1046875 0.01875 0.0234375
1 0.78828125 0.05078125 0.0203125 0.0296875