3 0.9734375 0.81796875 0.053125 0.1046875
3 0.575 0.6390625 0.1171875 0.15
3 0.68671875 0.59375 0.125 0.165625
3 0.1203125 0.2109375 0.0703125 0.109375
3 0.61484375 0.95859375 0.0828125 0.071875
3 0.0234375 0.23046875 0.046875 0.1265625
3 0.88828125 0.8640625 0.071875 0.084375
3 0.24453125 0.1359375 0.1015625 0.1390625
3 0.51171875 0.51328125 0.1125 0.1640625
3 0.72734375 0.93203125 0.0859375 0.078125
3 0.15703125 0.17265625 0.1 0.1609375
3 0.05390625 0.2109375 0.0953125 0.1484375
3 0.38828125 0.090625 0.103125 0.125
3 0.78671875 0.90390625 0.0609375 0.0609375
3 0.29453125 0.11953125 0.078125 0.1203125
3 0.47578125 0.0671875 0.0984375 0.1296875
3 0.2921875 0.57890625 0.0984375 0.1453125
3 0.36953125 0.728125 0.109375 0.18125
3 0.43984375 0.71640625 0.1 0.1609375
3 0.353125 0.56484375 0.09375 0.1515625
3 0.40625 0.53828125 0.0875 0.1171875
3 0.34453125 0.0984375 0.0765625 0.1078125