3 0.96015625 0.86015625 0.0796875 0.0984375
3 0.56328125 0.64453125 0.10625 0.1421875
3 0.678125 0.609375 0.1125 0.1578125
3 0.146875 0.1796875 0.0609375 0.1046875
3 0.57421875 0.96640625 0.078125 0.065625
3 0.03359375 0.18828125 0.0671875 0.1203125
3 0.85546875 0.89609375 0.065625 0.078125
3 0.27734375 0.115625 0.090625 0.1328125
3 0.5109375 0.51484375 0.0984375 0.1578125
3 0.68828125 0.95 0.08125 0.071875
3 0.18671875 0.14453125 0.0875 0.1546875
3 0.08046875 0.17265625 0.084375 0.1421875
3 0.42421875 0.08203125 0.09375 0.11875
3 0.75 0.92734375 0.05625 0.0578125
3 0.328125 0.103125 0.06875 0.115625
3 0.5140625 0.06640625 0.0890625 0.1234375
3 0.28671875 0.5609375 0.0875 0.1390625
3 0.35078125 0.71640625 0.0953125 0.175
3 0.42109375 0.7109375 0.0875 0.1546875
3 0.34765625 0.5515625 0.08125 0.1453125
3 0.403125 0.5296875 0.078125 0.1109375
3 0.3796875 0.08671875 0.06875 0.1015625