3 0.1953125 0.2765625 0.03359375 0.04765625
3 0.5921875 0.92578125 0.03359375 0.0515625
3 0.34921875 0.36875 0.03203125 0.05
3 0.490625 0.6234375 0.040625 0.05390625
3 0.59140625 0.08046875 0.03828125 0.053125
3 0.228125 0.41796875 0.0421875 0.06328125
3 0.31015625 0.2359375 0.040625 0.0515625
3 0.36171875 0.228125 0.0390625 0.05859375
3 0.6578125 0.81015625 0.0390625 0.05
3 0.70078125 0.7671875 0.03828125 0.0546875
3 0.375 0.43671875 0.03515625 0.05390625
3 0.434375 0.1109375 0.04453125 0.06328125
3 0.4984375 0.128125 0.0375 0.05078125
3 0.65 0.28203125 0.0375 0.053125
3 0.25625 0.48125 0.03828125 0.06171875
3 0.6125 0.67265625 0.04296875 0.06328125
3 0.475 0.23828125 0.03515625 0.0546875
3 0.80234375 0.75390625 0.0375 0.0515625
3 0.715625 0.97265625 0.03359375 0.0453125
3 0.61015625 0.50234375 0.0421875 0.053125
3 0.78515625 0.68359375 0.03671875 0.05
3 0.5078125 0.65078125 0.0296875 0.05078125
3 0.74609375 0.9015625 0.0328125 0.05234375
3 0.7 0.4171875 0.04140625 0.06015625
3 0.7640625 0.26484375 0.03671875 0.05234375
3 0.86953125 0.240625 0.03671875 0.05390625
3 0.725 0.83125 0.0359375 0.05
3 0.33046875 0.309375 0.0390625 0.0515625
3 0.62265625 0.5390625 0.03984375 0.05859375
3 0.38359375 0.2921875 0.0375 0.05703125
3 0.61171875 0.146875 0.03984375 0.053125
3 0.4640625 0.82890625 0.03671875 0.05
3 0.759375 0.62578125 0.03515625 0.04375
3 0.63125 0.21796875 0.03671875 0.05390625
3 0.4046875 0.36015625 0.034375 0.04921875
3 0.5375 0.75546875 0.034375 0.0515625
3 0.6765625 0.35234375 0.0328125 0.05
3 0.6578125 0.078125 0.028125 0.06328125
3 0.51484375 0.1921875 0.04375 0.05859375
3 0.65703125 0.634375 0.03359375 0.05
3 0.3203125 0.09375 0.0359375 0.04921875
3 0.73046875 0.51796875 0.0359375 0.04921875
3 0.27421875 0.09921875 0.03828125 0.05234375
3 0.56796875 0.01875 0.03671875 0.03671875
3 0.50390625 0.34296875 0.0375 0.05390625
3 0.90625 0.8484375 0.02578125 0.0625
3 0.4265625 0.065625 0.04140625 0.05390625
3 0.290625 0.17109375 0.03828125 0.05078125
3 0.2609375 0.06953125 0.0375 0.0546875
3 0.87890625 0.28984375 0.03828125 0.059375
3 0.87109375 0.73671875 0.028125 0.059375
3 0.47578125 0.0625 0.0390625 0.04765625
3 0.98125 0.196875 0.034375 0.084375
3 0.40078125 0.015625 0.034375 0.03125
3 0.71796875 0.4890625 0.03828125 0.05234375
3 0.61953125 0.99296875 0.034375 0.0140625
3 0.30234375 0.0265625 0.03828125 0.0515625
3 0.84140625 0.65078125 0.02734375 0.06015625
3 0.7515625 0.22890625 0.03515625 0.04921875
3 0.66953125 0.6640625 0.034375 0.05
3 0.98984375 0.34921875 0.01875 0.06328125
3 0.53515625 0.26484375 0.0390625 0.05546875
3 0.56875 0.3625 0.03125 0.04765625
3 0.40546875 0.79453125 0.03671875 0.04453125
3 0.15234375 0.14609375 0.046875 0.059375
3 0.57890625 0.04609375 0.03671875 0.05859375
3 0.52421875 0.4109375 0.03828125 0.053125
3 0.92265625 0.9578125 0.0328125 0.06171875
3 0.84140625 0.84609375 0.03515625 0.0546875
3 0.48203125 0.896875 0.03828125 0.046875
3 0.81875 0.59140625 0.03046875 0.06875
3 0.8828125 0.34296875 0.04453125 0.05390625
3 0.43203125 0.90390625 0.03359375 0.0484375
3 0.64765625 0.6 0.034375 0.05078125
1 0.390625 0.521875 0.01328125 0.0375
1 0.4015625 0.49765625 0.0109375 0.040625
3 0.3015625 0.20234375 0.03984375 0.05546875
3 0.32109375 0.271875 0.03671875 0.05
3 0.34765625 0.3328125 0.03828125 0.05234375
3 0.36640625 0.40234375 0.0375 0.05
3 0.4125 0.3984375 0.0390625 0.0578125
3 0.3953125 0.32734375 0.03984375 0.05234375
3 0.21953125 0.38671875 0.04453125 0.0609375
3 0.2359375 0.4578125 0.0328125 0.0453125
3 0.25703125 0.5234375 0.04140625 0.05078125
3 0.44375 0.934375 0.03046875 0.04375
3 0.53671875 0.99453125 0.01171875 0.0109375
3 0.52421875 0.72421875 0.0359375 0.053125
3 0.51484375 0.68984375 0.03359375 0.04921875
3 0.73515625 0.865625 0.03828125 0.0546875
3 0.67890625 0.69921875 0.040625 0.05234375
3 0.63359375 0.57109375 0.0390625 0.0515625
3 0.88203125 0.984375 0.02265625 0.03125
3 0.903125 0.975 0.0265625 0.05
4 0.83046875 0.7296875 0.01015625 0.01875
3 0.7734375 0.65078125 0.034375 0.05078125
3 0.73828125 0.5546875 0.03984375 0.05546875
3 0.68671875 0.38828125 0.03984375 0.05390625
3 0.7828125 0.34921875 0.034375 0.04765625
3 0.54609375 0.29921875 0.03671875 0.05390625
3 0.48125 0.27421875 0.0375 0.05546875
3 0.50703125 0.16328125 0.0359375 0.0515625
3 0.48671875 0.103125 0.0421875 0.05859375
3 0.44296875 0.1484375 0.0390625 0.05625
3 0.5984375 0.1171875 0.0375 0.05
3 0.62109375 0.1828125 0.0375 0.053125
3 0.64140625 0.246875 0.03984375 0.05625
3 0.76953125 0.29921875 0.0359375 0.046875
1 0.86640625 0.1859375 0.01640625 0.0234375
1 0.8515625 0.13984375 0.01640625 0.021875
1 0.83359375 0.08359375 0.01796875 0.02734375