3 0.3671875 0.96484375 0.071875 0.0703125
3 0.07109375 0.11328125 0.0625 0.096875
3 0.2734375 0.0796875 0.065625 0.1015625
3 0.6625 0.5578125 0.09375 0.15625
3 0.6578125 0.90625 0.121875 0.1609375
3 0.12578125 0.10859375 0.0640625 0.1046875
3 0.23359375 0.503125 0.0859375 0.1625
3 0.4296875 0.971875 0.071875 0.05625
3 0.2234375 0.09140625 0.0734375 0.10625
3 0.221875 0.978125 0.1 0.04375
3 0.27578125 0.6578125 0.0921875 0.175
3 0.55234375 0.0390625 0.0640625 0.078125
3 0.01953125 0.1359375 0.0390625 0.11875
3 0.40234375 0.4609375 0.0859375 0.1484375
3 0.45234375 0.61328125 0.0984375 0.1828125
3 0.55625 0.578125 0.078125 0.146875
3 0.29765625 0.96328125 0.0765625 0.0734375
3 0.66171875 0.4171875 0.0828125 0.1296875
3 0.34609375 0.47109375 0.0859375 0.153125
3 0.49296875 0.43515625 0.1046875 0.146875
3 0.3625 0.0546875 0.0609375 0.08125
3 0.31875 0.06796875 0.0640625 0.09375
3 0.48984375 0.953125 0.0953125 0.09375
3 0.56171875 0.434375 0.084375 0.1359375
3 0.7109375 0.41015625 0.0921875 0.1375
3 0.61484375 0.42265625 0.084375 0.128125
3 0.3984375 0.61953125 0.10625 0.2046875
3 0.53828125 0.93125 0.1109375 0.1375
3 0.33671875 0.63046875 0.1125 0.209375
3 0.28671875 0.47265625 0.0890625 0.1515625
3 0.5953125 0.03046875 0.06875 0.0609375
3 0.409375 0.046875 0.0671875 0.084375
3 0.76640625 0.39140625 0.0875 0.1375
6 0.51171875 0.5984375 0.0921875 0.15625
3 0.4625 0.040625 0.059375 0.08125
3 0.81015625 0.5140625 0.1046875 0.1734375
3 0.17421875 0.1015625 0.071875 0.109375
3 0.71640625 0.89375 0.1046875 0.1609375
4 0.59765625 0.03046875 0.0671875 0.0609375
3 0.93984375 0.8515625 0.0890625 0.1578125
3 0.8265625 0.87890625 0.096875 0.1515625
3 0.8875 0.85859375 0.090625 0.165625
3 0.965625 0.8265625 0.06875 0.175
3 0.50234375 0.03828125 0.0546875 0.0765625