3 0.35 0.9625 0.06875 0.075
3 0.084375 0.0984375 0.0609375 0.0953125
3 0.28828125 0.071875 0.0640625 0.1
3 0.66015625 0.56328125 0.0890625 0.1546875
3 0.64375 0.91171875 0.1171875 0.1578125
3 0.1390625 0.0953125 0.0609375 0.1046875
3 0.23359375 0.49375 0.08125 0.1609375
3 0.4140625 0.97109375 0.06875 0.0578125
3 0.2375 0.08203125 0.0703125 0.10625
3 0.2046875 0.9734375 0.096875 0.053125
3 0.2703125 0.65 0.0875 0.1734375
3 0.56796875 0.03984375 0.0609375 0.0796875
3 0.025 0.11953125 0.05 0.1171875
3 0.40390625 0.4578125 0.08125 0.146875
3 0.4484375 0.61171875 0.09375 0.18125
3 0.55390625 0.5796875 0.075 0.1453125
3 0.28046875 0.96015625 0.0734375 0.0796875
3 0.6640625 0.4234375 0.078125 0.128125
3 0.346875 0.465625 0.08125 0.1515625
3 0.4953125 0.43515625 0.1 0.14375
3 0.378125 0.05 0.0578125 0.0796875
3 0.334375 0.06171875 0.0609375 0.0921875
3 0.47421875 0.953125 0.0921875 0.09375
3 0.5640625 0.43671875 0.0796875 0.134375
3 0.7140625 0.41796875 0.0890625 0.1359375
3 0.6171875 0.4265625 0.08125 0.1265625
3 0.39375 0.615625 0.1 0.203125
3 0.5234375 0.9328125 0.10625 0.134375
3 0.33203125 0.62421875 0.10625 0.2078125
3 0.2875 0.46484375 0.084375 0.15
3 0.61171875 0.03203125 0.0671875 0.0640625
3 0.425 0.04453125 0.065625 0.0828125
3 0.7703125 0.40078125 0.084375 0.1359375
6 0.50859375 0.59921875 0.0875 0.1546875
3 0.47890625 0.040625 0.0578125 0.08125
3 0.809375 0.525 0.1 0.171875
3 0.18828125 0.08984375 0.06875 0.1078125
3 0.70234375 0.90078125 0.1 0.159375
4 0.6140625 0.03203125 0.065625 0.0640625
3 0.92734375 0.86640625 0.084375 0.15625
3 0.8125 0.88984375 0.0921875 0.15
3 0.875 0.871875 0.0859375 0.1640625
3 0.9609375 0.8421875 0.078125 0.171875
3 0.51953125 0.03828125 0.0515625 0.0765625