3 0.26953125 0.94375 0.059375 0.0984375
3 0.16015625 0.03828125 0.0515625 0.0765625
3 0.36484375 0.04453125 0.0546875 0.0890625
3 0.646875 0.590625 0.075 0.1484375
3 0.5703125 0.92734375 0.103125 0.1453125
3 0.21484375 0.04453125 0.0515625 0.0890625
3 0.23828125 0.44765625 0.065625 0.15625
3 0.33125 0.959375 0.0625 0.071875
3 0.31328125 0.04609375 0.0609375 0.0921875
3 0.12265625 0.93984375 0.0875 0.096875
3 0.24765625 0.6078125 0.0703125 0.1671875
3 0.64921875 0.05 0.0515625 0.0921875
3 0.0890625 0.0484375 0.059375 0.096875
3 0.41328125 0.44140625 0.0671875 0.140625
3 0.4296875 0.60078125 0.075 0.175
3 0.5390625 0.58828125 0.0609375 0.140625
3 0.20078125 0.934375 0.0609375 0.1125
3 0.675 0.453125 0.0671875 0.121875
3 0.35546875 0.4390625 0.0671875 0.146875
3 0.50703125 0.43515625 0.0859375 0.1375
3 0.45859375 0.03671875 0.0515625 0.0734375
3 0.4125 0.04140625 0.053125 0.0828125
3 0.39453125 0.9484375 0.0828125 0.0984375
3 0.5734375 0.4484375 0.0671875 0.1296875
3 0.725 0.45625 0.0765625 0.1296875
3 0.628125 0.4484375 0.06875 0.1203125
3 0.37578125 0.59609375 0.08125 0.196875
3 0.44765625 0.93359375 0.09375 0.1328125
3 0.31328125 0.59375 0.0859375 0.2015625
3 0.296875 0.42890625 0.0703125 0.14375
3 0.69375 0.046875 0.059375 0.0828125
3 0.50546875 0.03828125 0.0578125 0.0765625
3 0.78359375 0.44921875 0.071875 0.1296875
6 0.49140625 0.59921875 0.071875 0.1484375
3 0.56015625 0.04140625 0.05 0.08125
3 0.80078125 0.578125 0.084375 0.165625
3 0.2640625 0.046875 0.059375 0.09375
3 0.6296875 0.9265625 0.084375 0.146875
4 0.69609375 0.046875 0.0578125 0.0828125
3 0.85625 0.9296875 0.06875 0.140625
3 0.740625 0.9328125 0.078125 0.134375
3 0.80390625 0.92578125 0.0703125 0.1484375
3 0.91015625 0.91953125 0.0953125 0.1609375
3 0.6 0.04375 0.04375 0.0828125