3 0.28515625 0.9515625 0.05546875 0.09609375
3 0.14453125 0.04453125 0.0484375 0.0890625
3 0.35 0.046875 0.05078125 0.09375
3 0.65 0.58515625 0.06953125 0.146875
3 0.58515625 0.92734375 0.0984375 0.1453125
3 0.19921875 0.04921875 0.0484375 0.0984375
3 0.23671875 0.45703125 0.06015625 0.15390625
3 0.34765625 0.96484375 0.06015625 0.06953125
3 0.2984375 0.04921875 0.0578125 0.0984375
3 0.13828125 0.953125 0.084375 0.09375
3 0.2515625 0.61640625 0.06484375 0.165625
3 0.63359375 0.0453125 0.0484375 0.090625
3 0.0734375 0.05546875 0.05546875 0.1109375
3 0.4109375 0.44453125 0.0625 0.1390625
3 0.43359375 0.603125 0.06953125 0.1734375
3 0.5421875 0.58671875 0.05546875 0.1390625
3 0.21640625 0.94453125 0.0578125 0.1109375
3 0.6734375 0.446875 0.0625 0.1203125
3 0.353125 0.44453125 0.0625 0.14453125
3 0.5046875 0.43515625 0.08203125 0.134375
3 0.4421875 0.0375 0.0484375 0.07421875
3 0.396875 0.04296875 0.05 0.0859375
3 0.41015625 0.9515625 0.0796875 0.09609375
3 0.571875 0.44609375 0.0625 0.12734375
3 0.7234375 0.4484375 0.071875 0.12734375
3 0.6265625 0.44375 0.06484375 0.11796875
3 0.37890625 0.6 0.07421875 0.19453125
3 0.4625 0.93515625 0.0890625 0.1296875
3 0.31640625 0.6 0.0796875 0.19921875
3 0.29453125 0.4359375 0.06484375 0.1421875
3 0.678125 0.040625 0.05625 0.08125
3 0.4890625 0.03828125 0.05546875 0.0765625
3 0.78125 0.4390625 0.0671875 0.12734375
6 0.49453125 0.59921875 0.0671875 0.146875
3 0.54375 0.03984375 0.046875 0.0796875
3 0.803125 0.56796875 0.078125 0.1625
3 0.2484375 0.05078125 0.05546875 0.10078125
3 0.64453125 0.925 0.0796875 0.15
4 0.68046875 0.040625 0.0546875 0.08125
3 0.871875 0.92265625 0.0640625 0.14921875
3 0.75546875 0.9296875 0.0734375 0.140625
3 0.81953125 0.9203125 0.06484375 0.15703125
3 0.925 0.90625 0.0890625 0.16171875
3 0.584375 0.040625 0.040625 0.08125