3 0.8640625 0.71640625 0.02890625 0.09296875
3 0.9875 0.04921875 0.02421875 0.08203125
3 0.72890625 0.34453125 0.05546875 0.0515625
3 0.77109375 0.25 0.05625 0.0578125
3 0.9765625 0.19140625 0.03125 0.08203125
3 0.61875 0.0171875 0.0265625 0.03359375
3 0.62734375 0.0625 0.0234375 0.0609375
3 0.6375 0.103125 0.02578125 0.0421875
3 0.64453125 0.15078125 0.0359375 0.04609375
3 0.89609375 0.775 0.0515625 0.05234375
3 0.89921875 0.828125 0.04609375 0.046875
3 0.88046875 0.93515625 0.02109375 0.05234375
4 0.2671875 0.8484375 0.01171875 0.01875
4 0.2734375 0.85078125 0.01015625 0.015625
3 0.7453125 0.9546875 0.02265625 0.0453125