3 0.89609375 0.65 0.0453125 0.096875
3 0.6984375 0.30703125 0.0640625 0.0609375
3 0.7234375 0.20703125 0.065625 0.0671875
3 0.915625 0.11328125 0.0453125 0.0859375
3 0.5328125 0.0109375 0.03125 0.021875
3 0.54921875 0.046875 0.034375 0.0640625
3 0.56640625 0.08515625 0.0328125 0.0453125
3 0.58203125 0.13125 0.04375 0.0515625
3 0.9375 0.70234375 0.059375 0.0609375
3 0.95 0.75390625 0.053125 0.0546875
3 0.95 0.8625 0.0296875 0.0546875
4 0.33125 0.88359375 0.0140625 0.0203125
4 0.3375 0.88515625 0.0125 0.0171875
3 0.8203125 0.90546875 0.0296875 0.0484375