3 0.87109375 0.70390625 0.0328125 0.09375
3 0.97109375 0.03671875 0.0265625 0.0734375
3 0.7234375 0.33671875 0.0578125 0.053125
3 0.7625 0.240625 0.0578125 0.059375
3 0.965625 0.175 0.034375 0.0828125
3 0.6015625 0.01484375 0.028125 0.0296875
3 0.61171875 0.05859375 0.025 0.0609375
3 0.6234375 0.0984375 0.0265625 0.04375
3 0.63203125 0.14609375 0.0375 0.046875
3 0.90546875 0.7609375 0.053125 0.0546875
3 0.91015625 0.8140625 0.0484375 0.0484375
3 0.8953125 0.921875 0.0234375 0.053125
4 0.2796875 0.85625 0.0125 0.01875
4 0.2859375 0.85859375 0.0109375 0.015625
3 0.7609375 0.94609375 0.025 0.0453125