3 0.8171875 0.628125 0.059375 0.0828125
3 0.6671875 0.4046875 0.0375 0.1015625
3 0.96875 0.86953125 0.025 0.0453125
3 0.8953125 0.82421875 0.04375 0.0578125
3 0.81484375 0.71875 0.0484375 0.0671875
3 0.4640625 0.82421875 0.0453125 0.0890625
4 0.08203125 0.83515625 0.0125 0.015625
4 0.08671875 0.84609375 0.015625 0.0140625
4 0.08828125 0.85546875 0.0140625 0.015625
4 0.2375 0.47109375 0.015625 0.0203125
4 0.21640625 0.4328125 0.0140625 0.0125
4 0.22109375 0.4421875 0.0140625 0.015625
3 0.90703125 0.034375 0.034375 0.0296875
3 0.88984375 0.05546875 0.025 0.0390625
3 0.88359375 0.09453125 0.025 0.0421875
3 0.8765625 0.1265625 0.0296875 0.0375
3 0.86484375 0.16640625 0.0265625 0.0421875
3 0.853125 0.1984375 0.03125 0.0421875
3 0.8390625 0.23359375 0.0359375 0.046875
3 0.82734375 0.2796875 0.03125 0.046875
3 0.81484375 0.3203125 0.034375 0.0421875
3 0.80234375 0.359375 0.03125 0.040625
3 0.790625 0.39765625 0.0390625 0.0484375