3 0.7984375 0.409375 0.0578125 0.0546875
3 0.590625 0.06640625 0.0421875 0.0953125
3 0.66796875 0.38515625 0.059375 0.0609375
3 0.81015625 0.3421875 0.0640625 0.05625
3 0.60703125 0.63515625 0.0484375 0.121875
3 0.80625 0.81875 0.0359375 0.0921875
3 0.825 0.8859375 0.0515625 0.065625
3 0.81796875 0.9375 0.046875 0.0515625
3 0.64609375 0.99140625 0.0171875 0.0171875
3 0.71796875 0.05625 0.0234375 0.0453125
3 0.71484375 0.10546875 0.01875 0.034375
3 0.71640625 0.15 0.021875 0.0375
3 0.7125 0.1875 0.0296875 0.0421875
4 0.23203125 0.8515625 0.015625 0.025
4 0.20703125 0.82734375 0.0125 0.0203125
4 0.2125 0.83359375 0.0140625 0.01875