3 0.77578125 0.35390625 0.0546875 0.0515625
3 0.50625 0.05703125 0.0390625 0.09375
3 0.64296875 0.35546875 0.05625 0.0578125
3 0.77421875 0.2859375 0.0609375 0.0546875
3 0.63046875 0.6125 0.0421875 0.1203125
3 0.86171875 0.7546875 0.03125 0.090625
3 0.89296875 0.8171875 0.05 0.0625
3 0.8953125 0.86875 0.0453125 0.0484375
3 0.7390625 0.9640625 0.015625 0.0375
3 0.6296875 0.02265625 0.0203125 0.04375
3 0.63515625 0.071875 0.0171875 0.034375
3 0.6453125 0.115625 0.0203125 0.0375
3 0.6484375 0.153125 0.028125 0.040625
4 0.30390625 0.89609375 0.015625 0.025
4 0.275 0.87734375 0.0125 0.01875
4 0.28125 0.8828125 0.0140625 0.01875