3 0.78515625 0.3734375 0.0515625 0.0484375
3 0.5375 0.05859375 0.03203125 0.09140625
3 0.65234375 0.365625 0.053125 0.0546875
3 0.78828125 0.30546875 0.0578125 0.05
3 0.62265625 0.62109375 0.03359375 0.11875
3 0.84296875 0.77890625 0.025 0.08984375
3 0.86953125 0.84375 0.0453125 0.06015625
3 0.86875 0.8953125 0.0421875 0.04609375
3 0.70625 0.9796875 0.01328125 0.03671875
3 0.6625 0.0328125 0.01796875 0.04296875
3 0.66484375 0.08203125 0.01484375 0.0328125
3 0.671875 0.1265625 0.0171875 0.0359375
3 0.67265625 0.1640625 0.025 0.0390625
4 0.2765625 0.88125 0.01328125 0.0234375
4 0.24921875 0.8609375 0.0109375 0.01875
4 0.25546875 0.86640625 0.0125 0.0171875