3 0.79453125 0.6328125 0.0546875 0.0625
3 0.534375 0.05078125 0.0421875 0.1
3 0.05546875 0.2375 0.034375 0.0484375
3 0.94609375 0.753125 0.046875 0.065625
3 0.796875 0.14375 0.04375 0.059375
3 0.84609375 0.1203125 0.0296875 0.0921875
3 0.87109375 0.13984375 0.0296875 0.090625
3 0.56953125 0.1 0.040625 0.096875
3 0.84296875 0.4203125 0.0296875 0.096875
3 0.86875 0.446875 0.0296875 0.08125
4 0.40625 0.95859375 0.0109375 0.021875
3 0.41640625 0.1609375 0.03125 0.09375
3 0.03046875 0.0484375 0.0171875 0.034375
3 0.05703125 0.0515625 0.0140625 0.059375
3 0.0703125 0.0578125 0.015625 0.046875
3 0.08671875 0.05546875 0.0171875 0.0359375
3 0.11171875 0.06328125 0.015625 0.040625
3 0.12734375 0.06796875 0.015625 0.0390625
3 0.1609375 0.07890625 0.0203125 0.053125
3 0.19609375 0.08828125 0.01875 0.059375
3 0.2125 0.1 0.0203125 0.0640625
3 0.23515625 0.09765625 0.0234375 0.0640625
3 0.253125 0.11015625 0.0234375 0.0625
3 0.275 0.1140625 0.01875 0.053125
3 0.296875 0.128125 0.0234375 0.046875
3 0.3171875 0.14375 0.021875 0.0578125
3 0.34453125 0.14453125 0.0203125 0.05625
3 0.36953125 0.15390625 0.021875 0.0609375
3 0.39453125 0.16640625 0.021875 0.05
4 0.775 0.42421875 0.0140625 0.03125
3 0.909375 0.20625 0.021875 0.075
3 0.425 0.38515625 0.0578125 0.071875
3 0.30078125 0.3625 0.0515625 0.0515625
3 0.52890625 0.3796875 0.0578125 0.05625