3 0.7890625 0.64296875 0.05625 0.0640625
3 0.55 0.0515625 0.0453125 0.1
3 0.06484375 0.221875 0.0359375 0.05
3 0.93671875 0.76875 0.0484375 0.0671875
3 0.809375 0.1546875 0.046875 0.0609375
3 0.859375 0.13203125 0.0328125 0.0921875
3 0.88359375 0.153125 0.0328125 0.0921875
3 0.58359375 0.10234375 0.04375 0.0984375
3 0.8453125 0.43203125 0.0328125 0.096875
3 0.8703125 0.459375 0.0328125 0.0828125
4 0.390625 0.9546875 0.0109375 0.021875
3 0.428125 0.1578125 0.034375 0.09375
3 0.046875 0.03203125 0.01875 0.034375
3 0.0734375 0.0359375 0.015625 0.059375
3 0.0859375 0.04375 0.0171875 0.046875
3 0.10234375 0.040625 0.0171875 0.0359375
3 0.1265625 0.05 0.0171875 0.040625
3 0.14296875 0.05546875 0.0171875 0.040625
3 0.17578125 0.0671875 0.021875 0.053125
3 0.2109375 0.078125 0.0203125 0.059375
3 0.2265625 0.090625 0.021875 0.0640625
3 0.24921875 0.08828125 0.025 0.0640625
3 0.26640625 0.1015625 0.025 0.0625
3 0.2890625 0.10703125 0.0203125 0.053125
3 0.309375 0.12109375 0.025 0.0484375
3 0.3296875 0.1375 0.025 0.0578125
3 0.35703125 0.1390625 0.0234375 0.05625
3 0.38203125 0.14921875 0.025 0.0609375
3 0.40625 0.16328125 0.0234375 0.05
4 0.77734375 0.434375 0.0140625 0.03125
3 0.91953125 0.2203125 0.025 0.075
3 0.42890625 0.38203125 0.0609375 0.0734375
3 0.30546875 0.35625 0.053125 0.053125
3 0.5328125 0.38046875 0.059375 0.0578125