3 0.29609375 0.41953125 0.0640625 0.06875
3 0.6953125 0.4796875 0.06875 0.0890625
3 0.434375 0.0453125 0.046875 0.084375
3 0.59453125 0.38515625 0.0609375 0.0875
3 0.7109375 0.06796875 0.05625 0.0703125
3 0.4359375 0.38046875 0.0765625 0.1109375
3 0.828125 0.53359375 0.059375 0.071875
3 0.75078125 0.0421875 0.0453125 0.084375
3 0.78125 0.0515625 0.0359375 0.0859375
3 0.14765625 0.3390625 0.05 0.05625
3 0.0109375 0.30546875 0.021875 0.0453125
3 0.375 0.1734375 0.040625 0.084375
3 0.3453125 0.17578125 0.0375 0.08125
3 0.32265625 0.17265625 0.028125 0.0640625
3 0.29453125 0.16796875 0.0328125 0.0734375
3 0.2703125 0.16875 0.0296875 0.0609375
3 0.2421875 0.1703125 0.03125 0.0640625
3 0.21796875 0.1546875 0.0328125 0.06875
3 0.19453125 0.1484375 0.0296875 0.0734375
3 0.171875 0.15 0.0328125 0.075
3 0.1515625 0.146875 0.03125 0.075
3 0.1296875 0.1546875 0.0296875 0.071875
3 0.11171875 0.14453125 0.0265625 0.0609375
3 0.075 0.14453125 0.03125 0.0703125
3 0.02265625 0.13828125 0.025 0.0640625
3 0.03984375 0.14375 0.0203125 0.05
3 0.00390625 0.13671875 0.0078125 0.0515625