3 0.33359375 0.35703125 0.0625 0.06875
3 0.69140625 0.54453125 0.06875 0.0890625
3 0.5859375 0.0484375 0.0453125 0.084375
3 0.62734375 0.421875 0.0609375 0.0859375
3 0.83984375 0.16015625 0.05625 0.0703125
3 0.478125 0.36640625 0.075 0.109375
3 0.79921875 0.63828125 0.059375 0.071875
3 0.88828125 0.14296875 0.04375 0.096875
3 0.91171875 0.1671875 0.034375 0.0859375
3 0.21953125 0.23359375 0.0484375 0.0546875
3 0.09453125 0.1546875 0.034375 0.0453125
3 0.48828125 0.15078125 0.0390625 0.084375
3 0.459375 0.14296875 0.0375 0.0796875
3 0.4390625 0.1328125 0.0265625 0.0640625
3 0.4140625 0.11953125 0.03125 0.0734375
3 0.390625 0.11171875 0.0296875 0.0609375
3 0.36328125 0.10390625 0.0296875 0.0640625
3 0.3453125 0.08125 0.03125 0.06875
3 0.32578125 0.06796875 0.0296875 0.0734375
3 0.30390625 0.0625 0.03125 0.075
3 0.28515625 0.05234375 0.03125 0.075
3 0.2625 0.05234375 0.028125 0.071875
3 0.2484375 0.0375 0.025 0.0609375
3 0.2140625 0.0296875 0.03125 0.059375
3 0.16640625 0.0171875 0.0234375 0.034375
3 0.18046875 0.01875 0.0203125 0.0375
3 0.1421875 0.009375 0.021875 0.01875
3 0.1234375 0.0140625 0.025 0.028125
3 0.11171875 0.01171875 0.0203125 0.0234375