3 0.31328125 0.38515625 0.05390625 0.0609375
3 0.69609375 0.5140625 0.05625 0.08125
3 0.5140625 0.040625 0.03359375 0.08046875
3 0.61328125 0.403125 0.0484375 0.0796875
3 0.7828125 0.1109375 0.04609375 0.0640625
3 0.4578125 0.37109375 0.06015625 0.1015625
3 0.8171875 0.58984375 0.04921875 0.06484375
3 0.82734375 0.08671875 0.0296875 0.09296875
3 0.8546875 0.10703125 0.021875 0.08359375
3 0.18125 0.28046875 0.04140625 0.04921875
3 0.0453125 0.22265625 0.02890625 0.040625
3 0.43359375 0.15703125 0.0265625 0.08046875
3 0.40390625 0.15390625 0.025 0.07734375
3 0.38203125 0.146875 0.0171875 0.0625
3 0.35546875 0.1375 0.02109375 0.07109375
3 0.33125 0.13359375 0.0203125 0.05859375
3 0.303125 0.13046875 0.0203125 0.0609375
3 0.28203125 0.1109375 0.02109375 0.065625
3 0.26015625 0.10078125 0.01796875 0.071875
3 0.2375 0.0984375 0.0203125 0.07265625
3 0.21796875 0.09140625 0.01953125 0.07265625
3 0.1953125 0.0953125 0.0171875 0.0703125
3 0.17890625 0.0828125 0.01640625 0.059375
3 0.14296875 0.07578125 0.0203125 0.0671875
3 0.09296875 0.0609375 0.0140625 0.06328125
3 0.10859375 0.06953125 0.0125 0.0484375
3 0.0671875 0.05546875 0.01484375 0.05
3 0.05 0.0625 0.015625 0.059375
3 0.0375 0.0640625 0.01171875 0.053125
3 0.01171875 0.05546875 0.0125 0.04921875