3 0.321875 0.37265625 0.0578125 0.0640625
3 0.69453125 0.52734375 0.0625 0.084375
3 0.54609375 0.04296875 0.0390625 0.0828125
3 0.61953125 0.4109375 0.053125 0.0828125
3 0.809375 0.13125 0.05 0.0671875
3 0.4671875 0.36875 0.0671875 0.10625
3 0.81015625 0.61171875 0.053125 0.06875
3 0.85546875 0.1109375 0.0359375 0.0953125
3 0.88125 0.1328125 0.028125 0.084375
3 0.19765625 0.25859375 0.0453125 0.0515625
3 0.065625 0.19140625 0.03125 0.0421875
3 0.4578125 0.153125 0.0328125 0.0828125
3 0.428125 0.14765625 0.0296875 0.078125
3 0.40703125 0.13984375 0.021875 0.0640625
3 0.38125 0.128125 0.0265625 0.071875
3 0.35703125 0.12265625 0.025 0.059375
3 0.3296875 0.11796875 0.025 0.0625
3 0.309375 0.096875 0.025 0.0671875
3 0.28828125 0.08515625 0.0234375 0.0734375
3 0.26640625 0.08125 0.025 0.0734375
3 0.246875 0.07265625 0.025 0.0734375
3 0.22421875 0.075 0.021875 0.071875
3 0.20859375 0.06171875 0.0203125 0.0609375
3 0.1734375 0.0515625 0.025 0.06875
3 0.12421875 0.03359375 0.01875 0.0640625
3 0.13984375 0.04296875 0.015625 0.0484375
3 0.09921875 0.0265625 0.01875 0.0515625
3 0.08125 0.03203125 0.0203125 0.0609375
3 0.06875 0.0328125 0.015625 0.053125
3 0.04375 0.0234375 0.015625 0.046875