3 0.60390625 0.39609375 0.0625 0.09375
3 0.09453125 0.31484375 0.04375 0.0578125
3 0.4828125 0.0421875 0.04375 0.084375
3 0.51875 0.06796875 0.040625 0.0921875
3 0.75625 0.1 0.05 0.065625
3 0.265625 0.38125 0.0609375 0.0703125
3 0.82578125 0.09375 0.034375 0.0859375
3 0.51328125 0.35625 0.0609375 0.0515625
3 0.79921875 0.07421875 0.0390625 0.090625
3 0.01171875 0.24296875 0.0234375 0.0390625
3 0.8375 0.39765625 0.028125 0.034375
3 0.8625 0.41640625 0.028125 0.03125
3 0.7 0.50546875 0.0625 0.090625
3 0.38046875 0.1828125 0.025 0.0359375
3 0.20859375 0.13125 0.0203125 0.034375
3 0.2796875 0.15703125 0.0265625 0.0390625
3 0.36015625 0.1734375 0.0203125 0.0265625
3 0.88125 0.1828125 0.0296875 0.0328125
3 0.00859375 0.0984375 0.0171875 0.03125
3 0.33203125 0.1671875 0.021875 0.0328125
3 0.30625 0.159375 0.0234375 0.0328125
3 0.11328125 0.11328125 0.0234375 0.0328125
3 0.16640625 0.12578125 0.0234375 0.0375
3 0.2546875 0.12890625 0.0265625 0.0609375
3 0.23359375 0.1265625 0.021875 0.04375
3 0.1921875 0.11953125 0.025 0.05
3 0.1515625 0.109375 0.021875 0.0453125
3 0.0640625 0.08984375 0.0203125 0.046875
3 0.08046875 0.09140625 0.0171875 0.046875
3 0.0359375 0.08515625 0.01875 0.040625
3 0.0203125 0.09609375 0.0203125 0.04375
4 0.91015625 0.2703125 0.015625 0.021875
4 0.753125 0.3453125 0.0140625 0.0203125