3 0.609375 0.4015625 0.0578125 0.090625
3 0.1046875 0.29375 0.040625 0.0546875
3 0.50546875 0.04140625 0.0390625 0.0828125
3 0.54140625 0.06953125 0.0359375 0.090625
3 0.7765625 0.1140625 0.046875 0.0625
3 0.271875 0.36875 0.0578125 0.06875
3 0.846875 0.1109375 0.0296875 0.084375
3 0.52109375 0.35703125 0.059375 0.0484375
3 0.82109375 0.08984375 0.034375 0.0890625
3 0.0234375 0.21796875 0.0265625 0.0375
3 0.8421875 0.415625 0.0265625 0.034375
3 0.86640625 0.4359375 0.0265625 0.0296875
3 0.69921875 0.515625 0.0578125 0.0890625
3 0.396875 0.1765625 0.0234375 0.034375
3 0.22890625 0.11640625 0.01875 0.0328125
3 0.29765625 0.14609375 0.025 0.0375
3 0.37734375 0.16640625 0.0203125 0.0265625
3 0.89765625 0.203125 0.028125 0.03125
3 0.03046875 0.0734375 0.015625 0.0296875
3 0.35 0.15859375 0.0203125 0.03125
3 0.32421875 0.15 0.021875 0.03125
3 0.134375 0.09375 0.021875 0.03125
3 0.1859375 0.109375 0.021875 0.0359375
3 0.275 0.11640625 0.0234375 0.059375
3 0.25390625 0.11328125 0.01875 0.04375
3 0.2125 0.1046875 0.021875 0.0484375
3 0.17265625 0.09140625 0.0203125 0.0453125
3 0.0859375 0.0671875 0.01875 0.046875
3 0.10234375 0.06953125 0.015625 0.0453125
3 0.05859375 0.0609375 0.0171875 0.040625
3 0.00546875 0.05546875 0.0109375 0.0390625
3 0.04140625 0.07109375 0.0171875 0.04375
4 0.921875 0.2921875 0.0140625 0.0203125
4 0.7609375 0.35859375 0.0125 0.01875