3 0.6125 0.40546875 0.0546875 0.0890625
3 0.1125 0.28046875 0.0390625 0.05390625
3 0.52265625 0.04140625 0.0359375 0.0828125
3 0.55625 0.07109375 0.0328125 0.0890625
3 0.78984375 0.12421875 0.04453125 0.06171875
3 0.2765625 0.3609375 0.05546875 0.06640625
3 0.86015625 0.1234375 0.02734375 0.08359375
3 0.52578125 0.3578125 0.05703125 0.046875
3 0.83515625 0.1015625 0.03203125 0.08828125
3 0.03359375 0.2015625 0.02578125 0.03671875
3 0.8453125 0.42734375 0.02578125 0.0328125
3 0.86875 0.4484375 0.025 0.02890625
3 0.6984375 0.52265625 0.05546875 0.08671875
3 0.40859375 0.1734375 0.02265625 0.034375
3 0.2421875 0.10703125 0.01796875 0.0328125
3 0.31015625 0.1390625 0.0234375 0.03671875
3 0.3890625 0.1625 0.01875 0.02578125
3 0.9078125 0.2171875 0.02734375 0.03046875
3 0.0453125 0.05703125 0.01484375 0.0296875
3 0.36171875 0.15390625 0.01953125 0.03125
3 0.33671875 0.14375 0.0203125 0.03125
3 0.1484375 0.08125 0.0203125 0.03046875
3 0.2 0.0984375 0.02109375 0.0359375
3 0.28828125 0.10859375 0.021875 0.059375
3 0.2671875 0.1046875 0.01796875 0.04296875
3 0.2265625 0.09453125 0.0203125 0.0484375
3 0.18671875 0.08046875 0.01875 0.04453125
3 0.1015625 0.053125 0.01640625 0.04609375
3 0.11796875 0.05625 0.0140625 0.0453125
3 0.07421875 0.04609375 0.015625 0.03984375
3 0.01953125 0.03828125 0.0140625 0.03828125
3 0.05703125 0.05546875 0.01640625 0.04296875
4 0.92890625 0.30703125 0.0140625 0.0203125
4 0.765625 0.36796875 0.01171875 0.01875