3 0.51953125 0.0421875 0.03515625 0.084375
3 0.53359375 0.16640625 0.03203125 0.090625
3 0.55 0.36875 0.05078125 0.059375
3 0.6359375 0.43203125 0.05078125 0.08671875
3 0.7859375 0.11953125 0.0453125 0.05625
3 0.8328125 0.0953125 0.0296875 0.0953125
3 0.859375 0.1140625 0.0234375 0.1
3 0.43515625 0.390625 0.06171875 0.065625
3 0.13515625 0.28671875 0.04375 0.059375
3 0.01328125 0.2125 0.0265625 0.04375
3 0.04453125 0.05 0.0140625 0.05234375
3 0.0203125 0.0390625 0.0140625 0.04609375
3 0.05703125 0.0484375 0.01328125 0.0609375
3 0.07421875 0.046875 0.01328125 0.04375
3 0.1015625 0.0515625 0.01484375 0.05234375
3 0.11640625 0.05546875 0.01328125 0.0546875
3 0.1484375 0.0703125 0.01953125 0.0625
3 0.1859375 0.07109375 0.01796875 0.06796875
3 0.2015625 0.0859375 0.015625 0.06875
3 0.22421875 0.08515625 0.01875 0.06953125
3 0.2421875 0.09609375 0.01875 0.0625
3 0.26640625 0.10078125 0.01484375 0.06328125
3 0.2875 0.11328125 0.02109375 0.059375
3 0.30859375 0.121875 0.01875 0.07578125
3 0.33515625 0.12890625 0.01953125 0.06875
3 0.36015625 0.13828125 0.02109375 0.06953125
3 0.3859375 0.140625 0.015625 0.06875
3 0.40859375 0.15703125 0.0234375 0.0671875
3 0.84375 0.40078125 0.0234375 0.08828125
3 0.86875 0.41796875 0.0234375 0.07421875