3 0.5828125 0.04921875 0.046875 0.0890625
3 0.5796875 0.17421875 0.04375 0.09375
3 0.56796875 0.37734375 0.0578125 0.065625
3 0.64375 0.4515625 0.0625 0.0921875
3 0.8359375 0.16328125 0.053125 0.0625
3 0.8859375 0.1453125 0.0421875 0.0984375
3 0.909375 0.16796875 0.0375 0.1015625
3 0.45078125 0.3828125 0.0703125 0.0734375
3 0.16875 0.23828125 0.0515625 0.065625
3 0.0578125 0.14765625 0.0328125 0.046875
3 0.1109375 0.00859375 0.021875 0.0171875
3 0.1234375 0.0109375 0.021875 0.021875
3 0.140625 0.00703125 0.01875 0.0140625
3 0.1671875 0.01328125 0.021875 0.0265625
3 0.18203125 0.0171875 0.0203125 0.034375
3 0.2109375 0.02890625 0.028125 0.0578125
3 0.24765625 0.0328125 0.0265625 0.065625
3 0.26171875 0.0484375 0.025 0.0703125
3 0.284375 0.05078125 0.028125 0.071875
3 0.30078125 0.0640625 0.0265625 0.0640625
3 0.32421875 0.071875 0.0234375 0.0640625
3 0.34375 0.0875 0.0296875 0.0625
3 0.36328125 0.09921875 0.0296875 0.078125
3 0.38828125 0.109375 0.0296875 0.0703125
3 0.41171875 0.12265625 0.03125 0.071875
3 0.43671875 0.128125 0.025 0.0703125
3 0.45703125 0.14765625 0.0328125 0.0703125
3 0.85390625 0.44921875 0.0359375 0.090625
3 0.8765625 0.4703125 0.0328125 0.0765625