3 0.5984375 0.05234375 0.05 0.0890625
3 0.590625 0.17734375 0.046875 0.0953125
3 0.571875 0.3796875 0.0609375 0.0671875
3 0.6453125 0.45703125 0.065625 0.09375
3 0.84765625 0.175 0.0546875 0.0625
3 0.89765625 0.159375 0.0453125 0.0984375
3 0.92109375 0.18203125 0.040625 0.103125
3 0.45546875 0.38125 0.071875 0.075
3 0.178125 0.2265625 0.053125 0.065625
3 0.0703125 0.13203125 0.034375 0.0484375
3 0.18515625 0.0078125 0.0234375 0.015625
3 0.1984375 0.01171875 0.021875 0.0234375
3 0.22734375 0.02421875 0.0296875 0.0484375
3 0.26484375 0.02890625 0.0296875 0.0578125
3 0.278125 0.040625 0.0265625 0.0703125
3 0.30078125 0.04375 0.03125 0.071875
3 0.31640625 0.0578125 0.0296875 0.0640625
3 0.3390625 0.06640625 0.025 0.065625
3 0.3578125 0.08203125 0.03125 0.0625
3 0.37734375 0.09453125 0.03125 0.078125
3 0.40234375 0.10625 0.03125 0.071875
3 0.425 0.11953125 0.0328125 0.071875
3 0.45 0.1265625 0.0265625 0.0703125
3 0.46953125 0.14609375 0.034375 0.0703125
3 0.85546875 0.46171875 0.0390625 0.090625
3 0.87734375 0.48359375 0.0359375 0.0765625