3 0.5515625 0.04453125 0.040625 0.0859375
3 0.55703125 0.16953125 0.0375 0.0921875
3 0.559375 0.37265625 0.0546875 0.0625
3 0.640625 0.44140625 0.05625 0.090625
3 0.81171875 0.140625 0.0484375 0.059375
3 0.86015625 0.11953125 0.0359375 0.096875
3 0.88515625 0.13984375 0.0296875 0.1015625
3 0.44296875 0.38671875 0.065625 0.0703125
3 0.15078125 0.26171875 0.0484375 0.0625
3 0.034375 0.17890625 0.0296875 0.0453125
3 0.07734375 0.02265625 0.0171875 0.0453125
3 0.05390625 0.01484375 0.0171875 0.0296875
3 0.08984375 0.02421875 0.0171875 0.0484375
3 0.10625 0.0203125 0.015625 0.040625
3 0.1328125 0.02578125 0.01875 0.0515625
3 0.1484375 0.0296875 0.0171875 0.05625
3 0.17890625 0.046875 0.0234375 0.0640625
3 0.21640625 0.05 0.0234375 0.06875
3 0.23125 0.06640625 0.0203125 0.0703125
3 0.25390625 0.0671875 0.0234375 0.0703125
3 0.27109375 0.07890625 0.0234375 0.0640625
3 0.29453125 0.08515625 0.01875 0.0640625
3 0.31484375 0.09921875 0.025 0.0609375
3 0.33515625 0.109375 0.0234375 0.0765625
3 0.36171875 0.11796875 0.025 0.0703125
3 0.3859375 0.1296875 0.0265625 0.0703125
3 0.4109375 0.13359375 0.0203125 0.0703125
3 0.4328125 0.1515625 0.028125 0.06875
3 0.85 0.425 0.0296875 0.0890625
3 0.8734375 0.44375 0.028125 0.075