3 0.4734375 0.3046875 0.0453125 0.0953125
3 0.4796875 0.0375 0.040625 0.075
3 0.74921875 0.0921875 0.0515625 0.0671875
3 0.928125 0.62265625 0.0484375 0.0578125
3 0.3546875 0.359375 0.059375 0.05625
3 0.234375 0.34296875 0.053125 0.0609375
3 0.11953125 0.3109375 0.04375 0.0484375
3 0.79453125 0.0671875 0.034375 0.0890625
3 0.8203125 0.0859375 0.0265625 0.0875
3 0.828125 0.38671875 0.0265625 0.0390625
3 0.85859375 0.40703125 0.025 0.0328125
3 0.37578125 0.17109375 0.025 0.04375
3 0.3546875 0.16484375 0.01875 0.028125
3 0.3296875 0.153125 0.021875 0.0390625
3 0.303125 0.14609375 0.0265625 0.04375
3 0.2765625 0.1453125 0.0265625 0.046875
3 0.25234375 0.13203125 0.0234375 0.0421875
3 0.23203125 0.125 0.021875 0.034375
3 0.20859375 0.11875 0.0234375 0.0484375
3 0.190625 0.11484375 0.0234375 0.0375
3 0.16796875 0.1140625 0.0234375 0.0546875
3 0.1515625 0.1046875 0.0203125 0.04375
3 0.115625 0.1 0.021875 0.040625
3 0.08359375 0.08984375 0.0171875 0.0375
3 0.0671875 0.08828125 0.0203125 0.0375
3 0.040625 0.08125 0.01875 0.03125
3 0.02578125 0.0875 0.01875 0.0453125
3 0.01328125 0.0859375 0.0171875 0.04375
3 0.871875 0.16484375 0.025 0.0390625