3 0.78515625 0.7859375 0.0546875 0.065625
3 0.2921875 0.3921875 0.05625 0.0625
3 0.46171875 0.03828125 0.0453125 0.0765625
3 0.73515625 0.0921875 0.053125 0.06875
3 0.40859375 0.3640625 0.0640625 0.053125
3 0.80625 0.0828125 0.0375 0.0875
3 0.78046875 0.065625 0.0421875 0.09375
3 0.828125 0.38828125 0.034375 0.0375
3 0.853125 0.40625 0.028125 0.0328125
3 0.19296875 0.12578125 0.021875 0.034375
3 0.1359375 0.1140625 0.025 0.0328125
3 0.315625 0.16015625 0.0234375 0.0328125
3 0.23984375 0.1359375 0.025 0.0328125
3 0.86171875 0.16796875 0.0234375 0.0296875
3 0.17578125 0.1234375 0.025 0.034375
3 0.0984375 0.11015625 0.025 0.034375
3 0.34296875 0.16640625 0.021875 0.028125
3 0.00234375 0.09296875 0.0046875 0.0328125
3 0.3640625 0.17734375 0.028125 0.0375
3 0.05 0.09765625 0.0203125 0.025
3 0.290625 0.1515625 0.0234375 0.03125
3 0.02265625 0.09140625 0.015625 0.028125
3 0.2609375 0.1484375 0.025 0.040625
3 0.21796875 0.128125 0.021875 0.0375
3 0.15390625 0.1203125 0.0265625 0.0421875
3 0.06640625 0.10078125 0.0171875 0.0265625
3 0.0078125 0.0921875 0.015625 0.034375