3 0.75390625 0.8140625 0.0484375 0.0625
3 0.3046875 0.37109375 0.0515625 0.0578125
3 0.51015625 0.03671875 0.0375 0.0734375
3 0.7765625 0.11953125 0.046875 0.0640625
3 0.4234375 0.35546875 0.059375 0.046875
3 0.8484375 0.1171875 0.028125 0.084375
3 0.82421875 0.09765625 0.0328125 0.090625
3 0.8375 0.42265625 0.0296875 0.034375
3 0.8609375 0.44375 0.025 0.03125
3 0.23359375 0.09609375 0.01875 0.0328125
3 0.17890625 0.078125 0.021875 0.03125
3 0.35234375 0.14296875 0.0203125 0.03125
3 0.27890625 0.1109375 0.021875 0.03125
3 0.89453125 0.2078125 0.0203125 0.028125
3 0.2171875 0.09140625 0.021875 0.03125
3 0.14140625 0.0703125 0.021875 0.0328125
3 0.37890625 0.15234375 0.0203125 0.0265625
3 0.03984375 0.04296875 0.0171875 0.03125
3 0.3984375 0.16484375 0.0234375 0.034375
3 0.09453125 0.053125 0.0171875 0.0234375
3 0.328125 0.13203125 0.0203125 0.0296875
3 0.06796875 0.04375 0.0125 0.0265625
3 0.01328125 0.03359375 0.0140625 0.028125
3 0.29921875 0.125 0.0203125 0.0390625
3 0.25859375 0.10078125 0.01875 0.0359375
3 0.1953125 0.08671875 0.021875 0.040625
3 0.11015625 0.0578125 0.0140625 0.025
3 0.0515625 0.04375 0.0171875 0.0328125