3 0.7140625 0.84296875 0.053125 0.065625
3 0.321875 0.3484375 0.05625 0.0609375
3 0.56640625 0.04140625 0.04375 0.0765625
3 0.8203125 0.15546875 0.0515625 0.06875
3 0.44140625 0.346875 0.0625 0.0515625
3 0.8921875 0.1625 0.0359375 0.0875
3 0.87109375 0.13984375 0.040625 0.09375
3 0.84453125 0.46484375 0.0328125 0.0375
3 0.86484375 0.48828125 0.028125 0.0328125
3 0.284375 0.06640625 0.021875 0.034375
3 0.23203125 0.0421875 0.025 0.0328125
3 0.396875 0.128125 0.0234375 0.0328125
3 0.328125 0.08671875 0.025 0.0328125
3 0.9265625 0.2578125 0.021875 0.0296875
3 0.26875 0.06015625 0.025 0.0328125
3 0.196875 0.0296875 0.025 0.034375
3 0.42265625 0.13984375 0.021875 0.028125
3 0.440625 0.15546875 0.0265625 0.0359375
3 0.15234375 0.009375 0.0203125 0.01875
3 0.37421875 0.11328125 0.0234375 0.03125
3 0.1265625 0.00390625 0.015625 0.0078125
3 0.34609375 0.10390625 0.0234375 0.040625
3 0.309375 0.07421875 0.021875 0.0375
3 0.24765625 0.05234375 0.025 0.0421875
3 0.1671875 0.01328125 0.0171875 0.0265625
3 0.11015625 0.0046875 0.0203125 0.009375