3 0.7703125 0.80078125 0.0515625 0.0640625
3 0.2984375 0.38203125 0.053125 0.059375
3 0.4859375 0.03671875 0.040625 0.0734375
3 0.75625 0.10546875 0.05 0.0671875
3 0.415625 0.359375 0.0609375 0.05
3 0.82734375 0.1 0.0328125 0.0859375
3 0.803125 0.08125 0.0375 0.0921875
3 0.83359375 0.40546875 0.03125 0.0359375
3 0.85703125 0.425 0.0265625 0.0328125
3 0.2125 0.11015625 0.0203125 0.034375
3 0.15703125 0.0953125 0.0234375 0.03125
3 0.33359375 0.1515625 0.021875 0.0328125
3 0.259375 0.12265625 0.0234375 0.03125
3 0.878125 0.1875 0.021875 0.0296875
3 0.19609375 0.10703125 0.0234375 0.0328125
3 0.11953125 0.08984375 0.0234375 0.034375
3 0.3609375 0.15859375 0.021875 0.0265625
3 0.01640625 0.06796875 0.01875 0.0328125
3 0.38125 0.17109375 0.025 0.0359375
3 0.071875 0.075 0.01875 0.025
3 0.30859375 0.14140625 0.021875 0.03125
3 0.04453125 0.06640625 0.0140625 0.028125
3 0.2796875 0.13671875 0.0234375 0.0390625
3 0.23828125 0.1140625 0.0203125 0.0375
3 0.17421875 0.103125 0.0234375 0.0421875
3 0.0875 0.07890625 0.015625 0.0265625
3 0.028125 0.06796875 0.01875 0.034375