3 0.4390625 0.040625 0.0484375 0.078125
3 0.34140625 0.4046875 0.0609375 0.0625
3 0.8046875 0.93203125 0.0375 0.046875
3 0.1 0.3296875 0.0453125 0.0546875
3 0.7171875 0.08125 0.05625 0.071875
3 0.75859375 0.0484375 0.0421875 0.0953125
3 0.78671875 0.06484375 0.0359375 0.0859375
3 0.821875 0.365625 0.03125 0.053125
3 0.85234375 0.37734375 0.0296875 0.046875
3 0.29609375 0.16328125 0.0265625 0.0453125
3 0.26875 0.15390625 0.0265625 0.0453125
3 0.3234375 0.16484375 0.0265625 0.05
3 0.34609375 0.1734375 0.03125 0.059375
3 0.240625 0.15390625 0.03125 0.0546875
3 0.21953125 0.14140625 0.0265625 0.0453125
3 0.17109375 0.1296875 0.025 0.05
3 0.15390625 0.128125 0.0265625 0.053125
3 0.13125 0.1328125 0.025 0.0515625
3 0.1140625 0.1234375 0.0234375 0.053125
3 0.0765625 0.1203125 0.0265625 0.0515625
3 0.0421875 0.10859375 0.0203125 0.046875
3 0.02578125 0.10703125 0.021875 0.0453125
3 0.00390625 0.10390625 0.0078125 0.0390625