3 0.6 0.046875 0.0484375 0.078125
3 0.38359375 0.35625 0.0609375 0.0625
3 0.6375 0.99296875 0.0375 0.0140625
3 0.1828125 0.203125 0.0453125 0.0546875
3 0.84765625 0.18046875 0.05625 0.071875
3 0.896875 0.1640625 0.0421875 0.0953125
3 0.91796875 0.1890625 0.0359375 0.0859375
3 0.8484375 0.48359375 0.03125 0.053125
3 0.87265625 0.50546875 0.0296875 0.046875
3 0.4234375 0.1140625 0.0265625 0.0453125
3 0.40078125 0.0953125 0.0265625 0.0453125
3 0.4484375 0.12421875 0.0265625 0.05
3 0.4671875 0.140625 0.03125 0.059375
3 0.375 0.0859375 0.03125 0.0546875
3 0.35859375 0.0671875 0.0265625 0.0453125
3 0.31796875 0.03984375 0.025 0.05
3 0.3015625 0.03203125 0.0265625 0.053125
3 0.27890625 0.02890625 0.025 0.0515625
3 0.26640625 0.0203125 0.0234375 0.040625
3 0.23203125 0.01171875 0.0265625 0.0234375