3 0.4703125 0.0375 0.04375 0.075
3 0.3484375 0.39453125 0.0578125 0.059375
3 0.7734375 0.95234375 0.034375 0.0453125
3 0.11328125 0.3015625 0.0421875 0.0515625
3 0.74609375 0.096875 0.0515625 0.06875
3 0.7890625 0.0671875 0.0375 0.09375
3 0.81640625 0.0859375 0.03125 0.084375
3 0.83046875 0.38828125 0.028125 0.0515625
3 0.859375 0.40234375 0.0265625 0.0453125
3 0.3203125 0.15 0.0234375 0.0453125
3 0.29296875 0.13828125 0.0234375 0.0453125
3 0.34765625 0.153125 0.0234375 0.0484375
3 0.36953125 0.16328125 0.0265625 0.0578125
3 0.265625 0.13671875 0.0265625 0.0546875
3 0.2453125 0.12265625 0.025 0.04375
3 0.19765625 0.1078125 0.021875 0.0484375
3 0.18046875 0.1046875 0.0234375 0.053125
3 0.1578125 0.1078125 0.021875 0.0515625
3 0.14140625 0.096875 0.0203125 0.0515625
3 0.1046875 0.09140625 0.0234375 0.05
3 0.0703125 0.07734375 0.0171875 0.0453125
3 0.0546875 0.075 0.01875 0.0453125
3 0.0265625 0.0703125 0.0171875 0.0375
3 0.003125 0.078125 0.00625 0.04375
3 0.01171875 0.08046875 0.01875 0.040625