3 0.57734375 0.04375 0.04375 0.078125
3 0.45703125 0.4359375 0.0484375 0.1
3 0.8328125 0.16171875 0.053125 0.06875
3 0.90390625 0.1703125 0.0359375 0.0859375
3 0.8828125 0.14609375 0.04375 0.09375
3 0.84921875 0.4734375 0.028125 0.0375
3 0.86953125 0.49765625 0.0296875 0.0359375
3 0.290625 0.0625 0.021875 0.0359375
3 0.93828125 0.26796875 0.025 0.03125
3 0.403125 0.12578125 0.021875 0.03125
3 0.446875 0.15078125 0.025 0.0359375
3 0.4296875 0.13984375 0.021875 0.028125
3 0.20234375 0.02421875 0.021875 0.034375
3 0.353125 0.1015625 0.025 0.0390625
3 0.275 0.05625 0.0234375 0.0328125
3 0.38046875 0.11171875 0.0234375 0.03125
3 0.23828125 0.03828125 0.0203125 0.0328125
3 0.33515625 0.08515625 0.0234375 0.03125
3 0.25234375 0.04921875 0.0234375 0.0375
3 0.171875 0.009375 0.01875 0.01875
3 0.95859375 0.27578125 0.0234375 0.05
3 0.31484375 0.07578125 0.021875 0.0296875
3 0.4703125 0.1640625 0.01875 0.0296875
4 0.77734375 0.40625 0.0125 0.021875
4 0.70390625 0.7578125 0.009375 0.0171875
4 0.3171875 0.74140625 0.0109375 0.0171875
4 0.31328125 0.75703125 0.0140625 0.0171875
3 0.15859375 0.00625 0.0203125 0.0125