3 0.52109375 0.0375 0.03515625 0.075
3 0.44921875 0.44140625 0.03671875 0.09609375
3 0.7890625 0.1234375 0.0453125 0.06328125
3 0.8609375 0.1234375 0.0265625 0.0828125
3 0.83671875 0.10234375 0.0328125 0.08984375
3 0.84375 0.43125 0.0234375 0.034375
3 0.86640625 0.45234375 0.02578125 0.0328125
3 0.2390625 0.09140625 0.01796875 0.034375
3 0.90703125 0.21640625 0.021875 0.02890625
3 0.35859375 0.140625 0.01875 0.0296875
3 0.4046875 0.16015625 0.02109375 0.034375
3 0.3859375 0.15078125 0.01875 0.0265625
3 0.146875 0.0640625 0.01875 0.03203125
3 0.30546875 0.12265625 0.0203125 0.03671875
3 0.22265625 0.08671875 0.0203125 0.03125
3 0.334375 0.12890625 0.01953125 0.02890625
3 0.05625 0.040625 0.01953125 0.0296875
3 0.18359375 0.0734375 0.0171875 0.03046875
3 0.2859375 0.10859375 0.01953125 0.0296875
3 0.04375 0.0390625 0.0125 0.0265625
3 0.19921875 0.0828125 0.01875 0.0359375
3 0.11484375 0.04609375 0.015625 0.03046875
3 0.01875 0.025 0.015625 0.0328125
3 0.0734375 0.03671875 0.01328125 0.0203125
3 0.928125 0.221875 0.0171875 0.0484375
3 0.26484375 0.1015625 0.01796875 0.02734375
3 0.4296875 0.1703125 0.015625 0.028125
4 0.7640625 0.3734375 0.01015625 0.02109375
4 0.73359375 0.73125 0.0078125 0.01640625
4 0.34765625 0.76171875 0.00859375 0.015625
4 0.34609375 0.778125 0.01171875 0.015625
3 0.1 0.0359375 0.01484375 0.0421875