3 0.4328125 0.0421875 0.0484375 0.0796875
3 0.4390625 0.45234375 0.0546875 0.1015625
3 0.71171875 0.075 0.05625 0.0703125
3 0.7828125 0.06171875 0.0421875 0.0859375
3 0.7546875 0.04609375 0.05 0.0921875
3 0.82421875 0.3671875 0.0296875 0.0375
3 0.85078125 0.38359375 0.03125 0.0375
3 0.165625 0.1484375 0.0234375 0.0375
3 0.8453125 0.14375 0.0265625 0.0328125
3 0.29296875 0.17421875 0.0234375 0.0328125
3 0.34140625 0.184375 0.0265625 0.0375
3 0.32109375 0.17890625 0.0234375 0.0296875
3 0.0703125 0.1390625 0.025 0.034375
3 0.23671875 0.16640625 0.0265625 0.040625
3 0.14921875 0.146875 0.0265625 0.034375
3 0.26640625 0.1671875 0.025 0.0328125
3 0.1078125 0.14140625 0.0234375 0.0328125
3 0.21484375 0.15625 0.025 0.0328125
3 0.125 0.14765625 0.025 0.0390625
3 0.03515625 0.128125 0.021875 0.0328125
3 0.8671875 0.1453125 0.0265625 0.0515625
3 0.19296875 0.15390625 0.0234375 0.0296875
3 0.36796875 0.18984375 0.0203125 0.03125
4 0.73515625 0.325 0.0140625 0.021875
4 0.7734375 0.6828125 0.0109375 0.0171875
4 0.40078125 0.7859375 0.0109375 0.0171875
4 0.40234375 0.80234375 0.0140625 0.0171875
3 0.01875 0.12109375 0.021875 0.04375