3 0.4484375 0.040625 0.046875 0.08125
3 0.4359375 0.546875 0.0484375 0.10625
3 0.728125 0.08515625 0.0546875 0.071875
3 0.7703125 0.05703125 0.0421875 0.096875
3 0.8 0.07421875 0.034375 0.0890625
3 0.8546875 0.14765625 0.025 0.0421875
3 0.8265625 0.36875 0.034375 0.0515625
3 0.8578125 0.3875 0.028125 0.04375
4 0.7421875 0.3390625 0.015625 0.0265625
4 0.40390625 0.79453125 0.0125 0.0171875
4 0.4046875 0.8109375 0.0125 0.0171875
3 0.00703125 0.10546875 0.0140625 0.0328125
3 0.03203125 0.1140625 0.01875 0.03125
3 0.04921875 0.115625 0.015625 0.0265625
3 0.084375 0.12265625 0.025 0.0390625
3 0.1203125 0.125 0.0234375 0.0390625
3 0.1375 0.13359375 0.0265625 0.053125
3 0.1609375 0.13203125 0.025 0.0484375
3 0.18125 0.1359375 0.0265625 0.05
3 0.20390625 0.13828125 0.021875 0.0421875
3 0.228125 0.14140625 0.028125 0.04375
3 0.24921875 0.15234375 0.028125 0.0546875
3 0.27734375 0.153125 0.028125 0.0515625
3 0.303125 0.16328125 0.028125 0.053125
3 0.33046875 0.1625 0.0234375 0.0484375
3 0.353125 0.1765625 0.0328125 0.053125