3 0.45546875 0.03984375 0.0453125 0.0796875
3 0.43515625 0.5453125 0.046875 0.10625
3 0.7359375 0.0890625 0.053125 0.071875
3 0.77734375 0.06171875 0.040625 0.0953125
3 0.80703125 0.0796875 0.0328125 0.0890625
3 0.8609375 0.15390625 0.0234375 0.040625
3 0.82890625 0.37421875 0.0328125 0.0515625
3 0.859375 0.39375 0.0265625 0.04375
4 0.74453125 0.34296875 0.015625 0.0265625
4 0.39921875 0.79296875 0.0125 0.0171875
4 0.39921875 0.809375 0.0125 0.0171875
3 0.00234375 0.10546875 0.0046875 0.0390625
3 0.01171875 0.096875 0.01875 0.0328125
3 0.0390625 0.10546875 0.01875 0.03125
3 0.05625 0.1078125 0.015625 0.0265625
3 0.090625 0.115625 0.0234375 0.0390625
3 0.1265625 0.11875 0.021875 0.0390625
3 0.14375 0.12734375 0.025 0.053125
3 0.1671875 0.1265625 0.025 0.046875
3 0.1875 0.13046875 0.025 0.05
3 0.21015625 0.1328125 0.021875 0.0421875
3 0.234375 0.13671875 0.028125 0.04375
3 0.25546875 0.14765625 0.028125 0.0546875
3 0.28359375 0.14921875 0.028125 0.0515625
3 0.309375 0.16015625 0.0265625 0.0515625
3 0.3359375 0.159375 0.0234375 0.0484375
3 0.35859375 0.17421875 0.03125 0.053125