3 0.57734375 0.04453125 0.04375 0.0796875
3 0.42578125 0.52734375 0.0453125 0.10625
3 0.834375 0.1640625 0.0515625 0.0703125
3 0.88125 0.1484375 0.0390625 0.0953125
3 0.90546875 0.1734375 0.03125 0.0890625
3 0.93828125 0.259375 0.0234375 0.040625
3 0.85 0.46328125 0.0328125 0.05
3 0.875 0.48984375 0.0265625 0.04375
4 0.7765625 0.41171875 0.0140625 0.0265625
4 0.3265625 0.75625 0.0125 0.0171875
4 0.32265625 0.77265625 0.0125 0.0171875
3 0.15625 0.0078125 0.01875 0.015625
3 0.17265625 0.009375 0.0140625 0.01875
3 0.2046875 0.02265625 0.0234375 0.0390625
3 0.23828125 0.03515625 0.021875 0.0390625
3 0.25234375 0.04765625 0.025 0.053125
3 0.27578125 0.053125 0.0234375 0.046875
3 0.29375 0.0625 0.025 0.05
3 0.31484375 0.0703125 0.021875 0.0421875
3 0.3375 0.08046875 0.0265625 0.04375
3 0.35546875 0.096875 0.0265625 0.0546875
3 0.38125 0.10546875 0.0265625 0.0515625
3 0.40390625 0.121875 0.0265625 0.0515625
3 0.4296875 0.12890625 0.021875 0.0484375
3 0.44765625 0.14921875 0.03125 0.053125