3 0.60078125 0.04921875 0.0484375 0.08125
3 0.42421875 0.5234375 0.0515625 0.10625
3 0.8515625 0.18203125 0.0546875 0.071875
3 0.89921875 0.16875 0.04375 0.096875
3 0.921875 0.1953125 0.0359375 0.0890625
3 0.95 0.2828125 0.025 0.0421875
3 0.8515625 0.48203125 0.034375 0.0515625
3 0.875 0.51015625 0.028125 0.04375
4 0.78125 0.4265625 0.015625 0.0265625
4 0.31328125 0.746875 0.0140625 0.0171875
4 0.30859375 0.76328125 0.0125 0.0171875
3 0.2296875 0.01328125 0.025 0.0265625
3 0.26328125 0.021875 0.0234375 0.040625
3 0.2765625 0.03515625 0.0265625 0.053125
3 0.29921875 0.04140625 0.0265625 0.0484375
3 0.3171875 0.05234375 0.0265625 0.0515625
3 0.3375 0.0609375 0.0234375 0.0421875
3 0.359375 0.071875 0.028125 0.0453125
3 0.3765625 0.08984375 0.0296875 0.0546875
3 0.40234375 0.1 0.0296875 0.0515625
3 0.4234375 0.11796875 0.028125 0.053125
3 0.44921875 0.125 0.025 0.0484375
3 0.46640625 0.146875 0.0328125 0.053125