3 0.60078125 0.05 0.0484375 0.0828125
3 0.41875 0.69375 0.0625 0.1
3 0.85078125 0.4765625 0.0359375 0.0765625
3 0.87578125 0.49609375 0.0359375 0.0828125
3 0.84921875 0.1828125 0.0515625 0.065625
3 0.89765625 0.1734375 0.0453125 0.0984375
3 0.921875 0.19609375 0.0375 0.0890625
3 0.425 0.11796875 0.028125 0.040625
3 0.40390625 0.09765625 0.0265625 0.0484375
3 0.35859375 0.06953125 0.0296875 0.053125
3 0.3765625 0.08125 0.03125 0.0640625
3 0.31875 0.0375 0.028125 0.0640625
3 0.303125 0.03125 0.03125 0.0625
3 0.26328125 0.01796875 0.0265625 0.0359375
3 0.27890625 0.02734375 0.0296875 0.0546875
3 0.23203125 0.0140625 0.0265625 0.028125
4 0.7140625 0.69296875 0.0234375 0.040625