3 0.440625 0.0421875 0.0484375 0.0828125
3 0.48984375 0.709375 0.0625 0.1
3 0.821875 0.3578125 0.0359375 0.0765625
3 0.85234375 0.36796875 0.0359375 0.0828125
3 0.71953125 0.08203125 0.0515625 0.065625
3 0.7625 0.05703125 0.0453125 0.0984375
3 0.7921875 0.0703125 0.0375 0.0890625
3 0.29921875 0.16640625 0.028125 0.040625
3 0.271875 0.1546875 0.0265625 0.0484375
3 0.21953125 0.14375 0.0296875 0.053125
3 0.240625 0.14921875 0.03125 0.0640625
3 0.171875 0.12734375 0.028125 0.0640625
3 0.153125 0.11953125 0.03125 0.078125
3 0.109375 0.1171875 0.0265625 0.059375
3 0.12734375 0.1234375 0.0296875 0.0734375
3 0.00390625 0.109375 0.0078125 0.04375
3 0.02421875 0.11015625 0.0203125 0.05
3 0.04140625 0.1125 0.021875 0.0453125
3 0.0765625 0.11796875 0.0265625 0.0640625
4 0.7671875 0.60859375 0.0234375 0.040625