3 0.52109375 0.0390625 0.03515625 0.078125
3 0.45390625 0.7046875 0.04765625 0.09375
3 0.84140625 0.415625 0.0234375 0.07421875
3 0.86953125 0.43125 0.021875 0.08046875
3 0.7890625 0.1265625 0.04140625 0.05859375
3 0.83515625 0.109375 0.02890625 0.09453125
3 0.8625 0.12734375 0.0234375 0.08671875
3 0.36015625 0.13671875 0.021875 0.0375
3 0.33515625 0.1203125 0.01875 0.04609375
3 0.2859375 0.10078125 0.021875 0.05
3 0.30546875 0.109375 0.02109375 0.06171875
3 0.24140625 0.07578125 0.0171875 0.0625
3 0.22421875 0.06484375 0.01796875 0.07578125
3 0.18203125 0.05546875 0.01640625 0.0578125
3 0.1984375 0.0640625 0.0171875 0.071875
3 0.01796875 0.02109375 0.0140625 0.03125
3 0.0421875 0.03046875 0.0140625 0.04375
3 0.071875 0.02890625 0.015625 0.04140625
3 0.09921875 0.03359375 0.0125 0.0484375
3 0.115625 0.0390625 0.0140625 0.04296875
3 0.14921875 0.05 0.01640625 0.06171875
4 0.74453125 0.653125 0.01640625 0.03828125