3 0.48671875 0.36015625 0.0453125 0.103125
3 0.55546875 0.0453125 0.0421875 0.0859375
3 0.67578125 0.50859375 0.065625 0.09375
3 0.425 0.60625 0.0328125 0.1046875
3 0.59453125 0.7890625 0.059375 0.0484375
3 0.81328125 0.153125 0.0484375 0.0609375
3 0.88515625 0.1546875 0.0328125 0.0875
3 0.86328125 0.1328125 0.0390625 0.0921875
3 0.84921875 0.4609375 0.0296875 0.0375
3 0.86953125 0.48125 0.028125 0.0328125
3 0.43046875 0.16640625 0.025 0.034375
3 0.90390625 0.17109375 0.0234375 0.096875
3 0.26953125 0.0859375 0.0203125 0.0328125
3 0.1796875 0.05078125 0.0203125 0.0296875
3 0.3859375 0.14296875 0.0203125 0.0328125
3 0.3609375 0.1296875 0.021875 0.03125
3 0.31484375 0.1046875 0.0203125 0.0328125
3 0.0796875 0.01953125 0.01875 0.03125
3 0.41171875 0.15546875 0.01875 0.0265625
3 0.05390625 0.009375 0.0171875 0.01875
3 0.23125 0.075 0.021875 0.034375
3 0.33515625 0.11953125 0.0234375 0.0359375
3 0.1046875 0.0203125 0.01875 0.0234375
3 0.253125 0.0796875 0.021875 0.0328125
3 0.921875 0.2515625 0.0265625 0.0328125
3 0.14609375 0.034375 0.01875 0.025
3 0.215625 0.06328125 0.01875 0.0296875
3 0.13203125 0.0296875 0.0171875 0.0234375
3 0.29453125 0.08671875 0.0234375 0.04375
4 0.77578125 0.41015625 0.0109375 0.015625
4 0.7734375 0.40234375 0.0109375 0.015625