3 0.47734375 0.36171875 0.0390625 0.1
3 0.5234375 0.0421875 0.0359375 0.084375
3 0.67578125 0.49609375 0.059375 0.08984375
3 0.4328125 0.6109375 0.02578125 0.103125
3 0.61484375 0.78203125 0.05703125 0.0453125
3 0.78828125 0.13203125 0.04453125 0.05859375
3 0.86015625 0.12890625 0.02734375 0.08515625
3 0.83671875 0.10859375 0.0328125 0.08984375
3 0.8453125 0.43671875 0.02734375 0.03515625
3 0.8671875 0.45546875 0.0265625 0.03046875
3 0.40703125 0.171875 0.0234375 0.03359375
3 0.8796875 0.14375 0.0171875 0.0953125
3 0.24140625 0.103125 0.01796875 0.03203125
3 0.14921875 0.07421875 0.01875 0.02890625
3 0.3609375 0.1515625 0.01796875 0.03125
3 0.33515625 0.140625 0.01953125 0.0296875
3 0.2875 0.11875 0.01875 0.03125
3 0.046875 0.05 0.01640625 0.0296875
3 0.38828125 0.1625 0.0171875 0.025
3 0.0203125 0.03203125 0.0140625 0.03828125
3 0.20234375 0.09453125 0.01953125 0.03359375
3 0.309375 0.13203125 0.02109375 0.03515625
3 0.071875 0.04921875 0.0171875 0.021875
3 0.22421875 0.09765625 0.01953125 0.03125
3 0.903125 0.22265625 0.02421875 0.03046875
3 0.11484375 0.06015625 0.0171875 0.0234375
3 0.1859375 0.084375 0.0171875 0.028125
3 0.1 0.05625 0.01640625 0.021875
3 0.26640625 0.10234375 0.0203125 0.04296875
4 0.76875 0.39140625 0.009375 0.01484375
4 0.765625 0.38359375 0.009375 0.01484375