3 0.484375 0.3609375 0.04375 0.1015625
3 0.54765625 0.04375 0.040625 0.0859375
3 0.67578125 0.50546875 0.0640625 0.0921875
3 0.42734375 0.60703125 0.03125 0.1046875
3 0.6 0.7875 0.059375 0.0484375
3 0.80703125 0.14765625 0.046875 0.0609375
3 0.87890625 0.1484375 0.03125 0.0859375
3 0.85703125 0.1265625 0.0375 0.0921875
3 0.8484375 0.4546875 0.0296875 0.0359375
3 0.86875 0.475 0.028125 0.03125
3 0.42421875 0.1671875 0.025 0.034375
3 0.89765625 0.1640625 0.021875 0.0953125
3 0.2625 0.08984375 0.0203125 0.0328125
3 0.171875 0.05625 0.0203125 0.0296875
3 0.3796875 0.14453125 0.0203125 0.0328125
3 0.35390625 0.1328125 0.0203125 0.03125
3 0.3078125 0.1078125 0.0203125 0.0328125
3 0.07109375 0.0265625 0.0171875 0.03125
3 0.40625 0.15703125 0.01875 0.0265625
3 0.0453125 0.01328125 0.015625 0.0265625
3 0.22421875 0.0796875 0.021875 0.034375
3 0.32890625 0.12265625 0.0234375 0.0359375
3 0.09609375 0.02734375 0.01875 0.0234375
3 0.2453125 0.08359375 0.021875 0.0328125
3 0.9171875 0.24375 0.025 0.03125
3 0.13828125 0.040625 0.01875 0.025
3 0.2078125 0.06875 0.01875 0.0296875
3 0.1234375 0.0359375 0.0171875 0.0234375
3 0.2875 0.090625 0.021875 0.04375
4 0.77421875 0.40546875 0.009375 0.015625
4 0.77109375 0.39765625 0.009375 0.015625