3 0.4703125 0.36328125 0.04375 0.1015625
3 0.4984375 0.0421875 0.040625 0.084375
3 0.675 0.48671875 0.0640625 0.0921875
3 0.4390625 0.6140625 0.03125 0.1046875
3 0.6296875 0.77578125 0.059375 0.0484375
3 0.76875 0.1171875 0.046875 0.0609375
3 0.840625 0.1109375 0.03125 0.0859375
3 0.815625 0.09140625 0.0375 0.0921875
3 0.84140625 0.41875 0.0296875 0.0359375
3 0.8640625 0.4359375 0.028125 0.03125
3 0.38984375 0.17734375 0.025 0.034375
3 0.86015625 0.12421875 0.021875 0.0953125
3 0.22109375 0.1171875 0.0203125 0.0328125
3 0.12734375 0.09296875 0.0203125 0.0296875
3 0.34296875 0.159375 0.0203125 0.0328125
3 0.31640625 0.15 0.0203125 0.03125
3 0.26796875 0.13046875 0.0203125 0.0328125
3 0.02421875 0.07421875 0.0171875 0.03125
3 0.37109375 0.16875 0.01875 0.0265625
3 0.0015625 0.05703125 0.003125 0.0390625
3 0.18125 0.1109375 0.021875 0.034375
3 0.290625 0.1421875 0.0234375 0.0359375
3 0.04921875 0.071875 0.01875 0.0234375
3 0.20390625 0.1125 0.021875 0.0328125
3 0.88828125 0.2015625 0.025 0.03125
3 0.0921875 0.08125 0.01875 0.025
3 0.16484375 0.1015625 0.01875 0.0296875
3 0.07734375 0.078125 0.0171875 0.0234375
3 0.24609375 0.11484375 0.021875 0.04375
4 0.7625 0.37734375 0.009375 0.015625
4 0.759375 0.36953125 0.009375 0.015625