3 0.4265625 0.04609375 0.04375 0.0859375
3 0.70546875 0.07265625 0.0515625 0.0640625
3 0.74921875 0.04609375 0.0421875 0.0921875
3 0.77578125 0.06015625 0.0421875 0.09375
3 0.81484375 0.33515625 0.0421875 0.0984375
3 0.8453125 0.35859375 0.040625 0.084375
4 0.73359375 0.321875 0.0125 0.021875
3 0.3359375 0.16640625 0.04375 0.0953125
3 0.01953125 0.13203125 0.0203125 0.0421875
3 0.0359375 0.13359375 0.021875 0.040625
3 0.06796875 0.13671875 0.028125 0.0546875
3 0.1046875 0.13203125 0.0265625 0.0609375
3 0.12421875 0.146875 0.028125 0.0640625
3 0.1453125 0.1359375 0.03125 0.065625
3 0.16484375 0.140625 0.03125 0.0640625
3 0.1890625 0.14765625 0.0265625 0.053125
3 0.2125 0.153125 0.028125 0.0484375
3 0.2359375 0.1640625 0.0296875 0.059375
3 0.26328125 0.1609375 0.0328125 0.0625
3 0.28984375 0.1671875 0.03125 0.0625
3 0.31796875 0.1765625 0.028125 0.0515625
4 0.74140625 0.33203125 0.015625 0.0234375
3 0.8375 0.12265625 0.0328125 0.0765625
3 0.61328125 0.77265625 0.06875 0.0671875
3 0.2984375 0.39375 0.0703125 0.059375
3 0.659375 0.64296875 0.0640625 0.1046875