3 0.51484375 0.040625 0.02890625 0.08125
3 0.78359375 0.11953125 0.04140625 0.0578125
3 0.83125 0.10234375 0.025 0.090625
3 0.8546875 0.12109375 0.02578125 0.08984375
3 0.840625 0.3984375 0.02421875 0.0953125
3 0.865625 0.42734375 0.02578125 0.08046875
4 0.76328125 0.36953125 0.009375 0.02109375
3 0.40234375 0.14140625 0.0265625 0.0921875
3 0.01796875 0.03125 0.015625 0.03359375
3 0.04296875 0.0328125 0.0109375 0.059375
3 0.0546875 0.0453125 0.0125 0.04609375
3 0.071875 0.0375 0.01484375 0.03515625
3 0.0984375 0.046875 0.01328125 0.03984375
3 0.1140625 0.0515625 0.0140625 0.0390625
3 0.1453125 0.0609375 0.01796875 0.05234375
3 0.18203125 0.06328125 0.015625 0.05859375
3 0.1984375 0.08125 0.0171875 0.0625
3 0.22109375 0.075 0.0203125 0.06328125
3 0.23984375 0.08359375 0.01953125 0.0609375
3 0.26171875 0.09453125 0.01640625 0.0515625
3 0.28359375 0.1046875 0.0203125 0.04609375
3 0.3046875 0.11953125 0.01953125 0.05703125
3 0.33203125 0.121875 0.02109375 0.059375
3 0.35703125 0.1328125 0.01953125 0.059375
3 0.3828125 0.14765625 0.01875 0.0484375
4 0.76875 0.38125 0.0109375 0.021875
3 0.903125 0.19375 0.01875 0.07421875
3 0.559375 0.7890625 0.059375 0.05625
3 0.32265625 0.35703125 0.0625 0.0484375
3 0.62890625 0.67109375 0.04609375 0.09765625