3 0.475 0.04140625 0.0359375 0.0828125
3 0.74921875 0.09609375 0.046875 0.0609375
3 0.7953125 0.075 0.0328125 0.0921875
3 0.8203125 0.09140625 0.0328125 0.0921875
3 0.83046875 0.36875 0.0328125 0.096875
3 0.8578125 0.39609375 0.0328125 0.0828125
4 0.75078125 0.346875 0.0109375 0.021875
3 0.37109375 0.1515625 0.034375 0.09375
3 0.00546875 0.0734375 0.0109375 0.059375
3 0.01640625 0.0859375 0.0171875 0.046875
3 0.0328125 0.0765625 0.0171875 0.0359375
3 0.06015625 0.08359375 0.0171875 0.040625
3 0.0765625 0.08671875 0.0171875 0.040625
3 0.10859375 0.09375 0.021875 0.053125
3 0.1453125 0.09296875 0.0203125 0.059375
3 0.16328125 0.109375 0.021875 0.0640625
3 0.18515625 0.10078125 0.025 0.0640625
3 0.2046875 0.1078125 0.025 0.0625
3 0.22734375 0.1171875 0.0203125 0.053125
3 0.25 0.125 0.025 0.0484375
3 0.27265625 0.13828125 0.025 0.0578125
3 0.3 0.13828125 0.0265625 0.0609375
3 0.32578125 0.146875 0.025 0.0609375
3 0.35234375 0.159375 0.0234375 0.05
4 0.75703125 0.35859375 0.0125 0.0234375
3 0.875 0.16015625 0.025 0.075
3 0.584375 0.7828125 0.0640625 0.0609375
3 0.3109375 0.37265625 0.0671875 0.053125
3 0.64296875 0.659375 0.0546875 0.1015625