3 0.45859375 0.0421875 0.0390625 0.084375
3 0.73515625 0.0875 0.0484375 0.0625
3 0.78046875 0.06484375 0.0359375 0.09375
3 0.80625 0.08046875 0.0359375 0.0921875
3 0.82578125 0.3578125 0.0359375 0.096875
3 0.85390625 0.38359375 0.0359375 0.0828125
4 0.7453125 0.33828125 0.0125 0.021875
3 0.359375 0.15625 0.0375 0.0953125
3 0.00546875 0.103125 0.0109375 0.046875
3 0.01875 0.09296875 0.01875 0.0359375
3 0.04609375 0.09921875 0.01875 0.040625
3 0.0625 0.1015625 0.01875 0.040625
3 0.09453125 0.1078125 0.0234375 0.0546875
3 0.13125 0.10546875 0.021875 0.059375
3 0.15 0.12109375 0.025 0.0640625
3 0.17109375 0.1125 0.028125 0.065625
3 0.19140625 0.11875 0.0265625 0.0625
3 0.2140625 0.1265625 0.021875 0.053125
3 0.23671875 0.134375 0.025 0.0484375
3 0.26015625 0.14609375 0.0265625 0.059375
3 0.2875 0.1453125 0.028125 0.0609375
3 0.31328125 0.153125 0.0265625 0.0609375
3 0.340625 0.16484375 0.025 0.05
4 0.75234375 0.34921875 0.0140625 0.0234375
3 0.8625 0.146875 0.028125 0.0765625
3 0.59453125 0.7796875 0.065625 0.0625
3 0.30625 0.3796875 0.0671875 0.05625
3 0.6484375 0.65390625 0.0578125 0.103125