3 0.47578125 0.0375 0.0421875 0.075
3 0.51171875 0.0859375 0.04375 0.1015625
3 0.69609375 0.765625 0.0625 0.059375
3 0.646875 0.51171875 0.0421875 0.1171875
3 0.75078125 0.096875 0.0484375 0.065625
3 0.7953125 0.0734375 0.034375 0.0890625
3 0.821875 0.0875 0.0296875 0.0875
3 0.1921875 0.33984375 0.05625 0.06875
3 0.00625 0.078125 0.0125 0.053125
3 0.01640625 0.0796875 0.01875 0.0421875
3 0.03203125 0.0765625 0.0171875 0.0296875
3 0.05859375 0.078125 0.0171875 0.0421875
3 0.07578125 0.08515625 0.015625 0.0390625
3 0.109375 0.09765625 0.021875 0.04375
3 0.14609375 0.096875 0.0203125 0.04375
3 0.1625 0.11171875 0.01875 0.046875
3 0.1875 0.10703125 0.0203125 0.046875
3 0.20390625 0.1125 0.021875 0.046875
3 0.22890625 0.1140625 0.0203125 0.0453125
3 0.25 0.1234375 0.021875 0.0515625
3 0.27109375 0.134375 0.0265625 0.0609375
3 0.2984375 0.134375 0.025 0.059375
3 0.325 0.14375 0.0234375 0.0546875
3 0.3515625 0.14765625 0.0234375 0.05625
3 0.37265625 0.1578125 0.0328125 0.071875
3 0.83046875 0.390625 0.028125 0.0515625
3 0.86015625 0.39921875 0.028125 0.0546875
3 0.8734375 0.16328125 0.021875 0.053125
4 0.75546875 0.3609375 0.0125 0.01875
4 0.7484375 0.34609375 0.0125 0.021875