3 0.540625 0.03828125 0.0390625 0.075
3 0.56875 0.09140625 0.040625 0.1015625
3 0.65703125 0.790625 0.0609375 0.05625
3 0.64375 0.53203125 0.0375 0.115625
3 0.8046875 0.1359375 0.046875 0.0640625
3 0.8515625 0.11875 0.03125 0.0890625
3 0.87578125 0.13671875 0.0265625 0.0859375
3 0.2171875 0.2984375 0.0546875 0.0671875
3 0.06640625 0.01953125 0.0171875 0.0390625
3 0.04453125 0.01015625 0.0171875 0.0203125
3 0.07890625 0.01796875 0.0171875 0.0359375
3 0.09609375 0.015625 0.015625 0.0296875
3 0.12109375 0.02109375 0.015625 0.040625
3 0.1375 0.03046875 0.0140625 0.0375
3 0.16953125 0.046875 0.0203125 0.04375
3 0.20546875 0.05234375 0.01875 0.04375
3 0.21953125 0.06796875 0.0171875 0.046875
3 0.2453125 0.0671875 0.0203125 0.046875
3 0.2609375 0.075 0.0203125 0.046875
3 0.28515625 0.08046875 0.01875 0.0453125
3 0.3046875 0.0921875 0.0203125 0.0515625
3 0.32421875 0.10625 0.0234375 0.059375
3 0.3515625 0.109375 0.0234375 0.059375
3 0.3765625 0.12265625 0.021875 0.0546875
3 0.40234375 0.13046875 0.021875 0.05625
3 0.421875 0.14296875 0.0296875 0.071875
3 0.84296875 0.4375 0.0265625 0.0515625
3 0.8703125 0.45078125 0.0265625 0.0546875
3 0.9171875 0.21796875 0.0203125 0.053125
4 0.771875 0.39765625 0.0125 0.0171875
4 0.7671875 0.38203125 0.0125 0.0203125