3 0.51640625 0.03671875 0.0359375 0.0734375
3 0.54765625 0.08828125 0.03515625 0.09921875
3 0.671875 0.78203125 0.05859375 0.05390625
3 0.6453125 0.52421875 0.03203125 0.1140625
3 0.78515625 0.1203125 0.04296875 0.06171875
3 0.83125 0.10078125 0.02734375 0.0875
3 0.85625 0.1171875 0.02265625 0.08515625
3 0.20703125 0.31328125 0.05078125 0.06484375
3 0.04140625 0.0375 0.0140625 0.0515625
3 0.01875 0.02734375 0.01484375 0.03359375
3 0.0546875 0.0390625 0.01484375 0.040625
3 0.07109375 0.0375 0.0140625 0.02890625
3 0.096875 0.04140625 0.0140625 0.040625
3 0.11328125 0.05 0.0125 0.0375
3 0.14609375 0.06484375 0.01796875 0.04296875
3 0.1828125 0.06796875 0.0171875 0.04296875
3 0.19765625 0.08359375 0.01484375 0.04609375
3 0.22265625 0.08125 0.0171875 0.0453125
3 0.2390625 0.08828125 0.01796875 0.04609375
3 0.26328125 0.0921875 0.0171875 0.04453125
3 0.28359375 0.103125 0.01796875 0.05078125
3 0.30390625 0.115625 0.02109375 0.05859375
3 0.33125 0.11796875 0.0203125 0.0578125
3 0.35703125 0.1296875 0.01953125 0.05390625
3 0.3828125 0.1359375 0.01875 0.05546875
3 0.403125 0.14765625 0.0265625 0.0703125
3 0.8390625 0.41953125 0.02421875 0.05
3 0.8671875 0.43125 0.0234375 0.053125
3 0.9015625 0.196875 0.0171875 0.0515625
4 0.76640625 0.38359375 0.01171875 0.0171875
4 0.7609375 0.36796875 0.0109375 0.0203125