3 0.4671875 0.0421875 0.046875 0.084375
3 0.74375 0.096875 0.0484375 0.0625
3 0.7859375 0.06953125 0.0359375 0.09375
3 0.81328125 0.08203125 0.0359375 0.0921875
3 0.82578125 0.3578125 0.0359375 0.096875
3 0.85390625 0.38359375 0.0359375 0.0828125
4 0.75 0.34765625 0.0125 0.021875
3 0.3640625 0.153125 0.0375 0.0953125
3 0.021875 0.0828125 0.01875 0.0359375
3 0.04765625 0.090625 0.01875 0.040625
3 0.0640625 0.09296875 0.01875 0.040625
3 0.09765625 0.1 0.0234375 0.0546875
3 0.13359375 0.103125 0.021875 0.059375
3 0.15078125 0.1140625 0.025 0.0640625
3 0.1734375 0.10546875 0.028125 0.065625
3 0.1921875 0.11328125 0.0265625 0.0625
3 0.2171875 0.11953125 0.021875 0.053125
3 0.240625 0.13046875 0.025 0.0484375
3 0.2625 0.14140625 0.0265625 0.059375
3 0.28984375 0.13984375 0.028125 0.0609375
3 0.3171875 0.14921875 0.0265625 0.0609375
3 0.34375 0.1609375 0.025 0.05
4 0.75546875 0.36015625 0.0140625 0.0234375
3 0.865625 0.1515625 0.028125 0.0765625
3 0.2703125 0.35859375 0.0578125 0.059375
3 0.00703125 0.08671875 0.0140625 0.0484375
3 0.046875 0.28984375 0.0390625 0.046875
3 0.39296875 0.40234375 0.0625 0.0625