3 0.52421875 0.0375 0.03359375 0.075
3 0.79140625 0.12578125 0.0453125 0.06484375
3 0.8609375 0.12578125 0.028125 0.0828125
3 0.83828125 0.10546875 0.03125 0.08984375
3 0.1296875 0.23515625 0.0390625 0.046875
3 0.20625 0.30390625 0.046875 0.05390625
3 0.8453125 0.43515625 0.02578125 0.03671875
3 0.240625 0.09140625 0.01875 0.034375
3 0.86875 0.4546875 0.0234375 0.03125
3 0.3609375 0.140625 0.01953125 0.0328125
3 0.146875 0.0609375 0.02265625 0.03125
3 0.40546875 0.16171875 0.02109375 0.0359375
3 0.3078125 0.1234375 0.02265625 0.03515625
3 0.2875 0.10625 0.02109375 0.03046875
3 0.19921875 0.0796875 0.0203125 0.03671875
3 0.22421875 0.08515625 0.02109375 0.03125
3 0.115625 0.0453125 0.0140625 0.03125
3 0.05625 0.03671875 0.01640625 0.03125
3 0.03125 0.03203125 0.0171875 0.0296875
3 0.184375 0.07109375 0.01875 0.03125
3 0.33515625 0.1296875 0.02109375 0.0296875
3 0.38671875 0.14921875 0.01796875 0.02578125
3 0.01875 0.02265625 0.015625 0.03203125
3 0.04453125 0.03359375 0.015625 0.03125
3 0.265625 0.0921875 0.01953125 0.04296875
3 0.10078125 0.0375 0.01484375 0.03046875
3 0.07421875 0.02890625 0.01484375 0.03125
4 0.771875 0.3890625 0.0125 0.01875
4 0.76640625 0.378125 0.0140625 0.02265625