3 0.5 0.0375 0.0375 0.075
3 0.77109375 0.1109375 0.0484375 0.0671875
3 0.840625 0.10703125 0.0328125 0.084375
3 0.8171875 0.08828125 0.0359375 0.090625
3 0.11640625 0.2546875 0.0421875 0.0484375
3 0.19609375 0.31953125 0.05 0.05625
3 0.84140625 0.4171875 0.028125 0.0375
3 0.21953125 0.10546875 0.0203125 0.0359375
3 0.865625 0.43515625 0.025 0.0328125
3 0.3421875 0.1484375 0.021875 0.034375
3 0.12421875 0.0796875 0.025 0.0328125
3 0.38828125 0.1671875 0.0234375 0.0375
3 0.28828125 0.134375 0.025 0.0359375
3 0.2671875 0.11796875 0.0234375 0.03125
3 0.17734375 0.09609375 0.021875 0.0375
3 0.203125 0.1 0.0234375 0.0328125
3 0.0921875 0.06640625 0.015625 0.03125
3 0.0328125 0.0609375 0.01875 0.0328125
3 0.0078125 0.05625 0.015625 0.03125
3 0.1625 0.08828125 0.0203125 0.0328125
3 0.315625 0.1390625 0.021875 0.03125
3 0.36875 0.15546875 0.01875 0.0265625
3 0.02109375 0.0578125 0.0171875 0.03125
3 0.24453125 0.1046875 0.021875 0.04375
3 0.07734375 0.059375 0.0171875 0.03125
3 0.05 0.0515625 0.0171875 0.03125
4 0.765625 0.375 0.0140625 0.01875
4 0.759375 0.3640625 0.015625 0.0234375