3 0.540625 0.03828125 0.0359375 0.0765625
3 0.80390625 0.1359375 0.046875 0.065625
3 0.8734375 0.13828125 0.03125 0.084375
3 0.8515625 0.1171875 0.034375 0.090625
3 0.1390625 0.22265625 0.040625 0.0484375
3 0.21328125 0.29375 0.0484375 0.05625
3 0.84765625 0.446875 0.0265625 0.0375
3 0.2546875 0.0828125 0.0203125 0.034375
3 0.8703125 0.46796875 0.025 0.0328125
3 0.3734375 0.1359375 0.0203125 0.0328125
3 0.1625 0.04921875 0.0234375 0.03125
3 0.4171875 0.15859375 0.021875 0.0359375
3 0.32109375 0.1171875 0.0234375 0.0359375
3 0.3015625 0.09921875 0.021875 0.03125
3 0.2140625 0.06953125 0.021875 0.0375
3 0.2390625 0.07578125 0.021875 0.03125
3 0.13203125 0.03203125 0.015625 0.03125
3 0.07265625 0.021875 0.0171875 0.03125
3 0.04765625 0.015625 0.01875 0.0296875
3 0.19921875 0.06015625 0.0203125 0.03125
3 0.3484375 0.12421875 0.021875 0.0296875
3 0.39921875 0.1453125 0.01875 0.0265625
3 0.03515625 0.0109375 0.0171875 0.021875
3 0.0609375 0.01796875 0.0171875 0.03125
3 0.2796875 0.084375 0.0203125 0.04375
3 0.1171875 0.02421875 0.015625 0.03125
3 0.090625 0.01484375 0.015625 0.0296875
4 0.77578125 0.3984375 0.0125 0.01875
4 0.7703125 0.3875 0.015625 0.0234375