3 0.50703125 0.0375 0.0359375 0.075
3 0.778125 0.115625 0.046875 0.065625
3 0.84765625 0.11328125 0.03125 0.084375
3 0.82421875 0.09375 0.034375 0.090625
3 0.1203125 0.2484375 0.040625 0.0484375
3 0.19921875 0.3140625 0.0484375 0.05625
3 0.84296875 0.4234375 0.0265625 0.0375
3 0.2265625 0.10078125 0.0203125 0.034375
3 0.8671875 0.4421875 0.025 0.0328125
3 0.3484375 0.1453125 0.0203125 0.0328125
3 0.13203125 0.0734375 0.0234375 0.03125
3 0.39375 0.16484375 0.021875 0.0359375
3 0.29453125 0.13046875 0.0234375 0.0359375
3 0.27421875 0.1140625 0.021875 0.03125
3 0.184375 0.090625 0.021875 0.0375
3 0.21015625 0.0953125 0.021875 0.03125
3 0.1 0.059375 0.015625 0.03125
3 0.040625 0.05234375 0.0171875 0.03125
3 0.01484375 0.0484375 0.01875 0.0296875
3 0.16953125 0.08203125 0.0203125 0.03125
3 0.32265625 0.1359375 0.021875 0.0296875
3 0.37421875 0.153125 0.01875 0.0265625
3 0.00546875 0.03984375 0.0109375 0.0328125
3 0.02890625 0.05 0.0171875 0.03125
3 0.2515625 0.10078125 0.0203125 0.04375
3 0.08515625 0.0515625 0.015625 0.03125
3 0.0578125 0.04375 0.015625 0.03125
4 0.76796875 0.3796875 0.0125 0.01875
4 0.76171875 0.36875 0.015625 0.0234375