3 0.48046875 0.0359375 0.0421875 0.071875
3 0.4921875 0.18125 0.0421875 0.0890625
3 0.7296875 0.52890625 0.0671875 0.084375
3 0.87421875 0.153125 0.0265625 0.0734375
3 0.753125 0.096875 0.0484375 0.065625
3 0.79921875 0.06640625 0.0328125 0.0921875
3 0.825 0.08671875 0.03125 0.0921875
4 0.37578125 0.95703125 0.0140625 0.0265625
4 0.75234375 0.35859375 0.0140625 0.01875
4 0.753125 0.34453125 0.0109375 0.0203125
3 0.83203125 0.37265625 0.028125 0.0796875
3 0.8625 0.38359375 0.03125 0.084375
3 0.37578125 0.13828125 0.0296875 0.0890625
3 0.3546875 0.134375 0.025 0.0703125
3 0.328125 0.134375 0.0265625 0.0671875
3 0.303125 0.12578125 0.025 0.059375
3 0.2765625 0.121875 0.028125 0.0703125
3 0.253125 0.1078125 0.0265625 0.0640625
3 0.20859375 0.10078125 0.025 0.0625
3 0.23046875 0.1015625 0.0234375 0.059375
3 0.18828125 0.09296875 0.0234375 0.059375
3 0.165625 0.0953125 0.025 0.0625
3 0.1484375 0.08046875 0.0234375 0.065625
3 0.1140625 0.078125 0.025 0.065625
3 0.08125 0.07421875 0.0171875 0.0453125
3 0.065625 0.06953125 0.01875 0.0453125
3 0.03671875 0.06640625 0.0171875 0.0421875
3 0.00859375 0.06953125 0.0171875 0.0515625
3 0.00234375 0.0671875 0.0046875 0.05
3 0.02265625 0.07109375 0.0203125 0.0546875