3 0.56953125 0.040625 0.04375 0.075
3 0.553125 0.1859375 0.04375 0.090625
3 0.7203125 0.57265625 0.06875 0.084375
3 0.93359375 0.23046875 0.028125 0.0734375
3 0.82578125 0.15234375 0.05 0.065625
3 0.8765625 0.13203125 0.034375 0.0921875
3 0.8984375 0.15625 0.0328125 0.0921875
4 0.29140625 0.925 0.015625 0.0265625
4 0.775 0.409375 0.0140625 0.01875
4 0.778125 0.3953125 0.0109375 0.0203125
3 0.85078125 0.43828125 0.0296875 0.0796875
3 0.878125 0.4546875 0.03125 0.084375
3 0.446875 0.12109375 0.03125 0.0890625
3 0.4265625 0.11328125 0.0265625 0.071875
3 0.4015625 0.10859375 0.0265625 0.06875
3 0.378125 0.0953125 0.0265625 0.059375
3 0.35234375 0.0859375 0.0296875 0.0703125
3 0.3328125 0.06796875 0.028125 0.0640625
3 0.28984375 0.05234375 0.0265625 0.0625
3 0.31171875 0.0578125 0.0234375 0.059375
3 0.271875 0.040625 0.025 0.0609375
3 0.24921875 0.0390625 0.0265625 0.0625
3 0.234375 0.0265625 0.025 0.053125
3 0.20078125 0.02265625 0.0265625 0.0453125
3 0.16953125 0.01171875 0.0171875 0.0234375
3 0.15546875 0.00859375 0.0203125 0.0171875
3 0.11328125 0.0078125 0.0203125 0.015625