7 0.335625 0.6491666666666667 0.02875 0.055
4 0.149375 0.5483333333333333 0.08125 0.04
8 0.21875 0.5966666666666667 0.0475 0.06666666666666667
4 0.01375 0.7033333333333334 0.025 0.08
8 0.3 0.52 0.03 0.04
4 0.325625 0.5066666666666667 0.01875 0.04
8 0.46 0.5375 0.0275 0.051666666666666666
8 0.464375 0.48583333333333334 0.01875 0.035
4 0.364375 0.4675 0.04375 0.025
4 0.415625 0.54 0.04125 0.04666666666666667
8 0.7425 0.625 0.05 0.08
4 0.5425 0.4825 0.025 0.03166666666666667
4 0.89215 0.61705 0.02211250000000007 0.06136666666666675
4 0.873125 0.6090833333333333 0.02039999999999992 0.05758333333333326
4 0.7896125 0.5359833333333333 0.01694999999999993 0.04470000000000008
4 0.7739875 0.5371166666666667 0.0165625 0.04393333333333336
4 0.3373375 0.6174166666666666 0.023787499999999965 0.030299999999999917
4 0.25780000000000003 0.5784166666666667 0.019212499999999865 0.02955000000000003
4 0.25694999999999996 0.51515 0.022050000000000125 0.040916666666666594
4 0.14816249999999997 0.5662833333333332 0.014625000000000056 0.049249999999999926
4 0.9003874999999999 0.7012333333333334 0.022150000000000034 0.04796666666666662