7 0.333125 0.4919137466307278 0.04125 0.10512129380053908
8 0.24125 0.45417789757412397 0.07 0.1752021563342318
8 0.17875 0.6805929919137467 0.095 0.2560646900269542
7 0.210625 0.9191374663072777 0.04625 0.11859838274932614
7 0.278125 0.9231805929919138 0.05125 0.14824797843665768
4 0.095 0.9164420485175202 0.165 0.16172506738544473
4 0.20625 0.27897574123989216 0.07 0.12129380053908356
7 0.348125 0.19002695417789758 0.01875 0.06199460916442048
4 0.3 0.10242587601078167 0.0375 0.08086253369272237
7 0.344375 0.07951482479784366 0.01625 0.04043126684636118
8 0.41375 0.11185983827493262 0.0225 0.07277628032345014
8 0.3853125 0.06587601078167116 0.0275 0.07784366576819407
4 0.51 0.2371967654986523 0.045 0.1078167115902965
4 0.4149125 0.8641239892183288 0.046950000000000075 0.2124528301886794
4 0.37998750000000003 0.6960646900269541 0.04327500000000001 0.1109973045822101
4 0.59625 0.9110512129380054 0.04 0.1778975741239892
4 0.66045 0.9415633423180593 0.0365625 0.11684636118598389
4 0.6876625 0.8987601078167116 0.04537499999999994 0.20247978436657682
4 0.6252624999999999 0.7810242587601078 0.043924999999999985 0.19978436657681942
4 0.688025 0.565256064690027 0.032874999999999946 0.1791644204851751
4 0.4086625 0.5525606469002695 0.040324999999999986 0.14746630727762797
4 0.38587499999999997 0.349622641509434 0.03298749999999998 0.12525606469002687
4 0.5340125 0.34088948787061996 0.026312499999999944 0.13002695417789759
4 0.4604625 0.4615902964959569 0.02376249999999999 0.12466307277628032
4 0.4530375 0.3036657681940701 0.021424999999999982 0.09350404312668463
4 0.36262500000000003 0.7959838274932615 0.03747500000000002 0.1078167115902965
4 0.5837 0.713854447439353 0.04133750000000006 0.19625336927223735
4 0.6483374999999999 0.5201347708894879 0.03467500000000001 0.1541509433962264
4 0.6407250000000001 0.38199460916442046 0.02882499999999993 0.13223719676549867
4 0.332725 0.4235849056603774 0.027437500000000056 0.08110512129380047
4 0.2763375 0.8254716981132075 0.03861249999999998 0.12345013477088937
4 0.217075 0.8184636118598382 0.04613750000000003 0.13412398921832883
4 0.468175 0.5963072776280324 0.03166250000000005 0.15703504043126681
4 0.54905 0.9071428571428571 0.040287500000000025 0.18571428571428567
4 0.6186 0.5657142857142857 0.02938749999999999 0.20137466307277624
4 0.423625 0.4005390835579515 0.02069999999999993 0.10018867924528306
4 0.4014875 0.4595417789757413 0.024337500000000033 0.1103234501347709
4 0.4257125 0.22361185983827492 0.013412500000000023 0.08997304582210242
4 0.43977499999999997 0.2269811320754717 0.013412500000000023 0.08323450134770888