4 0.6859375 0.5734375 0.01875 0.06953125
4 0.703125 0.58125 0.01640625 0.07890625
2 0.625 0.04296875 0.1390625 0.0859375
3 0.409375 0.85546875 0.11953125 0.14140625
3 0.77265625 0.86484375 0.0671875 0.1765625
3 0.809375 0.6765625 0.06953125 0.125
3 0.57265625 0.4390625 0.090625 0.078125
3 0.6375 0.26953125 0.0765625 0.05
3 0.1765625 0.446875 0.03984375 0.096875
3 0.31640625 0.284375 0.040625 0.06953125
3 0.7 0.3859375 0.0671875 0.078125
3 0.6109375 0.73046875 0.08046875 0.121875
3 0.70859375 0.31640625 0.071875 0.071875
3 0.35 0.24140625 0.0375 0.06640625
3 0.6265625 0.60859375 0.084375 0.1109375
3 0.32421875 0.47421875 0.065625 0.0734375
3 0.1796875 0.1796875 0.04609375 0.05703125
3 0.19921875 0.2859375 0.05625 0.075
3 0.3859375 0.296875 0.04296875 0.0640625
3 0.6515625 0.51796875 0.08046875 0.09453125
3 0.259375 0.22421875 0.0484375 0.06796875
3 0.8171875 0.44609375 0.05234375 0.103125
3 0.4296875 0.42578125 0.05390625 0.07890625
3 0.44140625 0.14453125 0.0515625 0.046875
3 0.50703125 0.27734375 0.0390625 0.0734375
3 0.421875 0.2546875 0.04296875 0.059375
3 0.596875 0.371875 0.07109375 0.065625
3 0.134375 0.221875 0.05234375 0.059375
3 0.08203125 0.26484375 0.0515625 0.065625
3 0.684375 0.9125 0.06953125 0.171875
3 0.0484375 0.61328125 0.05625 0.134375
3 0.62421875 0.31875 0.0703125 0.05703125
3 0.0640625 0.740625 0.05703125 0.134375
3 0.034375 0.45859375 0.06875 0.0984375
3 0.834375 0.24296875 0.03671875 0.05859375
3 0.38046875 0.20234375 0.034375 0.059375
3 0.66875 0.440625 0.06953125 0.0875
3 0.275 0.3328125 0.0453125 0.0765625
3 0.83046875 0.29375 0.0359375 0.06796875
3 0.6515625 0.2265625 0.06015625 0.04453125
3 0.715625 0.01484375 0.04765625 0.02890625
3 0.9296875 0.415625 0.06875 0.07109375
3 0.2296875 0.384375 0.04296875 0.0890625
3 0.940625 0.48828125 0.07578125 0.0875
3 0.725 0.22421875 0.059375 0.059375
3 0.47265625 0.3265625 0.053125 0.103125
3 0.95234375 0.8359375 0.09375 0.13359375
3 0.09765625 0.3875 0.065625 0.08046875
3 0.11875 0.52421875 0.04609375 0.10703125
3 0.40546875 0.171875 0.034375 0.05546875
3 0.34609375 0.34453125 0.0453125 0.06953125
3 0.7171875 0.26875 0.0671875 0.059375
3 0.56328125 0.5109375 0.06875 0.06640625
3 0.946875 0.95625 0.10390625 0.084375
3 0.434375 0.73125 0.084375 0.1125
3 0.153125 0.621875 0.071875 0.11640625
3 0.55859375 0.85859375 0.10859375 0.18046875
3 0.3078125 0.396875 0.05234375 0.08359375
3 0.946875 0.57109375 0.06796875 0.06640625
3 0.3421875 0.553125 0.03828125 0.03359375
3 0.25625 0.4515625 0.06328125 0.05546875
3 0.93515625 0.3421875 0.0609375 0.06796875
3 0.2671875 0.73671875 0.078125 0.11484375