4 0.4265625 0.3671875 0.021875 0.05625
4 0.64609375 0.6265625 0.0328125 0.084375
3 0.6171875 0.8515625 0.1140625 0.1703125
3 0.809375 0.52265625 0.0703125 0.1171875
3 0.82578125 0.80859375 0.0890625 0.1734375
3 0.47578125 0.278125 0.05 0.0765625
3 0.3921875 0.15625 0.0578125 0.053125
3 0.4765625 0.03203125 0.046875 0.0421875
3 0.05234375 0.32421875 0.0609375 0.071875
3 0.2875 0.3125 0.0484375 0.0734375
3 0.33984375 0.221875 0.0421875 0.0640625
3 0.37734375 0.2640625 0.059375 0.071875
3 0.09921875 0.80078125 0.0796875 0.1453125
3 0.17265625 0.3296875 0.065625 0.0796875
3 0.31640625 0.2640625 0.046875 0.0703125
3 0.25625 0.21953125 0.0484375 0.0671875
3 0.8140625 0.66015625 0.0796875 0.1390625
3 0.61171875 0.20625 0.065625 0.053125
3 0.68046875 0.290625 0.084375 0.08125
3 0.0984375 0.275 0.059375 0.065625
3 0.58046875 0.30859375 0.075 0.0625
3 0.65859375 0.41796875 0.08125 0.096875
3 0.65234375 0.4953125 0.090625 0.1046875
3 0.6828125 0.1953125 0.06875 0.0640625
3 0.325 0.3671875 0.05625 0.0765625
3 0.64609375 0.5953125 0.0953125 0.109375
3 0.01328125 0.38671875 0.0265625 0.0703125
3 0.13828125 0.22734375 0.053125 0.0625
3 0.80625 0.39765625 0.0640625 0.103125
3 0.5109375 0.15234375 0.0359375 0.05625
3 0.16875 0.48125 0.0609375 0.1171875
3 0.35625 0.30859375 0.053125 0.0671875
3 0.215625 0.1578125 0.034375 0.0546875
3 0.03671875 0.525 0.0734375 0.10625
3 0.57890625 0.3625 0.078125 0.084375
3 0.0671875 0.6734375 0.0765625 0.14375
3 0.9140625 0.35703125 0.078125 0.0796875
3 0.41953125 0.434375 0.0640625 0.0859375
3 0.25390625 0.365625 0.05625 0.0828125
3 0.93828125 0.428125 0.09375 0.0953125
3 0.3625 0.18828125 0.0453125 0.059375
3 0.63984375 0.69921875 0.0859375 0.1359375
3 0.2234375 0.26015625 0.0578125 0.0734375
3 0.80078125 0.315625 0.0546875 0.084375
3 0.5640625 0.50078125 0.0765625 0.075
3 0.215625 0.4234375 0.059375 0.09375
3 0.0859375 0.44921875 0.078125 0.0953125
3 0.6046875 0.25625 0.084375 0.06875
3 0.79921875 0.246875 0.04375 0.06875
3 0.68203125 0.24296875 0.071875 0.06875
3 0.12421875 0.575 0.0609375 0.1078125
3 0.2953125 0.4234375 0.0625 0.0859375
3 0.89765625 0.22890625 0.06875 0.0625
3 0.175 0.6671875 0.0953125 0.121875
3 0.45 0.33359375 0.065625 0.1046875
3 0.95234375 0.5078125 0.0765625 0.075
3 0.1984375 0.0734375 0.021875 0.021875
3 0.6828125 0.3546875 0.075 0.084375
3 0.50390625 0.18515625 0.04375 0.0703125
3 0.96953125 0.76640625 0.0609375 0.1421875
3 0.91171875 0.2875 0.0734375 0.06875
3 0.26015625 0.49921875 0.0765625 0.090625
3 0.79296875 0.2015625 0.046875 0.0671875
6 0.22578125 0.9234375 0.2984375 0.153125
2 0.559375 0.0375 0.146875 0.075
6 0.16640625 0.88984375 0.2546875 0.2203125
3 0.30234375 0.75546875 0.0890625 0.1265625