4 0.271875 0.91875 0.0328125 0.09375
4 0.38515625 0.08359375 0.0109375 0.034375
4 0.50390625 0.07890625 0.0109375 0.0359375
4 0.29609375 0.91640625 0.0328125 0.084375
3 0.78125 0.1265625 0.0359375 0.06875
3 0.440625 0.86171875 0.13125 0.1515625
3 0.803125 0.840625 0.0828125 0.184375
3 0.6171875 0.25859375 0.08125 0.05625
3 0.2984375 0.3015625 0.046875 0.0734375
3 0.69296875 0.3 0.078125 0.0796875
3 0.03515625 0.5015625 0.0703125 0.10625
3 0.81171875 0.41953125 0.0609375 0.1078125
3 0.18203125 0.31328125 0.0625 0.0796875
3 0.56796875 0.43203125 0.096875 0.084375
3 0.36875 0.3078125 0.0484375 0.065625
3 0.1734375 0.475 0.0484375 0.1015625
3 0.2359375 0.24609375 0.0546875 0.071875
3 0.3296875 0.25546875 0.04375 0.06875
3 0.4875 0.27734375 0.0453125 0.0765625
3 0.11171875 0.2546875 0.0578125 0.0640625
3 0.15390625 0.20859375 0.05 0.0609375
3 0.63046875 0.71953125 0.0921875 0.1328125
3 0.62734375 0.21328125 0.0625 0.0484375
3 0.65234375 0.50390625 0.0859375 0.1
3 0.63515625 0.596875 0.09375 0.1171875
3 0.68984375 0.36953125 0.075 0.0828125
3 0.0609375 0.6515625 0.0671875 0.140625
3 0.40078125 0.2609375 0.046875 0.065625
3 0.0640625 0.3015625 0.05625 0.06875
3 0.60703125 0.3078125 0.075 0.0640625
3 0.4109375 0.15078125 0.0546875 0.0515625
3 0.4234375 0.43125 0.059375 0.0828125
3 0.83359375 0.30625 0.0796875 0.078125
3 0.58515625 0.3640625 0.0765625 0.071875
3 0.08671875 0.77734375 0.06875 0.1390625
3 0.86640625 0.64765625 0.0515625 0.1171875
3 0.8109375 0.2140625 0.0421875 0.0625
3 0.91953125 0.3796875 0.0734375 0.078125
3 0.2609375 0.353125 0.0515625 0.0796875
3 0.66328125 0.42578125 0.0765625 0.0921875
3 0.2203125 0.40859375 0.05 0.0890625
3 0.7 0.20390625 0.0640625 0.0625
3 0.0890625 0.42578125 0.0734375 0.0890625
3 0.12265625 0.5578125 0.05625 0.109375
3 0.4578125 0.33203125 0.0609375 0.1015625
3 0.56484375 0.50625 0.0734375 0.0734375
3 0.69609375 0.25 0.071875 0.0640625
3 0.3765625 0.18125 0.0390625 0.0578125
3 0.33203125 0.35859375 0.05 0.0734375
3 0.4125 0.22109375 0.05 0.0546875
3 0.96328125 0.7953125 0.0734375 0.140625
3 0.9421875 0.45 0.090625 0.0953125
3 0.96640625 0.90859375 0.0671875 0.1046875
3 0.81171875 0.2625 0.04375 0.06875
3 0.58984375 0.85 0.1234375 0.19375
3 0.95 0.53359375 0.078125 0.0828125
3 0.15234375 0.65234375 0.0546875 0.11875
3 0.3 0.41484375 0.059375 0.0859375
3 0.18984375 0.5359375 0.0390625 0.046875
3 0.25546875 0.4703125 0.0625 0.05625
3 0.22734375 0.89296875 0.1234375 0.1640625
3 0.34375 0.59609375 0.059375 0.09375
3 0.91953125 0.3046875 0.0703125 0.0734375
2 0.58671875 0.05234375 0.1703125 0.1046875
3 0.28359375 0.753125 0.1015625 0.125
3 0.49609375 0.7234375 0.125 0.11875