4 0.44140625 0.1125 0.0171875 0.0421875
6 0.13984375 0.8734375 0.2796875 0.2125
3 0.60703125 0.384375 0.0765625 0.0828125
3 0.65703125 0.28671875 0.08125 0.065625
3 0.77109375 0.7234375 0.0703125 0.1328125
3 0.5265625 0.27890625 0.046875 0.0765625
3 0.79609375 0.59140625 0.0671875 0.115625
3 0.621875 0.63046875 0.090625 0.115625
3 0.6484375 0.5296875 0.0875 0.1015625
3 0.43671875 0.41875 0.0609375 0.08125
3 0.10390625 0.22890625 0.05625 0.06875
3 0.3359375 0.26953125 0.046875 0.0734375
3 0.72265625 0.3359375 0.078125 0.0765625
3 0.5734375 0.19453125 0.040625 0.06875
3 0.21875 0.259375 0.0625 0.078125
3 0.37421875 0.2296875 0.0453125 0.0703125
3 0.16015625 0.18984375 0.0578125 0.0609375
3 0.209375 0.153125 0.05 0.0609375
3 0.4078125 0.19296875 0.040625 0.0625
3 0.03984375 0.41953125 0.0765625 0.1046875
3 0.47265625 0.13984375 0.0546875 0.05
3 0.934375 0.45390625 0.075 0.078125
3 0.675 0.240625 0.0625 0.05
3 0.1828125 0.41875 0.0484375 0.1
3 0.32578125 0.171875 0.0453125 0.065625
3 0.7484375 0.24375 0.0640625 0.0609375
3 0.28359375 0.20390625 0.0546875 0.071875
3 0.0453125 0.6984375 0.06875 0.1328125
3 0.434375 0.2421875 0.053125 0.06875
3 0.6734375 0.45546875 0.0765625 0.0921875
3 0.73515625 0.28984375 0.06875 0.0640625
3 0.040625 0.5703125 0.06875 0.1390625
3 0.1078125 0.35703125 0.0734375 0.090625
3 0.82109375 0.47109375 0.059375 0.1015625
3 0.240625 0.36015625 0.0515625 0.0890625
3 0.434375 0.16484375 0.0390625 0.05625
3 0.290625 0.3140625 0.053125 0.0796875
3 0.03828125 0.27890625 0.046875 0.065625
3 0.359375 0.33125 0.05 0.071875
3 0.559375 0.515625 0.08125 0.075
3 0.13203125 0.5875 0.05625 0.1140625
3 0.84765625 0.321875 0.04375 0.06875
3 0.48671875 0.32734375 0.0625 0.1015625
3 0.834375 0.3890625 0.0546875 0.0859375
3 0.85546875 0.27265625 0.04375 0.0625
3 0.11875 0.4875 0.0546875 0.103125
3 0.92109375 0.87421875 0.1046875 0.14375
3 0.9484375 0.3796875 0.0703125 0.071875
3 0.265625 0.4296875 0.0578125 0.05
3 0.3171875 0.38046875 0.059375 0.0859375
3 0.528125 0.8609375 0.1234375 0.1953125
3 0.3390625 0.540625 0.040625 0.040625
3 0.94921875 0.32578125 0.06875 0.0578125
3 0.94375 0.5296875 0.090625 0.090625
2 0.665625 0.065625 0.1703125 0.1203125
3 0.240625 0.71484375 0.096875 0.1359375
3 0.9125 0.975 0.096875 0.05