4 0.60703125 0.3203125 0.0125 0.046875
4 0.921875 0.94921875 0.0265625 0.084375
4 0.74921875 0.2734375 0.009375 0.053125
4 0.61875 0.32578125 0.0109375 0.046875
4 0.35546875 0.11328125 0.0109375 0.0390625
4 0.3609375 0.11328125 0.0078125 0.0390625
2 0.615625 0.03984375 0.134375 0.0796875
3 0.7796875 0.8578125 0.06875 0.1703125
3 0.70546875 0.3125 0.0734375 0.0734375
3 0.79375 0.69453125 0.0609375 0.1296875
3 0.63359375 0.2734375 0.078125 0.0609375
3 0.59375 0.37421875 0.0703125 0.078125
3 0.34609375 0.24296875 0.0390625 0.06875
3 0.428125 0.42578125 0.05625 0.078125
3 0.17578125 0.4515625 0.0421875 0.0953125
3 0.80390625 0.56015625 0.0578125 0.1125
3 0.06796875 0.74453125 0.0578125 0.128125
3 0.6515625 0.51328125 0.0796875 0.09375
3 0.2203125 0.06875 0.040625 0.034375
3 0.3546875 0.06796875 0.04375 0.0390625
3 0.50390625 0.27578125 0.040625 0.0734375
3 0.12890625 0.22578125 0.0546875 0.059375
3 0.81640625 0.4375 0.0515625 0.0984375
3 0.64765625 0.22421875 0.0609375 0.0453125
3 0.034375 0.4640625 0.06875 0.1
3 0.92734375 0.4078125 0.0703125 0.075
3 0.22734375 0.38671875 0.0453125 0.084375
3 0.56171875 0.50859375 0.0734375 0.0671875
3 0.253125 0.228125 0.0484375 0.06875
3 0.37578125 0.2046875 0.0359375 0.059375
3 0.63515625 0.6171875 0.0828125 0.109375
3 0.19609375 0.28984375 0.0578125 0.0734375
3 0.07734375 0.26953125 0.053125 0.065625
3 0.82734375 0.28515625 0.0359375 0.065625
3 0.66796875 0.43671875 0.06875 0.0859375
3 0.40078125 0.1734375 0.0375 0.0546875
3 0.95703125 0.95234375 0.0859375 0.0765625
3 0.8203125 0.35390625 0.0453125 0.08125
3 0.0953125 0.396875 0.0671875 0.0859375
3 0.0515625 0.61796875 0.0578125 0.1359375
3 0.17421875 0.18515625 0.046875 0.0546875
3 0.4359375 0.14453125 0.053125 0.046875
3 0.34375 0.34453125 0.046875 0.06875
3 0.5390625 0.19375 0.028125 0.053125
3 0.7203125 0.21875 0.0609375 0.0546875
3 0.271875 0.3359375 0.0453125 0.075
3 0.25703125 0.453125 0.05 0.0421875
3 0.34375 0.55546875 0.0375 0.034375
3 0.31171875 0.28828125 0.0421875 0.06875
3 0.14296875 0.625 0.0484375 0.1109375
3 0.83125 0.2359375 0.034375 0.053125
3 0.95546875 0.83515625 0.0875 0.1234375
3 0.46875 0.3296875 0.05625 0.1015625
3 0.93203125 0.33515625 0.0671875 0.0671875
3 0.546875 0.1765625 0.025 0.04375
3 0.95234375 0.5609375 0.0859375 0.0859375
3 0.30625 0.39921875 0.053125 0.084375
3 0.2921875 0.1921875 0.0421875 0.0625
3 0.71171875 0.26640625 0.0640625 0.0578125
3 0.11953125 0.52890625 0.046875 0.1015625
3 0.9453125 0.48046875 0.0859375 0.0921875
3 0.5640625 0.85390625 0.1125 0.1859375
3 0.26171875 0.74296875 0.090625 0.1328125