4 0.56640625 0.16328125 0.0109375 0.046875
4 0.5984375 0.1234375 0.0125 0.046875
4 0.5953125 0.14765625 0.0109375 0.0421875
4 0.58203125 0.13671875 0.0109375 0.040625
3 0.42421875 0.859375 0.128125 0.1453125
3 0.571875 0.8578125 0.096875 0.1625
3 0.57109375 0.4359375 0.09375 0.0796875
3 0.16875 0.1921875 0.0484375 0.0578125
3 0.703125 0.31015625 0.075 0.0734375
3 0.20703125 0.87578125 0.115625 0.165625
3 0.59375 0.36875 0.0734375 0.06875
3 0.0171875 0.3328125 0.034375 0.065625
3 0.6296875 0.265625 0.078125 0.0546875
3 0.80546875 0.5234375 0.0546875 0.10625
3 0.63046875 0.60390625 0.0859375 0.1140625
3 0.30859375 0.290625 0.0421875 0.0703125
3 0.7859375 0.8609375 0.0734375 0.190625
3 0.05234375 0.62890625 0.0625 0.1390625
3 0.61640625 0.72578125 0.090625 0.1296875
3 0.94609375 0.4734375 0.0890625 0.0890625
3 0.65234375 0.5125 0.08125 0.096875
3 0.42734375 0.42890625 0.0578125 0.0828125
3 0.07265625 0.75390625 0.0625 0.1359375
3 0.07421875 0.27890625 0.053125 0.065625
3 0.14765625 0.34921875 0.065625 0.08125
3 0.37890625 0.30078125 0.0453125 0.065625
3 0.25 0.23359375 0.0515625 0.071875
3 0.41328125 0.2578125 0.0453125 0.0609375
3 0.175 0.4578125 0.04375 0.0984375
3 0.79296875 0.7046875 0.06875 0.1484375
3 0.39453125 0.5 0.0671875 0.0859375
3 0.03515625 0.475 0.0703125 0.10625
3 0.6421875 0.22109375 0.0609375 0.046875
3 0.3421875 0.246875 0.0390625 0.0671875
3 0.51796875 0.2375 0.040625 0.0609375
3 0.19296875 0.29609375 0.0578125 0.075
3 0.2265625 0.39375 0.046875 0.0875
3 0.66640625 0.43515625 0.0703125 0.0875
3 0.71640625 0.2171875 0.0609375 0.0578125
3 0.49921875 0.2765625 0.04375 0.0765625
3 0.61796875 0.31484375 0.071875 0.059375
3 0.815625 0.43671875 0.0546875 0.1109375
3 0.340625 0.35 0.0484375 0.0703125
3 0.48515625 0.15390625 0.040625 0.0546875
3 0.42734375 0.215625 0.046875 0.0546875
3 0.696875 0.37734375 0.0703125 0.0859375
3 0.26953125 0.340625 0.0484375 0.078125
3 0.459375 0.178125 0.0421875 0.05625
3 0.42890625 0.146875 0.053125 0.0484375
3 0.8265625 0.2296875 0.0359375 0.059375
3 0.37265625 0.209375 0.0390625 0.059375
3 0.09296875 0.403125 0.06875 0.0859375
3 0.11953125 0.53671875 0.05 0.1078125
3 0.465625 0.32890625 0.0578125 0.1
3 0.96171875 0.9453125 0.0765625 0.075
3 0.92421875 0.40078125 0.0703125 0.0734375
3 0.5609375 0.509375 0.075 0.0703125
3 0.39921875 0.17578125 0.0484375 0.05625
3 0.8234375 0.28125 0.0375 0.0703125
3 0.25625 0.459375 0.0578125 0.059375
3 0.146875 0.634375 0.0609375 0.1171875
3 0.1890625 0.52109375 0.0390625 0.0421875
3 0.3453125 0.56015625 0.0390625 0.0359375
3 0.93125 0.32734375 0.0640625 0.0671875
3 0.709375 0.25859375 0.065625 0.0609375
3 0.3046875 0.4046875 0.0546875 0.0859375
3 0.95703125 0.81796875 0.0859375 0.1359375
4 0.2875 0.1 0.0125 0.0359375
2 0.6109375 0.0421875 0.1453125 0.08125
3 0.275 0.73359375 0.084375 0.1171875
3 0.25625 0.1390625 0.028125 0.0515625
3 0.24453125 0.1171875 0.0265625 0.0421875