4 0.08671875 0.20390625 0.0109375 0.04140625
6 0.1125 0.87734375 0.225 0.24296875
2 0.6234375 0.04140625 0.13515625 0.08046875
3 0.5671875 0.86484375 0.09296875 0.159375
3 0.7796875 0.85078125 0.06796875 0.165625
3 0.803125 0.56640625 0.05546875 0.1109375
3 0.315625 0.284375 0.03984375 0.06796875
3 0.50703125 0.2765625 0.040625 0.071875
3 0.1328125 0.22109375 0.05234375 0.05859375
3 0.709375 0.31796875 0.07109375 0.071875
3 0.19921875 0.28515625 0.05625 0.0734375
3 0.08125 0.2640625 0.05234375 0.0640625
3 0.4125 0.2484375 0.04765625 0.0640625
3 0.29765625 0.18828125 0.040625 0.0625
3 0.35078125 0.240625 0.0375 0.06796875
3 0.78984375 0.70625 0.0625 0.12890625
3 0.4296875 0.425 0.053125 0.078125
3 0.8328125 0.29140625 0.03671875 0.0640625
3 0.65234375 0.225 0.0609375 0.04453125
3 0.57578125 0.440625 0.0828125 0.08203125
3 0.44140625 0.14453125 0.0515625 0.046875
3 0.60546875 0.321875 0.0671875 0.05390625
3 0.3453125 0.34140625 0.0453125 0.06640625
3 0.596875 0.371875 0.06953125 0.06640625
3 0.1796875 0.1796875 0.046875 0.05703125
3 0.38046875 0.20234375 0.034375 0.059375
3 0.6328125 0.61875 0.08125 0.10703125
3 0.725 0.2234375 0.059375 0.05546875
3 0.06171875 0.740625 0.0609375 0.134375
3 0.715625 0.2703125 0.06328125 0.059375
3 0.9453125 0.49140625 0.084375 0.08359375
3 0.815625 0.4421875 0.04765625 0.09609375
3 0.17578125 0.434375 0.0453125 0.1109375
3 0.021875 0.31796875 0.04296875 0.06640625
3 0.384375 0.290625 0.04453125 0.0609375
3 0.034375 0.459375 0.06875 0.096875
3 0.928125 0.41640625 0.0671875 0.071875
3 0.6515625 0.5171875 0.07890625 0.09296875
3 0.46484375 0.171875 0.0375 0.0515625
3 0.66875 0.43984375 0.06875 0.084375
3 0.4390625 0.2078125 0.04296875 0.05390625
3 0.559375 0.15703125 0.02890625 0.053125
3 0.265625 0.121875 0.02734375 0.0515625
3 0.25859375 0.2234375 0.0484375 0.06953125
3 0.2296875 0.3828125 0.04453125 0.084375
3 0.04765625 0.61015625 0.0578125 0.134375
3 0.5484375 0.1890625 0.0328125 0.06640625
3 0.275 0.3328125 0.0453125 0.0765625
3 0.8234375 0.3609375 0.04609375 0.08046875
3 0.096875 0.39140625 0.06640625 0.0890625
3 0.93671875 0.3453125 0.065625 0.06796875
3 0.9546875 0.9609375 0.0890625 0.075
3 0.471875 0.328125 0.05390625 0.1
3 0.4078125 0.171875 0.03984375 0.05390625
3 0.140625 0.61875 0.04375 0.109375
3 0.6375 0.2734375 0.0765625 0.05859375
3 0.3078125 0.396875 0.05234375 0.08203125
3 0.70234375 0.38046875 0.065625 0.071875
3 0.11796875 0.521875 0.046875 0.1015625
3 0.609375 0.7171875 0.07109375 0.12890625
3 0.9484375 0.57421875 0.06953125 0.06796875
3 0.2578125 0.45 0.05546875 0.046875
3 0.93359375 0.2875 0.0671875 0.053125
3 0.953125 0.834375 0.09296875 0.1359375
3 0.2609375 0.73125 0.0875 0.115625
6 0.16484375 0.90546875 0.28359375 0.1890625
3 0.33671875 0.5734375 0.0546875 0.09921875