4 0.46640625 0.35234375 0.021875 0.05625
4 0.60625 0.66171875 0.0328125 0.084375
3 0.515625 0.8703125 0.1140625 0.1703125
3 0.79140625 0.60703125 0.0703125 0.1171875
3 0.728125 0.8859375 0.0890625 0.1734375
3 0.53828125 0.2796875 0.05 0.0765625
3 0.49140625 0.13984375 0.0578125 0.053125
3 0.60703125 0.04375 0.046875 0.0421875
3 0.11796875 0.20703125 0.0609375 0.071875
3 0.34765625 0.2609375 0.0484375 0.0734375
3 0.4234375 0.18828125 0.0421875 0.0640625
3 0.44765625 0.2390625 0.059375 0.071875
3 0.03515625 0.67890625 0.0703125 0.1453125
3 0.23203125 0.24609375 0.065625 0.0796875
3 0.38828125 0.22265625 0.046875 0.0703125
3 0.34296875 0.16328125 0.0484375 0.0671875
3 0.7578125 0.740625 0.0796875 0.1390625
3 0.68828125 0.2484375 0.065625 0.053125
3 0.73125 0.3484375 0.084375 0.08125
3 0.17578125 0.17265625 0.059375 0.065625
3 0.6296875 0.33828125 0.075 0.0625
3 0.675 0.46484375 0.08125 0.096875
3 0.64765625 0.5375 0.090625 0.1046875
3 0.759375 0.25703125 0.06875 0.0640625
3 0.36875 0.3234375 0.05625 0.0765625
3 0.6140625 0.63203125 0.0953125 0.109375
3 0.0515625 0.25390625 0.0515625 0.0703125
3 0.22734375 0.13828125 0.053125 0.0625
3 0.821875 0.4859375 0.0640625 0.103125
3 0.60625 0.16875 0.0359375 0.05625
3 0.1875 0.390625 0.0609375 0.1171875
3 0.41484375 0.2765625 0.053125 0.0671875
3 0.3203125 0.09296875 0.034375 0.0546875
3 0.04453125 0.396875 0.08125 0.10625
3 0.61328125 0.38984375 0.078125 0.084375
3 0.03671875 0.546875 0.0734375 0.14375
3 0.9375 0.4765625 0.078125 0.0796875
3 0.440625 0.41484375 0.0640625 0.0859375
3 0.30078125 0.303125 0.05625 0.0828125
3 0.940625 0.5515625 0.09375 0.0953125
3 0.45390625 0.1625 0.0453125 0.059375
3 0.5796875 0.7296875 0.0859375 0.1359375
3 0.3 0.19375 0.0578125 0.0734375
3 0.83984375 0.40546875 0.0546875 0.084375
3 0.56171875 0.51796875 0.0765625 0.075
3 0.24765625 0.34765625 0.059375 0.09375
3 0.115625 0.3375 0.078125 0.0953125
3 0.66796875 0.29453125 0.084375 0.06875
3 0.85703125 0.3390625 0.04375 0.06875
3 0.7453125 0.303125 0.071875 0.06875
3 0.11796875 0.46875 0.0609375 0.1078125
3 0.32421875 0.36953125 0.0625 0.0859375
3 0.95703125 0.3484375 0.06875 0.0625
3 0.14140625 0.57109375 0.0953125 0.121875
3 0.49765625 0.32578125 0.065625 0.1046875
3 0.9328125 0.63203125 0.0765625 0.075
3 0.328125 0.00859375 0.021875 0.0171875
3 0.71640625 0.41015625 0.075 0.084375
3 0.590625 0.1984375 0.04375 0.0703125
3 0.90234375 0.89375 0.1109375 0.1421875
3 0.9546875 0.409375 0.0734375 0.06875
3 0.26953125 0.4328125 0.0765625 0.090625
3 0.86328125 0.29375 0.046875 0.0671875
6 0.13046875 0.859375 0.2609375 0.2125
2 0.6875 0.0625 0.146875 0.096875
6 0.0953125 0.8140625 0.190625 0.284375
3 0.23984375 0.69140625 0.0890625 0.1265625