6 0.24296875 0.921875 0.3046875 0.15625
3 0.83671875 0.79765625 0.09375 0.175
3 0.81015625 0.51171875 0.0734375 0.11875
3 0.046875 0.340625 0.0625 0.071875
3 0.38046875 0.16015625 0.059375 0.0546875
3 0.28203125 0.31953125 0.0515625 0.075
3 0.36875 0.26875 0.0609375 0.0734375
3 0.8203125 0.65078125 0.0828125 0.1390625
3 0.11015625 0.8140625 0.084375 0.146875
3 0.16640625 0.340625 0.06875 0.0828125
3 0.33046875 0.22734375 0.04375 0.0640625
3 0.3078125 0.2703125 0.0484375 0.071875
3 0.46796875 0.2796875 0.0515625 0.0796875
3 0.090625 0.2890625 0.0609375 0.0671875
3 0.59609375 0.253125 0.0859375 0.0703125
3 0.246875 0.228125 0.0515625 0.06875
3 0.41796875 0.43828125 0.065625 0.0859375
3 0.5734375 0.36015625 0.0828125 0.0859375
3 0.6015625 0.203125 0.0671875 0.0546875
3 0.67265625 0.28359375 0.0859375 0.0859375
3 0.65234375 0.490625 0.09375 0.1078125
3 0.5734375 0.30625 0.0765625 0.065625
3 0.6515625 0.59375 0.096875 0.11875
3 0.8015625 0.3875 0.065625 0.1046875
3 0.01171875 0.40546875 0.0234375 0.0703125
3 0.12890625 0.23984375 0.0546875 0.0640625
3 0.9078125 0.34375 0.0796875 0.08125
3 0.9359375 0.4125 0.096875 0.096875
3 0.67265625 0.18828125 0.0703125 0.0671875
3 0.65625 0.4125 0.084375 0.0984375
3 0.03828125 0.53984375 0.0765625 0.1078125
3 0.20390625 0.16796875 0.0359375 0.05625
3 0.2140625 0.2703125 0.059375 0.075
3 0.35 0.3140625 0.0546875 0.0671875
3 0.0734375 0.6890625 0.08125 0.1453125
3 0.3203125 0.37265625 0.05625 0.078125
3 0.084375 0.4640625 0.08125 0.0984375
3 0.62578125 0.00625 0.0453125 0.0125
3 0.9734375 0.75078125 0.053125 0.1484375
3 0.24921875 0.375 0.0578125 0.08125
3 0.35078125 0.19296875 0.0453125 0.059375
3 0.21484375 0.43203125 0.059375 0.0921875
3 0.4921875 0.18671875 0.046875 0.0734375
3 0.1671875 0.6828125 0.06875 0.11875
3 0.67265625 0.23671875 0.0734375 0.0703125
3 0.64375 0.6953125 0.096875 0.1375
3 0.44296875 0.33671875 0.0703125 0.1046875
3 0.1265625 0.58828125 0.0625 0.10625
3 0.78984375 0.2359375 0.0453125 0.0703125
3 0.953125 0.49609375 0.0796875 0.0859375
3 0.29296875 0.43125 0.0640625 0.0875
3 0.678125 0.3484375 0.0765625 0.084375
3 0.56328125 0.49921875 0.08125 0.0796875
3 0.79453125 0.30703125 0.059375 0.0875
3 0.90234375 0.271875 0.075 0.0765625
3 0.26015625 0.50703125 0.078125 0.0921875
3 0.78203125 0.18984375 0.0484375 0.06875
2 0.54609375 0.0515625 0.1765625 0.103125
3 0.3046875 0.76953125 0.0984375 0.125
6 0.178125 0.88984375 0.259375 0.2203125
3 0.98359375 0.8734375 0.0328125 0.096875