6 0.21875 0.91796875 0.296875 0.1640625
3 0.8203125 0.81484375 0.0859375 0.1734375
3 0.80859375 0.528125 0.06875 0.1171875
3 0.05546875 0.3171875 0.059375 0.0703125
3 0.3984375 0.1546875 0.05625 0.053125
3 0.29140625 0.30859375 0.0484375 0.0734375
3 0.38125 0.26171875 0.0578125 0.071875
3 0.81171875 0.6671875 0.0765625 0.1375
3 0.09453125 0.79296875 0.078125 0.1453125
3 0.175 0.3234375 0.0640625 0.0796875
3 0.3453125 0.21875 0.040625 0.0625
3 0.3203125 0.2609375 0.0453125 0.0703125
3 0.4796875 0.278125 0.0484375 0.078125
3 0.10234375 0.26796875 0.0578125 0.0640625
3 0.60859375 0.25859375 0.0828125 0.0671875
3 0.2609375 0.215625 0.0484375 0.0671875
3 0.42109375 0.434375 0.0625 0.084375
3 0.58125 0.3640625 0.0796875 0.0828125
3 0.6171875 0.20859375 0.065625 0.0515625
3 0.68359375 0.29296875 0.0828125 0.08125
3 0.65234375 0.4984375 0.090625 0.1046875
3 0.58359375 0.31015625 0.075 0.0625
3 0.64609375 0.6015625 0.0921875 0.115625
3 0.80703125 0.403125 0.0609375 0.1015625
3 0.0140625 0.378125 0.028125 0.06875
3 0.14296875 0.22109375 0.053125 0.0625
3 0.915625 0.365625 0.0765625 0.0796875
3 0.93984375 0.4359375 0.0921875 0.09375
3 0.6890625 0.19765625 0.0671875 0.0640625
3 0.66015625 0.4203125 0.0796875 0.0953125
3 0.0359375 0.51640625 0.071875 0.1046875
3 0.22109375 0.153125 0.034375 0.0546875
3 0.2265625 0.25546875 0.05625 0.0734375
3 0.359375 0.30625 0.0515625 0.065625
3 0.0640625 0.66640625 0.075 0.14375
3 0.32734375 0.3640625 0.053125 0.0765625
3 0.08671875 0.4421875 0.078125 0.0953125
3 0.653125 0.009375 0.04375 0.01875
3 0.96796875 0.77734375 0.0640625 0.1453125
3 0.25625 0.3625 0.0546875 0.0796875
3 0.3671875 0.1859375 0.04375 0.0578125
3 0.21875 0.4171875 0.0546875 0.090625
3 0.50859375 0.18671875 0.04375 0.071875
3 0.1578125 0.66484375 0.0625 0.1171875
3 0.6859375 0.24609375 0.0703125 0.0671875
3 0.63359375 0.70234375 0.090625 0.134375
3 0.4515625 0.33359375 0.065625 0.103125
3 0.12265625 0.56875 0.0578125 0.1046875
3 0.803125 0.2515625 0.0421875 0.06875
3 0.95234375 0.5203125 0.0765625 0.0828125
3 0.296875 0.4203125 0.0609375 0.0859375
3 0.6859375 0.35859375 0.0734375 0.0828125
3 0.56328125 0.50234375 0.078125 0.0765625
3 0.80390625 0.32265625 0.05625 0.0859375
3 0.9140625 0.29296875 0.071875 0.0734375
3 0.26015625 0.49453125 0.075 0.0890625
3 0.79765625 0.20546875 0.0453125 0.0671875
2 0.5703125 0.0515625 0.171875 0.103125
3 0.290625 0.75859375 0.09375 0.121875
6 0.15546875 0.88359375 0.2484375 0.2328125
3 0.97421875 0.90078125 0.0515625 0.0921875