4 0.759375 0.36484375 0.0140625 0.05703125
4 0.5171875 0.221875 0.00859375 0.04140625
4 0.7421875 0.365625 0.0109375 0.05703125
4 0.775 0.36640625 0.0125 0.05859375
4 0.5078125 0.22578125 0.0078125 0.03203125
6 0.16875 0.9015625 0.2734375 0.19453125
3 0.78984375 0.7 0.0578125 0.128125
3 0.596875 0.375 0.06953125 0.075
3 0.6375 0.27421875 0.0765625 0.059375
3 0.803125 0.565625 0.05546875 0.1125
3 0.5390625 0.03515625 0.0359375 0.034375
3 0.35078125 0.240625 0.0375 0.06796875
3 0.41171875 0.2484375 0.0484375 0.06640625
3 0.315625 0.284375 0.03984375 0.06953125
3 0.17578125 0.44765625 0.0421875 0.0984375
3 0.08203125 0.26328125 0.0515625 0.065625
3 0.7078125 0.31796875 0.075 0.071875
3 0.19921875 0.2859375 0.05625 0.071875
3 0.13359375 0.22109375 0.053125 0.05859375
3 0.3125 0.115625 0.040625 0.05859375
3 0.1796875 0.1796875 0.04609375 0.05703125
3 0.38046875 0.20234375 0.034375 0.059375
3 0.65078125 0.51640625 0.0796875 0.09453125
3 0.0625 0.74140625 0.05859375 0.1359375
3 0.9296875 0.415625 0.06875 0.06796875
3 0.29765625 0.18828125 0.040625 0.0625
3 0.50625 0.27734375 0.03984375 0.0734375
3 0.559375 0.85625 0.1078125 0.184375
3 0.6515625 0.2265625 0.059375 0.04453125
3 0.715625 0.2703125 0.0640625 0.059375
3 0.021875 0.31875 0.04296875 0.065625
3 0.259375 0.22421875 0.04921875 0.06796875
3 0.44140625 0.14453125 0.0515625 0.046875
3 0.63125 0.61875 0.08359375 0.10703125
3 0.81484375 0.44140625 0.0484375 0.096875
3 0.725 0.2234375 0.06015625 0.05546875
3 0.0484375 0.61171875 0.05859375 0.1375
3 0.034375 0.459375 0.06875 0.096875
3 0.66796875 0.440625 0.0703125 0.0859375
3 0.46328125 0.175 0.0375 0.05
3 0.7015625 0.38125 0.06484375 0.0765625
3 0.13984375 0.6203125 0.0453125 0.109375
3 0.3453125 0.34375 0.0453125 0.07109375
3 0.9453125 0.4890625 0.08359375 0.0859375
3 0.82109375 0.359375 0.040625 0.08046875
3 0.2296875 0.38359375 0.04375 0.0859375
3 0.94609375 0.57265625 0.06875 0.0734375
3 0.275 0.3328125 0.04609375 0.0765625
3 0.8328125 0.24375 0.0375 0.059375
3 0.47265625 0.328125 0.053125 0.0984375
3 0.40625 0.171875 0.03671875 0.05390625
3 0.4296875 0.425 0.053125 0.078125
3 0.93671875 0.34140625 0.065625 0.06953125
3 0.096875 0.39296875 0.06640625 0.0890625
3 0.54765625 0.1890625 0.034375 0.06640625
3 0.8296875 0.29140625 0.03828125 0.06640625
3 0.1171875 0.52265625 0.04765625 0.10390625
3 0.3078125 0.39609375 0.053125 0.08046875
3 0.9515625 0.834375 0.09453125 0.1375
3 0.61015625 0.71796875 0.075 0.121875
3 0.2640625 0.4671875 0.06484375 0.084375
3 0.55390625 0.5109375 0.05625 0.06640625
2 0.62734375 0.05390625 0.1609375 0.10546875
3 0.25625 0.7328125 0.08828125 0.11015625
3 0.95546875 0.959375 0.0890625 0.08125