4 0.34921875 0.1375 0.0203125 0.0421875
6 0.23515625 0.91796875 0.3015625 0.1640625
3 0.5765625 0.3625 0.08125 0.0859375
3 0.60078125 0.25546875 0.084375 0.0703125
3 0.8171875 0.6515625 0.078125 0.1359375
3 0.471875 0.27890625 0.0515625 0.078125
3 0.809375 0.5171875 0.0734375 0.11875
3 0.65 0.59765625 0.096875 0.1203125
3 0.6515625 0.49296875 0.09375 0.10625
3 0.41875 0.4359375 0.065625 0.084375
3 0.05 0.33203125 0.0609375 0.071875
3 0.28515625 0.315625 0.0515625 0.075
3 0.6765625 0.28671875 0.0828125 0.08125
3 0.49765625 0.1859375 0.0453125 0.0703125
3 0.16953125 0.33515625 0.0671875 0.08125
3 0.3125 0.26796875 0.0484375 0.071875
3 0.0953125 0.28125 0.0609375 0.0640625
3 0.134375 0.23359375 0.053125 0.0640625
3 0.3359375 0.22421875 0.04375 0.0640625
3 0.0375 0.53359375 0.075 0.1078125
3 0.38671875 0.15703125 0.0578125 0.053125
3 0.9109375 0.35 0.0796875 0.08125
3 0.60703125 0.20625 0.065625 0.053125
3 0.171875 0.4984375 0.0546875 0.1015625
3 0.2515625 0.2234375 0.05 0.06875
3 0.67890625 0.19140625 0.0671875 0.0640625
3 0.21875 0.265625 0.0578125 0.075
3 0.10625 0.803125 0.0765625 0.1359375
3 0.37421875 0.265625 0.0578125 0.071875
3 0.65703125 0.41484375 0.08125 0.0953125
3 0.67734375 0.2390625 0.071875 0.06875
3 0.07109375 0.6796875 0.078125 0.1421875
3 0.08515625 0.45546875 0.0796875 0.0953125
3 0.8046875 0.39375 0.065625 0.103125
3 0.21484375 0.42734375 0.0578125 0.0921875
3 0.35546875 0.190625 0.0421875 0.059375
3 0.2515625 0.3703125 0.0578125 0.0828125
3 0.0125 0.396875 0.025 0.06875
3 0.32265625 0.36953125 0.0546875 0.0734375
3 0.5609375 0.50078125 0.084375 0.078125
3 0.16484375 0.67421875 0.0640625 0.1171875
3 0.79375 0.24296875 0.046875 0.0703125
3 0.4453125 0.33515625 0.06875 0.1046875
3 0.79765625 0.3109375 0.059375 0.0890625
3 0.78984375 0.19296875 0.046875 0.0640625
3 0.1265625 0.58046875 0.0609375 0.10625
3 0.97109375 0.76015625 0.0578125 0.1484375
3 0.90546875 0.275 0.075 0.075
3 0.25546875 0.4890625 0.0609375 0.0546875
3 0.29375 0.428125 0.0640625 0.0890625
3 0.61484375 0.84296875 0.1359375 0.2
3 0.353125 0.57890625 0.0421875 0.0421875
3 0.89375 0.22265625 0.071875 0.0625
3 0.9375 0.42109375 0.0953125 0.096875
2 0.55625 0.0515625 0.175 0.103125
3 0.3 0.77109375 0.1046875 0.1421875
3 0.984375 0.88203125 0.03125 0.0953125