4 0.49296875 0.24453125 0.0171875 0.0484375
4 0.409375 0.13046875 0.0140625 0.0359375
4 0.50390625 0.24453125 0.015625 0.0484375
3 0.56171875 0.4265625 0.103125 0.090625
3 0.83203125 0.81015625 0.09375 0.1796875
3 0.471875 0.86328125 0.1390625 0.1546875
3 0.67734375 0.35078125 0.08125 0.0890625
3 0.65234375 0.48984375 0.09375 0.10625
3 0.39375 0.50859375 0.0734375 0.08125
3 0.6734375 0.2828125 0.084375 0.0828125
3 0.58984375 0.3 0.0796875 0.065625
3 0.80234375 0.38984375 0.0671875 0.10625
3 0.90859375 0.34296875 0.08125 0.0828125
3 0.93671875 0.41171875 0.0984375 0.103125
3 0.1671875 0.340625 0.06875 0.0828125
3 0.11171875 0.809375 0.0765625 0.1359375
3 0.65078125 0.70703125 0.0984375 0.1375
3 0.9890625 0.87578125 0.021875 0.0859375
3 0.35390625 0.31953125 0.0515625 0.06875
3 0.41796875 0.43828125 0.0671875 0.0828125
3 0.78984375 0.2375 0.046875 0.0734375
3 0.28125 0.31953125 0.0515625 0.075
3 0.55859375 0.49921875 0.0921875 0.084375
3 0.38046875 0.271875 0.053125 0.065625
3 0.64375 0.58515625 0.1015625 0.1234375
3 0.090625 0.28828125 0.0625 0.065625
3 0.65625 0.4125 0.0828125 0.096875
3 0.5734375 0.35703125 0.08125 0.0765625
3 0.084375 0.4625 0.0796875 0.096875
3 0.171875 0.503125 0.05625 0.1
3 0.03828125 0.5375 0.0765625 0.109375
3 0.60234375 0.20390625 0.0671875 0.0546875
3 0.046875 0.33984375 0.0625 0.0734375
3 0.26171875 0.91328125 0.1359375 0.1734375
3 0.24921875 0.3734375 0.05625 0.08125
3 0.3890625 0.2265625 0.0515625 0.0578125
3 0.3078125 0.27109375 0.0484375 0.071875
3 0.44296875 0.2390625 0.05 0.0625
3 0.7859375 0.1875 0.04375 0.0625
3 0.6734375 0.18828125 0.0671875 0.0640625
3 0.9734375 0.7515625 0.053125 0.15
3 0.3203125 0.37265625 0.0546875 0.071875
3 0.95390625 0.49453125 0.0875 0.084375
3 0.12890625 0.23984375 0.0546875 0.0609375
3 0.38125 0.16015625 0.059375 0.0546875
3 0.44375 0.33671875 0.06875 0.10625
3 0.5953125 0.25078125 0.084375 0.0625
3 0.61953125 0.84140625 0.1375 0.2
3 0.07421875 0.68671875 0.0796875 0.1421875
3 0.21484375 0.26953125 0.0609375 0.0765625
3 0.46875 0.27890625 0.0515625 0.078125
3 0.35390625 0.58046875 0.0421875 0.0390625
3 0.33203125 0.22890625 0.0453125 0.0640625
3 0.35 0.19296875 0.04375 0.059375
3 0.1671875 0.68125 0.0671875 0.11875
3 0.25625 0.49296875 0.0609375 0.0546875
3 0.29296875 0.43203125 0.065625 0.0921875
3 0.20703125 0.41875 0.04375 0.0609375
3 0.515625 0.72265625 0.121875 0.1328125
3 0.4859375 0.7453125 0.053125 0.0890625
3 0.128125 0.5875 0.0625 0.1078125
3 0.90078125 0.2703125 0.075 0.0765625
3 0.675 0.23359375 0.075 0.06875
3 0.19296875 0.575 0.0515625 0.0640625
2 0.5453125 0.05234375 0.178125 0.1046875
3 0.30703125 0.76796875 0.0953125 0.1203125