4 0.69375 0.55 0.0265625 0.071875
4 0.71171875 0.55625 0.0265625 0.0796875
2 0.56796875 0.040625 0.1484375 0.08125
3 0.453125 0.8640625 0.1359375 0.1546875
3 0.81484375 0.82890625 0.0875 0.1828125
3 0.82890625 0.6375 0.084375 0.1328125
3 0.56484375 0.43046875 0.1 0.0890625
3 0.60859375 0.2546875 0.0828125 0.059375
3 0.17265625 0.48671875 0.0515625 0.1015625
3 0.29140625 0.30859375 0.0484375 0.0734375
3 0.684375 0.3625 0.0765625 0.0859375
3 0.63828125 0.71484375 0.0953125 0.13125
3 0.684375 0.2921875 0.0796875 0.0796875
3 0.31953125 0.26171875 0.0453125 0.0703125
3 0.6390625 0.5921875 0.096875 0.1203125
3 0.32265625 0.49609375 0.0734375 0.08125
3 0.14296875 0.22109375 0.053125 0.0625
3 0.175 0.32421875 0.065625 0.08125
3 0.36171875 0.3125 0.05 0.06875
3 0.65234375 0.49921875 0.090625 0.103125
3 0.22734375 0.25546875 0.05625 0.0734375
3 0.80859375 0.4078125 0.0640625 0.109375
3 0.42109375 0.43515625 0.0625 0.084375
3 0.3984375 0.1546875 0.05625 0.053125
3 0.4796875 0.278125 0.0484375 0.078125
3 0.3921875 0.26640625 0.05 0.0640625
3 0.58046875 0.3609375 0.078125 0.0734375
3 0.103125 0.26875 0.059375 0.065625
3 0.05625 0.3171875 0.059375 0.071875
3 0.73359375 0.88671875 0.090625 0.1796875
3 0.065625 0.6671875 0.071875 0.140625
3 0.6015625 0.3046875 0.0765625 0.065625
3 0.096875 0.7921875 0.0734375 0.140625
3 0.0359375 0.515625 0.071875 0.10625
3 0.80078125 0.20390625 0.04375 0.0625
3 0.3453125 0.21875 0.040625 0.0625
3 0.66015625 0.4203125 0.0796875 0.0953125
3 0.25625 0.36171875 0.0546875 0.08125
3 0.803125 0.2546875 0.04375 0.071875
3 0.6171875 0.21015625 0.065625 0.0515625
3 0.65390625 0.0046875 0.0515625 0.009375
3 0.91640625 0.3640625 0.0765625 0.0796875
3 0.21796875 0.41796875 0.053125 0.09375
3 0.9359375 0.434375 0.0859375 0.0953125
3 0.68984375 0.19921875 0.065625 0.065625
3 0.4515625 0.33125 0.065625 0.109375
3 0.9671875 0.778125 0.065625 0.14375
3 0.08671875 0.4375 0.075 0.0875
3 0.12421875 0.5703125 0.059375 0.1125
3 0.36640625 0.1859375 0.040625 0.059375
3 0.328125 0.3640625 0.053125 0.075
3 0.6875 0.24375 0.0734375 0.0671875
3 0.5640625 0.503125 0.0765625 0.075
3 0.97109375 0.8984375 0.0578125 0.096875
3 0.46328125 0.7375 0.096875 0.121875
3 0.1703125 0.66328125 0.0859375 0.125
3 0.6015625 0.8484375 0.1296875 0.1921875
3 0.296875 0.42109375 0.0625 0.0890625
3 0.95234375 0.51640625 0.075 0.0734375
3 0.35 0.571875 0.0421875 0.0375
3 0.25234375 0.48125 0.0703125 0.0625
3 0.9125 0.290625 0.06875 0.075
3 0.29765625 0.76328125 0.0921875 0.1234375