4 0.13203125 0.14921875 0.0171875 0.0421875
6 0.09609375 0.81875 0.1921875 0.271875
2 0.6859375 0.06328125 0.1453125 0.0984375
3 0.515625 0.8703125 0.1140625 0.1703125
3 0.728125 0.8859375 0.090625 0.1734375
3 0.790625 0.6078125 0.0703125 0.1171875
3 0.34765625 0.2609375 0.0484375 0.0734375
3 0.53828125 0.2796875 0.05 0.0765625
3 0.175 0.17265625 0.059375 0.065625
3 0.7328125 0.34921875 0.0796875 0.08125
3 0.23203125 0.2453125 0.065625 0.08125
3 0.11796875 0.2078125 0.0609375 0.0703125
3 0.4484375 0.2390625 0.05625 0.0703125
3 0.34296875 0.16328125 0.0484375 0.0671875
3 0.38828125 0.22265625 0.046875 0.071875
3 0.75859375 0.74453125 0.0796875 0.1359375
3 0.440625 0.415625 0.0640625 0.084375
3 0.85859375 0.33984375 0.0453125 0.06875
3 0.6890625 0.24921875 0.0671875 0.053125
3 0.58359375 0.4515625 0.09375 0.0921875
3 0.49140625 0.13984375 0.0578125 0.053125
3 0.62890625 0.33828125 0.0734375 0.0625
3 0.36875 0.32109375 0.0546875 0.071875
3 0.6140625 0.38671875 0.078125 0.075
3 0.22734375 0.13828125 0.0546875 0.0625
3 0.4234375 0.18828125 0.0421875 0.0640625
3 0.61484375 0.6359375 0.0953125 0.1171875
3 0.7609375 0.2578125 0.0671875 0.0625
3 0.0359375 0.67734375 0.071875 0.1421875
3 0.7453125 0.30234375 0.0703125 0.0671875
3 0.9421875 0.553125 0.0953125 0.09375
3 0.8203125 0.48671875 0.0609375 0.1015625
3 0.18828125 0.38984375 0.0609375 0.115625
3 0.0515625 0.253125 0.0515625 0.071875
3 0.41484375 0.2765625 0.053125 0.0671875
3 0.04453125 0.3953125 0.08125 0.10625
3 0.9359375 0.4765625 0.0765625 0.08125
3 0.64765625 0.53828125 0.090625 0.103125
3 0.5109375 0.1703125 0.04375 0.05625
3 0.67578125 0.4640625 0.0796875 0.09375
3 0.48046875 0.20234375 0.05 0.059375
3 0.60625 0.16875 0.0359375 0.05625
3 0.3203125 0.09296875 0.034375 0.0546875
3 0.29921875 0.1921875 0.0578125 0.075
3 0.2484375 0.34609375 0.05625 0.0890625
3 0.0375 0.5453125 0.075 0.140625
3 0.59140625 0.19921875 0.0421875 0.0703125
3 0.30078125 0.303125 0.05625 0.0828125
3 0.83984375 0.40703125 0.05625 0.0859375
3 0.115625 0.33671875 0.078125 0.096875
3 0.95390625 0.4078125 0.075 0.0765625
3 0.88515625 0.98828125 0.0984375 0.0234375
3 0.49609375 0.32578125 0.0671875 0.10625
3 0.4546875 0.1625 0.046875 0.059375
3 0.12734375 0.56796875 0.0578125 0.1140625
3 0.66796875 0.29453125 0.084375 0.06875
3 0.32421875 0.37109375 0.0625 0.0890625
3 0.7171875 0.41015625 0.075 0.0796875
3 0.11875 0.46875 0.0609375 0.1078125
3 0.578125 0.73046875 0.0890625 0.1375
3 0.93359375 0.6359375 0.078125 0.0765625
3 0.2671875 0.41640625 0.0609375 0.0546875
3 0.95859375 0.35 0.0734375 0.0625
3 0.90234375 0.89453125 0.1109375 0.146875
3 0.23125 0.69609375 0.103125 0.1265625
6 0.1328125 0.85390625 0.265625 0.2265625
3 0.328125 0.55 0.0671875 0.10625