4 0.38046875 0.3640625 0.0203125 0.053125
4 0.4796875 0.2328125 0.01875 0.046875
4 0.6015625 0.09375 0.01875 0.04375
6 0.23359375 0.9171875 0.3015625 0.165625
3 0.62265625 0.84921875 0.115625 0.1703125
3 0.83125 0.803125 0.0921875 0.175
3 0.60078125 0.25546875 0.084375 0.06875
3 0.4375 0.15625 0.046875 0.0578125
3 0.284375 0.315625 0.0515625 0.075
3 0.809375 0.5171875 0.0734375 0.1203125
3 0.93828125 0.4203125 0.096875 0.1
3 0.67734375 0.28515625 0.084375 0.08125
3 0.56484375 0.4296875 0.0953125 0.0921875
3 0.65234375 0.4921875 0.0921875 0.10625
3 0.16953125 0.4875 0.0625 0.1203125
3 0.79609375 0.24140625 0.0484375 0.0703125
3 0.0375 0.53046875 0.075 0.1078125
3 0.81875 0.65546875 0.0828125 0.1453125
3 0.91171875 0.35078125 0.08125 0.084375
3 0.09375 0.28125 0.0609375 0.0640625
3 0.10625 0.80234375 0.075 0.134375
3 0.57578125 0.3078125 0.075 0.0625
3 0.80390625 0.39296875 0.065625 0.103125
3 0.2515625 0.2234375 0.05 0.06875
3 0.41875 0.43671875 0.065625 0.0828125
3 0.65703125 0.4140625 0.08125 0.09375
3 0.6078125 0.20546875 0.06875 0.0546875
3 0.57578125 0.35859375 0.0796875 0.0765625
3 0.471875 0.27734375 0.0515625 0.078125
3 0.67734375 0.23984375 0.071875 0.0671875
3 0.37421875 0.2640625 0.05625 0.0703125
3 0.5046875 0.1515625 0.0390625 0.0578125
3 0.65 0.59765625 0.096875 0.1203125
3 0.39375 0.2203125 0.05 0.059375
3 0.0125 0.39375 0.025 0.071875
3 0.13359375 0.234375 0.0546875 0.0625
3 0.9859375 0.884375 0.028125 0.0875
3 0.21484375 0.4265625 0.05625 0.090625
3 0.3359375 0.22421875 0.04375 0.0640625
3 0.04921875 0.33203125 0.0625 0.0734375
3 0.796875 0.3109375 0.05625 0.0859375
3 0.3875 0.159375 0.059375 0.0515625
3 0.56328125 0.5 0.0796875 0.078125
3 0.353125 0.3109375 0.0546875 0.0671875
3 0.13203125 0.390625 0.071875 0.0859375
3 0.084375 0.4546875 0.078125 0.0953125
3 0.21796875 0.26484375 0.0578125 0.0765625
3 0.3578125 0.18984375 0.046875 0.0609375
3 0.49921875 0.1875 0.0421875 0.065625
3 0.32265625 0.36875 0.0546875 0.075
3 0.31328125 0.26796875 0.0484375 0.071875
3 0.1640625 0.67421875 0.065625 0.1171875
3 0.67890625 0.190625 0.0671875 0.0625
3 0.1703125 0.33359375 0.065625 0.0796875
3 0.971875 0.76015625 0.05625 0.1484375
3 0.209375 0.16328125 0.034375 0.0546875
3 0.07109375 0.6796875 0.078125 0.1421875
3 0.12578125 0.56796875 0.05625 0.078125
3 0.25625 0.48828125 0.059375 0.0515625
3 0.35390625 0.57734375 0.0421875 0.0390625
3 0.953125 0.5015625 0.0828125 0.08125
3 0.90625 0.2765625 0.0734375 0.0734375
3 0.29375 0.42734375 0.0640625 0.090625
3 0.4453125 0.334375 0.06875 0.109375
3 0.63984375 0.69921875 0.09375 0.1375
3 0.68046875 0.35078125 0.075 0.08125
3 0.89453125 0.225 0.0734375 0.0609375
3 0.2515625 0.36953125 0.05625 0.08125
2 0.55546875 0.05234375 0.1765625 0.1046875
3 0.3 0.77578125 0.1046875 0.1390625
3 0.37265625 0.12109375 0.0734375 0.053125