4 0.578125 0.165625 0.009375 0.04609375
4 0.61171875 0.12734375 0.0109375 0.04609375
4 0.6078125 0.1515625 0.01015625 0.04140625
4 0.59453125 0.13984375 0.009375 0.040625
3 0.41171875 0.85625 0.1234375 0.140625
3 0.559375 0.86015625 0.09140625 0.159375
3 0.5734375 0.43828125 0.090625 0.0765625
3 0.1796875 0.18046875 0.04609375 0.05546875
3 0.709375 0.3171875 0.071875 0.07109375
3 0.19375 0.865625 0.11015625 0.1625
3 0.5984375 0.371875 0.07109375 0.06640625
3 0.0203125 0.31640625 0.040625 0.0640625
3 0.6375 0.2703125 0.0765625 0.0515625
3 0.8046875 0.534375 0.0515625 0.10390625
3 0.6265625 0.60859375 0.0828125 0.1109375
3 0.315625 0.284375 0.03984375 0.06953125
3 0.7734375 0.87109375 0.06640625 0.1890625
3 0.0484375 0.61328125 0.05703125 0.1375
3 0.60859375 0.7296875 0.0859375 0.1265625
3 0.946875 0.4890625 0.08671875 0.0859375
3 0.6515625 0.51796875 0.07734375 0.09453125
3 0.4296875 0.4265625 0.0546875 0.08046875
3 0.0640625 0.7390625 0.05859375 0.13359375
3 0.08203125 0.2640625 0.0515625 0.0640625
3 0.153125 0.33671875 0.06328125 0.07890625
3 0.3859375 0.296875 0.04296875 0.0640625
3 0.259375 0.225 0.0484375 0.06953125
3 0.421875 0.2546875 0.04296875 0.059375
3 0.1765625 0.446875 0.03984375 0.096875
3 0.7859375 0.71484375 0.0640625 0.14609375
3 0.39453125 0.49609375 0.0640625 0.08359375
3 0.03515625 0.459375 0.0703125 0.10390625
3 0.6515625 0.2265625 0.059375 0.04453125
3 0.35078125 0.24140625 0.0375 0.06640625
3 0.52734375 0.23828125 0.0390625 0.059375
3 0.2 0.28515625 0.05546875 0.0734375
3 0.23046875 0.384375 0.04375 0.0859375
3 0.66875 0.440625 0.06796875 0.0859375
3 0.72578125 0.225 0.059375 0.05546875
3 0.50703125 0.2765625 0.040625 0.075
3 0.62421875 0.31875 0.0703125 0.05703125
3 0.81796875 0.44765625 0.0515625 0.109375
3 0.34609375 0.34453125 0.0453125 0.06953125
3 0.496875 0.15390625 0.03828125 0.053125
3 0.4375 0.21328125 0.04453125 0.05390625
3 0.70078125 0.384375 0.0671875 0.08359375
3 0.275 0.3328125 0.0453125 0.0765625
3 0.4703125 0.1765625 0.040625 0.05546875
3 0.44140625 0.14453125 0.0515625 0.046875
3 0.8359375 0.24140625 0.03359375 0.05859375
3 0.3828125 0.20546875 0.0375 0.05859375
3 0.096875 0.3890625 0.065625 0.08359375
3 0.11875 0.5234375 0.046875 0.10546875
3 0.471875 0.328125 0.05390625 0.0984375
3 0.9546875 0.9625 0.08984375 0.071875
3 0.92734375 0.415625 0.0671875 0.071875
3 0.5609375 0.51171875 0.0734375 0.06796875
3 0.4109375 0.17265625 0.04609375 0.05390625
3 0.83125 0.29296875 0.034375 0.06953125
3 0.2578125 0.45078125 0.05625 0.05703125
3 0.1421875 0.621875 0.05703125 0.115625
3 0.18828125 0.51015625 0.0375 0.040625
3 0.34296875 0.5546875 0.0375 0.034375
3 0.93671875 0.3421875 0.0625 0.065625
3 0.71796875 0.26640625 0.0640625 0.05859375
3 0.3078125 0.39765625 0.05234375 0.084375
3 0.9515625 0.834375 0.09453125 0.13203125
4 0.3015625 0.09296875 0.01171875 0.0359375
2 0.6265625 0.04609375 0.1421875 0.07578125
3 0.2671875 0.72578125 0.08046875 0.1140625
3 0.26875 0.13046875 0.02578125 0.05
3 0.2578125 0.10859375 0.02578125 0.040625