4 0.56015625 0.16171875 0.0125 0.046875
4 0.5921875 0.121875 0.0140625 0.046875
4 0.5890625 0.14609375 0.0125 0.0421875
4 0.57578125 0.13515625 0.0109375 0.040625
3 0.43046875 0.86015625 0.13125 0.146875
3 0.578125 0.85625 0.1 0.1640625
3 0.5703125 0.434375 0.09375 0.08125
3 0.16328125 0.19765625 0.0484375 0.0578125
3 0.69921875 0.30625 0.075 0.075
3 0.21328125 0.88125 0.11875 0.16875
3 0.59140625 0.3671875 0.075 0.0703125
3 0.01640625 0.340625 0.0328125 0.065625
3 0.625 0.26328125 0.0796875 0.05625
3 0.80625 0.51875 0.05625 0.10625
3 0.63203125 0.6015625 0.0890625 0.115625
3 0.3046875 0.29453125 0.04375 0.071875
3 0.7921875 0.85625 0.0765625 0.1921875
3 0.0546875 0.63671875 0.0640625 0.140625
3 0.6203125 0.7234375 0.0921875 0.13125
3 0.9453125 0.465625 0.090625 0.090625
3 0.65234375 0.51015625 0.0828125 0.0984375
3 0.42578125 0.43046875 0.059375 0.0828125
3 0.07734375 0.76171875 0.065625 0.1359375
3 0.0703125 0.2859375 0.0546875 0.0671875
3 0.1453125 0.35546875 0.0671875 0.0828125
3 0.37578125 0.303125 0.046875 0.065625
3 0.2453125 0.23828125 0.0515625 0.071875
3 0.409375 0.259375 0.0453125 0.0609375
3 0.17421875 0.4640625 0.0453125 0.0984375
3 0.796875 0.69921875 0.071875 0.15
3 0.39453125 0.5015625 0.06875 0.0875
3 0.03515625 0.48359375 0.0703125 0.1078125
3 0.63671875 0.21875 0.0609375 0.046875
3 0.3375 0.24921875 0.040625 0.06875
3 0.51328125 0.2375 0.0421875 0.0609375
3 0.1890625 0.30078125 0.059375 0.0765625
3 0.225 0.3984375 0.0484375 0.0875
3 0.665625 0.43203125 0.071875 0.0890625
3 0.7109375 0.21328125 0.0625 0.0578125
3 0.4953125 0.2765625 0.04375 0.0765625
3 0.61484375 0.3125 0.0734375 0.0609375
3 0.81484375 0.43125 0.0578125 0.1125
3 0.33828125 0.353125 0.0484375 0.071875
3 0.47890625 0.1546875 0.040625 0.0546875
3 0.42265625 0.2171875 0.046875 0.05625
3 0.69453125 0.37421875 0.071875 0.0875
3 0.26640625 0.34453125 0.05 0.078125
3 0.453125 0.17890625 0.04375 0.0578125
3 0.42265625 0.1484375 0.0546875 0.05
3 0.821875 0.22421875 0.0359375 0.0609375
3 0.3671875 0.21171875 0.040625 0.0609375
3 0.09140625 0.41015625 0.0703125 0.0875
3 0.1203125 0.54296875 0.0515625 0.1078125
3 0.46328125 0.3296875 0.059375 0.1015625
3 0.965625 0.93828125 0.06875 0.0765625
3 0.92265625 0.39375 0.0703125 0.075
3 0.56171875 0.50859375 0.0765625 0.071875
3 0.39375 0.178125 0.0484375 0.05625
3 0.8203125 0.27578125 0.0375 0.071875
3 0.25546875 0.46328125 0.059375 0.059375
3 0.14921875 0.640625 0.0625 0.11875
3 0.1890625 0.5265625 0.0390625 0.0421875
3 0.34609375 0.5625 0.0390625 0.0359375
3 0.928125 0.31953125 0.065625 0.06875
3 0.70546875 0.25546875 0.0671875 0.0625
3 0.30234375 0.4078125 0.05625 0.0875
3 0.95859375 0.809375 0.0828125 0.1375
4 0.28046875 0.10390625 0.0140625 0.0359375
2 0.60234375 0.040625 0.1453125 0.08125
3 0.2796875 0.7375 0.0859375 0.11875
3 0.25 0.14296875 0.028125 0.0515625
3 0.2375 0.121875 0.028125 0.0421875