4 0.46171875 0.109375 0.0203125 0.0421875
6 0.13203125 0.853125 0.2640625 0.225
3 0.61328125 0.390625 0.0796875 0.0859375
3 0.66796875 0.2953125 0.084375 0.06875
3 0.759375 0.7375 0.0765625 0.1359375
3 0.53828125 0.28046875 0.05 0.078125
3 0.79140625 0.60703125 0.071875 0.1171875
3 0.61484375 0.63671875 0.0953125 0.11875
3 0.646875 0.5375 0.0921875 0.1046875
3 0.440625 0.41484375 0.0640625 0.0828125
3 0.11875 0.2078125 0.059375 0.0703125
3 0.3484375 0.2609375 0.05 0.075
3 0.73125 0.34765625 0.08125 0.08125
3 0.58984375 0.1984375 0.04375 0.0703125
3 0.23203125 0.2453125 0.065625 0.08125
3 0.38828125 0.2234375 0.0484375 0.071875
3 0.1765625 0.171875 0.059375 0.0640625
3 0.228125 0.13828125 0.053125 0.0625
3 0.42421875 0.1890625 0.04375 0.0640625
3 0.04453125 0.39609375 0.08125 0.1078125
3 0.49140625 0.1390625 0.0578125 0.053125
3 0.93671875 0.4765625 0.078125 0.08125
3 0.68828125 0.25 0.065625 0.053125
3 0.18671875 0.40234375 0.053125 0.1015625
3 0.34296875 0.16328125 0.0484375 0.0671875
3 0.7609375 0.2578125 0.0671875 0.0625
3 0.29921875 0.19296875 0.0578125 0.0734375
3 0.0359375 0.6734375 0.071875 0.134375
3 0.4484375 0.23984375 0.05625 0.071875
3 0.675 0.46484375 0.0796875 0.0953125
3 0.7453125 0.30234375 0.071875 0.0671875
3 0.0375 0.54609375 0.075 0.140625
3 0.115625 0.33671875 0.078125 0.09375
3 0.821875 0.4875 0.0640625 0.103125
3 0.2484375 0.346875 0.05625 0.090625
3 0.45234375 0.16171875 0.0421875 0.0578125
3 0.30078125 0.303125 0.0578125 0.0828125
3 0.05078125 0.25546875 0.05 0.0671875
3 0.36875 0.3234375 0.053125 0.0734375
3 0.5578125 0.51875 0.084375 0.078125
3 0.128125 0.56875 0.0625 0.115625
3 0.85625 0.33984375 0.046875 0.0703125
3 0.49609375 0.3265625 0.0671875 0.103125
3 0.83984375 0.40625 0.059375 0.0875
3 0.8671875 0.29140625 0.046875 0.0640625
3 0.11953125 0.46796875 0.059375 0.1046875
3 0.9015625 0.8953125 0.1125 0.1484375
3 0.95390625 0.40390625 0.0734375 0.075
3 0.26953125 0.41796875 0.0609375 0.053125
3 0.32421875 0.37109375 0.0625 0.0890625
3 0.509375 0.86171875 0.1328125 0.1984375
3 0.33671875 0.53203125 0.0421875 0.0421875
3 0.95703125 0.35 0.0703125 0.0609375
3 0.94140625 0.55234375 0.09375 0.0953125
2 0.68828125 0.075 0.1734375 0.128125
3 0.2296875 0.70078125 0.103125 0.140625
3 0.88671875 0.984375 0.1015625 0.03125