4 0.67734375 0.5921875 0.0265625 0.071875
4 0.69375 0.60234375 0.025 0.0796875
2 0.671875 0.05859375 0.146875 0.1
3 0.37265625 0.84375 0.134375 0.153125
3 0.7328125 0.89140625 0.0859375 0.1828125
3 0.7890625 0.7078125 0.0828125 0.13125
3 0.57890625 0.446875 0.0984375 0.0875
3 0.6609375 0.28515625 0.08125 0.0578125
3 0.18359375 0.41328125 0.05 0.1
3 0.33984375 0.26640625 0.0484375 0.0734375
3 0.7109375 0.4078125 0.075 0.084375
3 0.5859375 0.740625 0.0921875 0.1296875
3 0.7265625 0.3390625 0.0796875 0.0796875
3 0.378125 0.22734375 0.04375 0.0703125
3 0.61484375 0.62109375 0.0953125 0.11875
3 0.328125 0.45625 0.0734375 0.0796875
3 0.21484375 0.14765625 0.0515625 0.0609375
3 0.2234375 0.25546875 0.0640625 0.08125
3 0.4078125 0.2859375 0.05 0.06875
3 0.64921875 0.53359375 0.090625 0.103125
3 0.28984375 0.20078125 0.0546875 0.0734375
3 0.82109375 0.4796875 0.0625 0.1078125
3 0.4375 0.41875 0.0625 0.084375
3 0.47890625 0.140625 0.05625 0.0515625
3 0.53046875 0.2796875 0.046875 0.0765625
3 0.44765625 0.24765625 0.0484375 0.0640625
3 0.609375 0.3828125 0.078125 0.0734375
3 0.165625 0.18515625 0.0578125 0.0640625
3 0.10859375 0.22265625 0.0578125 0.0703125
3 0.640625 0.9203125 0.0875 0.159375
3 0.0390625 0.565625 0.0703125 0.1390625
3 0.6421875 0.3328125 0.0765625 0.0640625
3 0.04140625 0.69375 0.0703125 0.1390625
3 0.04140625 0.41015625 0.078125 0.1046875
3 0.859375 0.2796875 0.0421875 0.0625
3 0.4125 0.19140625 0.040625 0.0625
3 0.67421875 0.45859375 0.078125 0.09375
3 0.29375 0.31015625 0.053125 0.08125
3 0.85 0.3296875 0.0421875 0.071875
3 0.6796875 0.24375 0.0640625 0.05
3 0.76484375 0.03984375 0.05 0.034375
3 0.9359375 0.4609375 0.0765625 0.078125
3 0.24296875 0.35703125 0.0515625 0.09375
3 0.9390625 0.534375 0.084375 0.0953125
3 0.75234375 0.24921875 0.065625 0.065625
3 0.490625 0.325 0.0640625 0.1078125
3 0.91484375 0.88125 0.1078125 0.1421875
3 0.11171875 0.34609375 0.0734375 0.0875
3 0.11796875 0.484375 0.05625 0.1109375
3 0.440625 0.1640625 0.040625 0.059375
3 0.36328125 0.32890625 0.0515625 0.0734375
3 0.73984375 0.29296875 0.0734375 0.065625
3 0.56171875 0.5171875 0.075 0.0734375
3 0.896875 0.9765625 0.1125 0.046875
3 0.4109375 0.7234375 0.0953125 0.1203125
3 0.1421875 0.58515625 0.084375 0.1234375
3 0.52109375 0.8625 0.1265625 0.190625
3 0.31953125 0.37734375 0.0609375 0.0890625
3 0.93671875 0.6171875 0.075 0.0734375
3 0.3375 0.53671875 0.0421875 0.0375
3 0.2625 0.4265625 0.06875 0.0625
3 0.94921875 0.38828125 0.0671875 0.0734375
3 0.24375 0.7109375 0.0890625 0.121875