4 0.43671875 0.3625 0.0171875 0.05625
4 0.6375 0.6359375 0.028125 0.0828125
3 0.5921875 0.859375 0.103125 0.165625
3 0.80703125 0.54453125 0.0625 0.1140625
3 0.803125 0.83046875 0.078125 0.1703125
3 0.49140625 0.2765625 0.0453125 0.075
3 0.41640625 0.14921875 0.0546875 0.05
3 0.509375 0.03203125 0.0453125 0.0390625
3 0.065625 0.29296875 0.05625 0.06875
3 0.30078125 0.29765625 0.04375 0.0703125
3 0.36015625 0.21171875 0.0390625 0.0609375
3 0.39453125 0.25625 0.0546875 0.06875
3 0.07890625 0.771875 0.071875 0.1421875
3 0.18515625 0.3078125 0.0609375 0.075
3 0.3328125 0.2515625 0.0421875 0.06875
3 0.2765625 0.203125 0.0453125 0.065625
3 0.80234375 0.68203125 0.0703125 0.1359375
3 0.63203125 0.21484375 0.0625 0.0484375
3 0.69453125 0.30390625 0.0796875 0.0765625
3 0.11484375 0.24765625 0.05625 0.0625
3 0.59375 0.31484375 0.071875 0.0578125
3 0.6640625 0.42890625 0.075 0.0921875
3 0.65234375 0.50546875 0.084375 0.1
3 0.70390625 0.20859375 0.065625 0.059375
3 0.33515625 0.3546875 0.0515625 0.0734375
3 0.6390625 0.60546875 0.0890625 0.1046875
3 0.01640625 0.3515625 0.0328125 0.06875
3 0.1578125 0.203125 0.05 0.059375
3 0.8125 0.41953125 0.0578125 0.1
3 0.53515625 0.15390625 0.0328125 0.0546875
3 0.17109375 0.4578125 0.053125 0.115625
3 0.3703125 0.29921875 0.0484375 0.0640625
3 0.23984375 0.1390625 0.03125 0.053125
3 0.03515625 0.49296875 0.0703125 0.1015625
3 0.58828125 0.36875 0.0734375 0.0796875
3 0.05546875 0.64296875 0.06875 0.140625
3 0.92265625 0.3859375 0.075 0.075
3 0.42421875 0.4296875 0.0578125 0.0828125
3 0.2640625 0.34921875 0.05 0.0796875
3 0.9421875 0.45859375 0.0890625 0.090625
3 0.384375 0.17890625 0.040625 0.05625
3 0.62578125 0.7078125 0.078125 0.1328125
3 0.240625 0.24140625 0.053125 0.071875
3 0.8125 0.3375 0.0484375 0.08125
3 0.5640625 0.5046875 0.0734375 0.0703125
3 0.221875 0.40390625 0.053125 0.090625
3 0.090625 0.4203125 0.071875 0.0921875
3 0.62109375 0.2640625 0.0796875 0.0640625
3 0.815625 0.26796875 0.0390625 0.065625
3 0.69921875 0.25625 0.06875 0.065625
3 0.11953125 0.5484375 0.0546875 0.1046875
3 0.30078125 0.40859375 0.05625 0.0828125
3 0.915625 0.25703125 0.065625 0.0578125
3 0.1640625 0.64375 0.0875 0.1171875
3 0.46171875 0.33046875 0.059375 0.1015625
3 0.95078125 0.5390625 0.071875 0.0703125
3 0.22890625 0.05390625 0.0203125 0.0203125
3 0.69296875 0.3671875 0.0703125 0.08125
3 0.52578125 0.18671875 0.0390625 0.06875
3 0.96171875 0.80078125 0.0765625 0.1359375
3 0.92578125 0.31640625 0.06875 0.065625
3 0.2609375 0.48203125 0.071875 0.0859375
3 0.8125 0.22265625 0.04375 0.065625
6 0.19453125 0.91796875 0.2890625 0.1640625
2 0.59296875 0.03828125 0.1421875 0.0765625
6 0.13671875 0.88125 0.2390625 0.2375
3 0.28515625 0.74140625 0.08125 0.121875