4 0.5375 0.246875 0.00859375 0.0484375
4 0.475 0.1203125 0.00859375 0.034375
4 0.5484375 0.24921875 0.0078125 0.0484375
3 0.5734375 0.43828125 0.09140625 0.0765625
3 0.7734375 0.86328125 0.065625 0.17109375
3 0.409375 0.853125 0.11796875 0.1359375
3 0.70078125 0.38359375 0.06875 0.078125
3 0.6515625 0.51640625 0.078125 0.09453125
3 0.39375 0.48984375 0.06171875 0.07109375
3 0.70859375 0.31640625 0.0734375 0.071875
3 0.6234375 0.31875 0.07109375 0.05390625
3 0.8171875 0.44375 0.05078125 0.0984375
3 0.9296875 0.41640625 0.0703125 0.071875
3 0.9453125 0.4890625 0.084375 0.0890625
3 0.2 0.28515625 0.05703125 0.0734375
3 0.0640625 0.7375 0.05546875 0.128125
3 0.6125 0.7296875 0.07734375 0.1265625
3 0.9546875 0.9625 0.08828125 0.071875
3 0.3875 0.296875 0.04140625 0.0625
3 0.4296875 0.425 0.0546875 0.075
3 0.83125 0.2921875 0.03515625 0.06796875
3 0.315625 0.284375 0.03984375 0.06953125
3 0.5578125 0.509375 0.08046875 0.07109375
3 0.421875 0.2546875 0.04375 0.059375
3 0.6265625 0.60859375 0.08359375 0.1109375
3 0.13359375 0.2203125 0.053125 0.05703125
3 0.66875 0.440625 0.06875 0.0859375
3 0.596875 0.371875 0.0703125 0.065625
3 0.096875 0.390625 0.06640625 0.0859375
3 0.1765625 0.44609375 0.03984375 0.09453125
3 0.034375 0.45703125 0.06875 0.0984375
3 0.65234375 0.2265625 0.0609375 0.04453125
3 0.08125 0.26328125 0.05234375 0.065625
3 0.19375 0.8671875 0.109375 0.159375
3 0.275 0.33203125 0.04453125 0.075
3 0.43828125 0.21171875 0.04375 0.0515625
3 0.35078125 0.24140625 0.0375 0.06640625
3 0.4890625 0.2328125 0.040625 0.05703125
3 0.8359375 0.2421875 0.034375 0.05703125
3 0.725 0.2234375 0.05859375 0.05546875
3 0.953125 0.8359375 0.09296875 0.1359375
3 0.3453125 0.34375 0.04453125 0.065625
3 0.94765625 0.5734375 0.0765625 0.071875
3 0.1796875 0.1796875 0.04609375 0.05390625
3 0.4421875 0.14453125 0.05234375 0.046875
3 0.47265625 0.3296875 0.053125 0.0984375
3 0.6375 0.27109375 0.07734375 0.05
3 0.55859375 0.85703125 0.1078125 0.18359375
3 0.0484375 0.61015625 0.05703125 0.134375
3 0.259375 0.2234375 0.04921875 0.06953125
3 0.5078125 0.2765625 0.03984375 0.071875
3 0.3421875 0.55390625 0.03671875 0.03359375
3 0.38203125 0.20390625 0.0359375 0.05859375
3 0.40546875 0.171875 0.034375 0.05390625
3 0.140625 0.6203125 0.0484375 0.1125
3 0.2609375 0.45078125 0.05390625 0.04609375
3 0.3078125 0.396875 0.05234375 0.08359375
3 0.22578125 0.36953125 0.034375 0.05546875
3 0.4765625 0.721875 0.10390625 0.11640625
3 0.44375 0.7390625 0.0390625 0.08359375
3 0.11875 0.521875 0.04609375 0.1015625
3 0.934375 0.34375 0.06484375 0.065625
3 0.71875 0.26796875 0.06640625 0.05859375
3 0.184375 0.5203125 0.0421875 0.05703125
2 0.625 0.053125 0.1625 0.10625
3 0.26328125 0.73046875 0.078125 0.10859375