6 0.1671875 0.90703125 0.27734375 0.1828125
3 0.7796875 0.8515625 0.06640625 0.16640625
3 0.803125 0.565625 0.05546875 0.1109375
3 0.08125 0.2640625 0.05234375 0.0640625
3 0.44140625 0.14453125 0.0515625 0.046875
3 0.31640625 0.284375 0.040625 0.06953125
3 0.4109375 0.24921875 0.05 0.065625
3 0.7890625 0.70390625 0.06171875 0.13046875
3 0.06171875 0.74140625 0.0609375 0.1390625
3 0.19921875 0.28515625 0.05625 0.0734375
3 0.38046875 0.20234375 0.034375 0.059375
3 0.35078125 0.240625 0.0375 0.06640625
3 0.50703125 0.27734375 0.0390625 0.0734375
3 0.13359375 0.22109375 0.0515625 0.05859375
3 0.6375 0.2734375 0.0765625 0.05859375
3 0.29765625 0.18828125 0.040625 0.0625
3 0.4296875 0.425 0.053125 0.078125
3 0.596875 0.375 0.07109375 0.075
3 0.6515625 0.225 0.06015625 0.04453125
3 0.7078125 0.3171875 0.07421875 0.0734375
3 0.6515625 0.5171875 0.07890625 0.09609375
3 0.60625 0.321875 0.06875 0.05390625
3 0.6328125 0.61875 0.0796875 0.10703125
3 0.81640625 0.44140625 0.05 0.096875
3 0.021875 0.31953125 0.04296875 0.0640625
3 0.1796875 0.1796875 0.04609375 0.05703125
3 0.92890625 0.4171875 0.06875 0.07109375
3 0.94453125 0.48984375 0.0828125 0.084375
3 0.72421875 0.22265625 0.0609375 0.05703125
3 0.66875 0.440625 0.06953125 0.0875
3 0.034375 0.459375 0.06875 0.096875
3 0.265625 0.121875 0.028125 0.0515625
3 0.25859375 0.22421875 0.0484375 0.06796875
3 0.384375 0.290625 0.04453125 0.0609375
3 0.046875 0.61171875 0.05859375 0.1375
3 0.3453125 0.34375 0.0453125 0.07109375
3 0.096875 0.3921875 0.0671875 0.0875
3 0.7125 0.02265625 0.040625 0.034375
3 0.953125 0.83515625 0.09296875 0.134375
3 0.275 0.33359375 0.0453125 0.075
3 0.40625 0.171875 0.03671875 0.05390625
3 0.23125 0.38359375 0.04453125 0.0859375
3 0.546875 0.18984375 0.03515625 0.06796875
3 0.140625 0.621875 0.04921875 0.1125
3 0.715625 0.2703125 0.0640625 0.059375
3 0.6078125 0.7171875 0.07578125 0.1265625
3 0.471875 0.32890625 0.05390625 0.096875
3 0.1171875 0.521875 0.04609375 0.1
3 0.83125 0.290625 0.03515625 0.065625
3 0.946875 0.575 0.06796875 0.075
3 0.3078125 0.39609375 0.0515625 0.08046875
3 0.7015625 0.38203125 0.06484375 0.075
3 0.5625 0.51015625 0.0703125 0.06796875
3 0.8234375 0.3609375 0.04609375 0.08046875
3 0.9359375 0.3453125 0.06484375 0.065625
3 0.2625 0.465625 0.06484375 0.08203125
3 0.83125 0.24375 0.03828125 0.0625
2 0.62578125 0.053125 0.1609375 0.10390625
3 0.2609375 0.73125 0.08046875 0.11328125
6 0.10859375 0.8671875 0.2171875 0.265625
3 0.95078125 0.959375 0.0984375 0.08046875