4 0.55078125 0.24921875 0.0109375 0.0484375
4 0.49453125 0.11953125 0.0109375 0.034375
4 0.56171875 0.25234375 0.0109375 0.0484375
3 0.5765625 0.4421875 0.0953125 0.08125
3 0.75390625 0.87734375 0.075 0.175
3 0.39140625 0.84765625 0.125 0.1421875
3 0.70625 0.39453125 0.0734375 0.08125
3 0.65078125 0.52421875 0.0828125 0.0984375
3 0.39453125 0.484375 0.065625 0.075
3 0.71796875 0.32734375 0.0765625 0.075
3 0.6328125 0.32578125 0.0734375 0.0578125
3 0.81953125 0.46015625 0.05625 0.1015625
3 0.93359375 0.4390625 0.0734375 0.075
3 0.9453125 0.5125 0.0890625 0.09375
3 0.21171875 0.26953125 0.0609375 0.0765625
3 0.05234375 0.7140625 0.0625 0.13125
3 0.6 0.73515625 0.084375 0.1296875
3 0.92890625 0.9734375 0.0921875 0.053125
3 0.3984375 0.29140625 0.0453125 0.0640625
3 0.43359375 0.42109375 0.0578125 0.078125
3 0.84140625 0.31015625 0.0390625 0.0703125
3 0.32734375 0.275 0.04375 0.071875
3 0.55703125 0.5125 0.084375 0.075
3 0.43515625 0.25078125 0.046875 0.0609375
3 0.62109375 0.61484375 0.0890625 0.115625
3 0.1484375 0.2015625 0.05625 0.059375
3 0.671875 0.44921875 0.0734375 0.0890625
3 0.603125 0.37734375 0.0734375 0.06875
3 0.103125 0.36953125 0.0703125 0.0890625
3 0.1796875 0.42890625 0.0453125 0.096875
3 0.0375 0.4328125 0.0734375 0.1015625
3 0.66640625 0.23515625 0.0625 0.0484375
3 0.09453125 0.24140625 0.05625 0.06875
3 0.175 0.85078125 0.1171875 0.165625
3 0.284375 0.3203125 0.0484375 0.0765625
3 0.453125 0.20859375 0.046875 0.053125
3 0.36484375 0.23359375 0.040625 0.06875
3 0.503125 0.2328125 0.04375 0.059375
3 0.84921875 0.26015625 0.0375 0.059375
3 0.7390625 0.2359375 0.0609375 0.0578125
3 0.93515625 0.859375 0.1 0.140625
3 0.35390625 0.3359375 0.0484375 0.0671875
3 0.94296875 0.596875 0.0796875 0.0765625
3 0.196875 0.16328125 0.0484375 0.05625
3 0.4609375 0.1421875 0.0546875 0.05
3 0.48125 0.328125 0.0578125 0.1015625
3 0.64921875 0.27890625 0.0796875 0.0546875
3 0.53984375 0.859375 0.1171875 0.1890625
3 0.04296875 0.58671875 0.0640625 0.1375
3 0.27421875 0.2109375 0.053125 0.071875
3 0.51953125 0.27734375 0.04375 0.0734375
3 0.33984375 0.5453125 0.0390625 0.0359375
3 0.39765625 0.1984375 0.0390625 0.0609375
3 0.42265625 0.1671875 0.0375 0.05625
3 0.13515625 0.6015625 0.0546875 0.115625
3 0.2640625 0.43828125 0.05625 0.0484375
3 0.31328125 0.38671875 0.05625 0.0859375
3 0.2328125 0.35546875 0.0375 0.0578125
3 0.46484375 0.7203125 0.109375 0.121875
3 0.43125 0.7359375 0.04375 0.0859375
3 0.11796875 0.5015625 0.0515625 0.103125
3 0.9421875 0.36640625 0.06875 0.06875
3 0.73046875 0.2796875 0.06875 0.0625
3 0.18359375 0.50390625 0.0453125 0.059375
2 0.6484375 0.06015625 0.1671875 0.1140625
3 0.2515625 0.71796875 0.084375 0.1125