2 0.55078125 0.0421875 0.1515625 0.084375
3 0.82421875 0.81875 0.090625 0.1859375
3 0.3125 0.26875 0.0484375 0.0734375
3 0.6 0.25078125 0.0828125 0.0609375
3 0.6421875 0.5875 0.1 0.1234375
3 0.16953125 0.3359375 0.0671875 0.0828125
3 0.41875 0.4375 0.065625 0.0859375
3 0.478125 0.4125 0.0640625 0.0859375
3 0.6140625 0.8421875 0.1359375 0.1984375
3 0.56328125 0.428125 0.1015625 0.090625
3 0.28515625 0.315625 0.0515625 0.075
3 0.38671875 0.1578125 0.0578125 0.0546875
3 0.0953125 0.2828125 0.0609375 0.0671875
3 0.17265625 0.49921875 0.05625 0.103125
3 0.65234375 0.49375 0.0921875 0.10625
3 0.21953125 0.26640625 0.059375 0.0765625
3 0.678125 0.2875 0.0828125 0.0828125
3 0.10703125 0.80625 0.078125 0.14375
3 0.05 0.3328125 0.0609375 0.0734375
3 0.60703125 0.20625 0.065625 0.053125
3 0.403125 0.0515625 0.05625 0.0453125
3 0.6796875 0.35703125 0.078125 0.0890625
3 0.59375 0.3 0.078125 0.0703125
3 0.2515625 0.3703125 0.05625 0.0828125
3 0.071875 0.6828125 0.0765625 0.140625
3 0.134375 0.23359375 0.053125 0.0640625
3 0.803125 0.39765625 0.065625 0.109375
3 0.78984375 0.19296875 0.0453125 0.0625
3 0.57578125 0.3578125 0.0796875 0.0765625
3 0.33515625 0.225 0.04375 0.0640625
3 0.65703125 0.41484375 0.0828125 0.096875
3 0.215625 0.428125 0.05625 0.09375
3 0.97109375 0.76171875 0.0578125 0.1453125
3 0.67890625 0.19296875 0.06875 0.06875
3 0.36171875 0.190625 0.0546875 0.0609375
3 0.44609375 0.334375 0.0671875 0.103125
3 0.32265625 0.3703125 0.0546875 0.075
3 0.91171875 0.3515625 0.0796875 0.0875
3 0.79453125 0.24453125 0.046875 0.0734375
3 0.1265625 0.584375 0.0640625 0.1140625
3 0.9296875 0.42109375 0.08125 0.09375
3 0.084375 0.453125 0.078125 0.0921875
3 0.953125 0.5015625 0.078125 0.0828125
3 0.16328125 0.67734375 0.0609375 0.1203125
3 0.9859375 0.8859375 0.028125 0.084375
3 0.0375 0.534375 0.075 0.109375
3 0.29453125 0.42890625 0.065625 0.0921875
3 0.465625 0.71015625 0.1125 0.184375
3 0.471875 0.27890625 0.05 0.078125
3 0.26015625 0.503125 0.075 0.0875
3 0.9046875 0.27734375 0.071875 0.0765625
3 0.56484375 0.50234375 0.0765625 0.0765625
3 0.30390625 0.76953125 0.0984375 0.134375