4 0.2359375 0.896875 0.025 0.090625
4 0.421875 0.075 0.0078125 0.034375
4 0.540625 0.08046875 0.009375 0.0359375
4 0.2609375 0.896875 0.025 0.08125
3 0.8125 0.15234375 0.03125 0.065625
3 0.409375 0.85546875 0.11875 0.140625
3 0.77265625 0.865625 0.0671875 0.178125
3 0.6375 0.26953125 0.0765625 0.05
3 0.31640625 0.284375 0.040625 0.06875
3 0.709375 0.3171875 0.071875 0.0734375
3 0.034375 0.4609375 0.06875 0.1
3 0.8171875 0.446875 0.053125 0.103125
3 0.19921875 0.2859375 0.05625 0.075
3 0.5734375 0.43828125 0.090625 0.0765625
3 0.3859375 0.296875 0.04375 0.0625
3 0.1765625 0.446875 0.040625 0.0984375
3 0.259375 0.22421875 0.0484375 0.06875
3 0.3515625 0.24140625 0.0375 0.065625
3 0.50703125 0.27734375 0.0390625 0.0734375
3 0.134375 0.221875 0.053125 0.059375
3 0.18046875 0.1796875 0.0453125 0.05625
3 0.6109375 0.7296875 0.08125 0.1265625
3 0.6515625 0.22578125 0.059375 0.04375
3 0.6515625 0.5171875 0.078125 0.09375
3 0.6265625 0.60859375 0.084375 0.1109375
3 0.70078125 0.38671875 0.06875 0.0765625
3 0.04921875 0.6125 0.05625 0.1359375
3 0.421875 0.253125 0.0421875 0.0625
3 0.0828125 0.2640625 0.05 0.0640625
3 0.6234375 0.31796875 0.06875 0.059375
3 0.44140625 0.14453125 0.0515625 0.046875
3 0.4296875 0.425 0.053125 0.078125
3 0.84921875 0.3359375 0.0734375 0.071875
3 0.596875 0.371875 0.071875 0.065625
3 0.0640625 0.740625 0.05625 0.134375
3 0.85234375 0.67890625 0.0421875 0.1140625
3 0.834375 0.2421875 0.0375 0.059375
3 0.928125 0.41640625 0.0671875 0.071875
3 0.275 0.3328125 0.0453125 0.0765625
3 0.66875 0.440625 0.06875 0.0859375
3 0.2296875 0.384375 0.04375 0.0859375
3 0.725 0.22265625 0.059375 0.05625
3 0.096875 0.38984375 0.065625 0.084375
3 0.11875 0.525 0.046875 0.10625
3 0.47265625 0.32890625 0.053125 0.096875
3 0.5640625 0.51171875 0.0671875 0.06875
3 0.7171875 0.26796875 0.065625 0.059375
3 0.4046875 0.171875 0.034375 0.05625
3 0.3453125 0.34453125 0.04375 0.06875
3 0.4375 0.21484375 0.0453125 0.0515625
3 0.95234375 0.8359375 0.09375 0.134375
3 0.94453125 0.4890625 0.0828125 0.0890625
3 0.95 0.95 0.1 0.096875
3 0.83125 0.290625 0.0375 0.065625
3 0.559375 0.85625 0.1078125 0.184375
3 0.9453125 0.57265625 0.071875 0.0765625
3 0.140625 0.621875 0.0453125 0.115625
3 0.3078125 0.39765625 0.053125 0.08125
3 0.18828125 0.50859375 0.0359375 0.04375
3 0.25859375 0.44921875 0.0578125 0.0515625
3 0.19375 0.86796875 0.109375 0.15625
3 0.3359375 0.58203125 0.0515625 0.090625
3 0.93515625 0.3421875 0.0640625 0.06875
2 0.6265625 0.0546875 0.1625 0.10625
3 0.2625 0.73359375 0.0921875 0.1171875
3 0.4765625 0.721875 0.115625 0.109375