4 0.21796875 0.32578125 0.0234375 0.053125
4 0.88125 0.171875 0.015625 0.0421875
4 0.8890625 0.17265625 0.0140625 0.040625
3 0.3515625 0.83515625 0.146875 0.1625
3 0.67578125 0.296875 0.084375 0.0625
3 0.35546875 0.25625 0.0515625 0.0734375
3 0.23984375 0.12890625 0.0546875 0.0640625
3 0.240625 0.23671875 0.06875 0.084375
3 0.0375 0.53203125 0.075 0.1453125
3 0.5828125 0.453125 0.1015625 0.0921875
3 0.70390625 0.90703125 0.0984375 0.1859375
3 0.31015625 0.1890625 0.059375 0.0734375
3 0.60546875 0.62890625 0.1015625 0.1234375
3 0.61796875 0.390625 0.08125 0.078125
3 0.79375 0.58671875 0.06875 0.1109375
3 0.7375 0.35546875 0.0828125 0.0828125
3 0.9421875 0.5671875 0.1015625 0.103125
3 0.64609375 0.54375 0.0921875 0.10625
3 0.42265625 0.28203125 0.053125 0.0703125
3 0.19140625 0.39140625 0.05625 0.103125
3 0.3984375 0.475 0.078125 0.0890625
3 0.76953125 0.265625 0.0671875 0.0625
3 0.44375 0.415625 0.0671875 0.0890625
3 0.57265625 0.246875 0.0484375 0.065625
3 0.25390625 0.3390625 0.0578125 0.0921875
3 0.04921875 0.3796875 0.0875 0.1140625
3 0.74453125 0.76015625 0.0890625 0.15625
3 0.6765625 0.47109375 0.08125 0.096875
3 0.3953125 0.21875 0.0453125 0.071875
3 0.034375 0.66015625 0.06875 0.1453125
3 0.56796875 0.74609375 0.10625 0.140625
3 0.48828125 0.20703125 0.053125 0.0609375
3 0.65390625 0.3421875 0.0796875 0.0703125
3 0.465625 0.24375 0.0515625 0.0671875
3 0.5453125 0.28125 0.0515625 0.08125
3 0.37578125 0.3203125 0.05625 0.0765625
3 0.1296875 0.1953125 0.0625 0.071875
3 0.30703125 0.296875 0.05625 0.08125
3 0.1328125 0.8078125 0.1328125 0.1703125
3 0.43515625 0.19140625 0.0453125 0.0609375
3 0.71796875 0.421875 0.0796875 0.0890625
3 0.5265625 0.1765625 0.05 0.059375
3 0.503125 0.3265625 0.06875 0.1046875
3 0.696875 0.25625 0.0671875 0.053125
3 0.76640625 0.321875 0.0796875 0.0734375
3 0.1203125 0.45703125 0.0640625 0.1125
3 0.9359375 0.490625 0.0796875 0.084375
3 0.50390625 0.13984375 0.059375 0.0546875
3 0.8875 0.909375 0.115625 0.1484375
3 0.87578125 0.3046875 0.04375 0.0625
3 0.1234375 0.55703125 0.0703125 0.1234375
3 0.12265625 0.3203125 0.078125 0.0921875
3 0.55703125 0.15859375 0.046875 0.059375
3 0.82109375 0.50390625 0.06875 0.1171875
3 0.328125 0.36640625 0.065625 0.0921875
3 0.19140625 0.45703125 0.04375 0.046875
3 0.8625 0.35234375 0.046875 0.075
3 0.55859375 0.521875 0.0828125 0.0796875
3 0.959375 0.415625 0.075 0.08125
3 0.94609375 0.07578125 0.0421875 0.015625
3 0.33515625 0.52578125 0.0421875 0.0390625
3 0.49609375 0.86484375 0.1171875 0.1734375
3 0.27109375 0.40546875 0.0625 0.05625
3 0.46953125 0.1625 0.05625 0.0609375
2 0.7 0.084375 0.178125 0.1359375
3 0.22734375 0.68671875 0.1015625 0.121875