4 0.63515625 0.184375 0.0171875 0.046875
4 0.675 0.15234375 0.01875 0.046875
4 0.66640625 0.17578125 0.0171875 0.0421875
4 0.65546875 0.16171875 0.015625 0.0421875
3 0.3515625 0.83515625 0.1453125 0.159375
3 0.49609375 0.86484375 0.1171875 0.1734375
3 0.5828125 0.45234375 0.103125 0.090625
3 0.23984375 0.1296875 0.0546875 0.0625
3 0.73828125 0.35625 0.0828125 0.0828125
3 0.13515625 0.80703125 0.1359375 0.1796875
3 0.61953125 0.390625 0.08125 0.078125
3 0.059375 0.2359375 0.0515625 0.0703125
3 0.675 0.29765625 0.084375 0.0640625
3 0.79375 0.58671875 0.06875 0.1109375
3 0.60546875 0.62890625 0.1015625 0.1234375
3 0.35625 0.25546875 0.0515625 0.075
3 0.70390625 0.90703125 0.0984375 0.1859375
3 0.0375 0.53203125 0.075 0.1453125
3 0.5671875 0.7453125 0.10625 0.1390625
3 0.9421875 0.5671875 0.1 0.1
3 0.64609375 0.54375 0.0921875 0.10625
3 0.44375 0.415625 0.0671875 0.0890625
3 0.034375 0.65859375 0.06875 0.1421875
3 0.1296875 0.1953125 0.0625 0.071875
3 0.18671875 0.27890625 0.0765625 0.0890625
3 0.42265625 0.28046875 0.053125 0.0703125
3 0.3109375 0.1875 0.059375 0.0765625
3 0.465625 0.24453125 0.053125 0.065625
3 0.190625 0.39140625 0.05625 0.1015625
3 0.74453125 0.7609375 0.0890625 0.1546875
3 0.396875 0.478125 0.078125 0.09375
3 0.04921875 0.37890625 0.0875 0.1140625
3 0.696875 0.25703125 0.065625 0.0546875
3 0.39765625 0.21953125 0.0484375 0.071875
3 0.57265625 0.246875 0.0484375 0.065625
3 0.2421875 0.2359375 0.0671875 0.08125
3 0.2546875 0.3390625 0.0578125 0.0921875
3 0.6765625 0.47109375 0.08125 0.096875
3 0.7703125 0.26875 0.06875 0.065625
3 0.54609375 0.28125 0.053125 0.08125
3 0.65390625 0.34296875 0.0796875 0.06875
3 0.821875 0.50390625 0.0703125 0.1171875
3 0.37578125 0.3203125 0.05625 0.0765625
3 0.55703125 0.15859375 0.046875 0.059375
3 0.48828125 0.20703125 0.053125 0.0609375
3 0.71796875 0.42109375 0.08125 0.09375
3 0.3078125 0.29609375 0.0578125 0.0828125
3 0.5265625 0.1765625 0.05 0.0609375
3 0.50390625 0.13984375 0.059375 0.0546875
3 0.87578125 0.30390625 0.04375 0.0640625
3 0.4359375 0.18984375 0.046875 0.0640625
3 0.121875 0.32109375 0.0796875 0.09375
3 0.1203125 0.45703125 0.0640625 0.1125
3 0.50234375 0.32578125 0.0703125 0.10625
3 0.93515625 0.49140625 0.078125 0.0828125
3 0.5578125 0.521875 0.084375 0.0796875
3 0.46875 0.1625 0.0546875 0.0609375
3 0.8625 0.35390625 0.0453125 0.075
3 0.2703125 0.409375 0.065625 0.065625
3 0.1265625 0.5578125 0.0765625 0.1234375
3 0.19140625 0.45625 0.04375 0.046875
3 0.3359375 0.5265625 0.0421875 0.040625
3 0.9578125 0.4203125 0.0734375 0.075
3 0.75546875 0.3078125 0.0734375 0.06875
3 0.328125 0.365625 0.065625 0.0921875
3 0.88671875 0.9078125 0.115625 0.146875
4 0.375 0.06484375 0.0171875 0.0375
2 0.703125 0.075 0.153125 0.1
3 0.23125 0.68203125 0.0984375 0.1265625
3 0.33671875 0.09609375 0.034375 0.053125
3 0.3296875 0.07265625 0.0328125 0.04375