4 0.76640625 0.37890625 0.0171875 0.0578125
4 0.53203125 0.2234375 0.0109375 0.0421875
4 0.74921875 0.378125 0.0140625 0.0578125
4 0.78125 0.38125 0.015625 0.059375
4 0.521875 0.2265625 0.009375 0.0328125
6 0.1484375 0.88359375 0.2828125 0.2078125
3 0.77890625 0.71484375 0.0640625 0.13125
3 0.603125 0.38046875 0.0734375 0.078125
3 0.64921875 0.28203125 0.0796875 0.0640625
3 0.79921875 0.58125 0.0609375 0.115625
3 0.56328125 0.0375 0.0375 0.0359375
3 0.36484375 0.2328125 0.040625 0.0703125
3 0.425 0.24453125 0.0515625 0.06875
3 0.32734375 0.275 0.04375 0.071875
3 0.17890625 0.43046875 0.046875 0.1
3 0.0953125 0.24140625 0.0546875 0.06875
3 0.7171875 0.32890625 0.078125 0.075
3 0.2109375 0.2703125 0.059375 0.075
3 0.1484375 0.20234375 0.05625 0.0609375
3 0.3328125 0.10625 0.04375 0.0609375
3 0.196875 0.16328125 0.0484375 0.059375
3 0.39609375 0.196875 0.0375 0.0609375
3 0.65 0.52421875 0.084375 0.0984375
3 0.05078125 0.71796875 0.065625 0.1390625
3 0.93359375 0.43828125 0.071875 0.071875
3 0.3140625 0.178125 0.04375 0.0640625
3 0.51796875 0.278125 0.04375 0.075
3 0.540625 0.85859375 0.1171875 0.1890625
3 0.665625 0.23515625 0.0609375 0.046875
3 0.72734375 0.28203125 0.0671875 0.0625
3 0.03203125 0.29375 0.046875 0.0671875
3 0.27421875 0.21171875 0.053125 0.0703125
3 0.46015625 0.1421875 0.0546875 0.05
3 0.625 0.62578125 0.0890625 0.1109375
3 0.8171875 0.4578125 0.053125 0.1
3 0.7390625 0.2359375 0.0625 0.0578125
3 0.04296875 0.58828125 0.065625 0.140625
3 0.0375 0.43515625 0.0734375 0.1
3 0.67109375 0.44921875 0.075 0.0890625
3 0.48046875 0.1734375 0.040625 0.0515625
3 0.7078125 0.3921875 0.06875 0.0796875
3 0.134375 0.6015625 0.0515625 0.1109375
3 0.35390625 0.3359375 0.0484375 0.0734375
3 0.9453125 0.5125 0.0875 0.090625
3 0.828125 0.3765625 0.0453125 0.0828125
3 0.2359375 0.36953125 0.0484375 0.0875
3 0.94140625 0.59609375 0.071875 0.0765625
3 0.284375 0.32109375 0.05 0.078125
3 0.84609375 0.26171875 0.040625 0.0609375
3 0.48203125 0.3265625 0.0578125 0.1015625
3 0.4234375 0.1671875 0.0390625 0.05625
3 0.43359375 0.42109375 0.0578125 0.08125
3 0.94453125 0.36484375 0.06875 0.0734375
3 0.103125 0.371875 0.0703125 0.0921875
3 0.5640625 0.1921875 0.0375 0.06875
3 0.83984375 0.30859375 0.0421875 0.06875
3 0.11640625 0.50234375 0.053125 0.10625
3 0.31328125 0.3859375 0.0578125 0.0828125
3 0.93359375 0.8578125 0.1015625 0.1421875
3 0.5984375 0.7234375 0.08125 0.125
3 0.26640625 0.4546875 0.06875 0.0875
3 0.553125 0.5140625 0.059375 0.06875
2 0.65078125 0.0609375 0.165625 0.1140625
3 0.24453125 0.71953125 0.09375 0.1140625
3 0.9296875 0.96953125 0.09375 0.0609375