4 0.5015625 0.24375 0.015625 0.0484375
4 0.42265625 0.12734375 0.0140625 0.0359375
4 0.51328125 0.24453125 0.0140625 0.0484375
3 0.5640625 0.42890625 0.1015625 0.0890625
3 0.82109375 0.821875 0.0890625 0.178125
3 0.459375 0.8625 0.1359375 0.1515625
3 0.6828125 0.35703125 0.0796875 0.0875
3 0.65234375 0.4953125 0.090625 0.1046875
3 0.39375 0.5046875 0.0703125 0.0796875
3 0.68125 0.2890625 0.0828125 0.08125
3 0.596875 0.303125 0.078125 0.0625
3 0.80625 0.4 0.0640625 0.1046875
3 0.9140625 0.35703125 0.0796875 0.08125
3 0.93984375 0.42734375 0.0953125 0.1
3 0.17265625 0.32890625 0.0671875 0.08125
3 0.1015625 0.79609375 0.0734375 0.134375
3 0.64375 0.71171875 0.09375 0.1359375
3 0.9828125 0.89453125 0.034375 0.0828125
3 0.36015625 0.31484375 0.05 0.0671875
3 0.4203125 0.43515625 0.0640625 0.08125
3 0.79921875 0.2484375 0.04375 0.071875
3 0.2875 0.3125 0.0484375 0.075
3 0.55859375 0.5015625 0.0890625 0.08125
3 0.38828125 0.26796875 0.0515625 0.065625
3 0.640625 0.58984375 0.0984375 0.121875
3 0.0984375 0.27421875 0.0609375 0.0640625
3 0.65859375 0.41796875 0.0796875 0.0953125
3 0.578125 0.359375 0.078125 0.075
3 0.0859375 0.44765625 0.078125 0.09375
3 0.171875 0.49140625 0.053125 0.0984375
3 0.03671875 0.52109375 0.0734375 0.1078125
3 0.6125 0.2078125 0.0671875 0.053125
3 0.05234375 0.32421875 0.0609375 0.071875
3 0.24765625 0.90625 0.13125 0.1734375
3 0.25390625 0.36484375 0.0546875 0.0796875
3 0.3984375 0.2234375 0.05 0.0578125
3 0.31640625 0.26484375 0.046875 0.0703125
3 0.45234375 0.23671875 0.0484375 0.0625
3 0.796875 0.19765625 0.0421875 0.0609375
3 0.684375 0.19453125 0.065625 0.0625
3 0.96953125 0.76875 0.0609375 0.146875
3 0.325 0.3671875 0.053125 0.071875
3 0.95390625 0.51015625 0.0859375 0.08125
3 0.13828125 0.22734375 0.053125 0.059375
3 0.39296875 0.15625 0.0578125 0.053125
3 0.44921875 0.33515625 0.065625 0.1046875
3 0.6046875 0.25390625 0.0828125 0.0609375
3 0.6078125 0.8453125 0.1328125 0.196875
3 0.06796875 0.671875 0.075 0.140625
3 0.2234375 0.259375 0.0578125 0.075
3 0.4765625 0.27734375 0.05 0.0765625
3 0.3515625 0.575 0.040625 0.0390625
3 0.3421875 0.2234375 0.04375 0.0625
3 0.3609375 0.18828125 0.0421875 0.0578125
3 0.1609375 0.66953125 0.0640625 0.11875
3 0.25625 0.484375 0.059375 0.053125
3 0.2953125 0.425 0.0640625 0.090625
3 0.21015625 0.40859375 0.0421875 0.059375
3 0.5078125 0.72265625 0.11875 0.1296875
3 0.47734375 0.74453125 0.05 0.0875
3 0.12578125 0.575 0.059375 0.10625
3 0.90859375 0.28515625 0.0734375 0.0734375
3 0.684375 0.23984375 0.0734375 0.0671875
3 0.190625 0.5640625 0.05 0.0625
2 0.5609375 0.0515625 0.175 0.103125
3 0.29765625 0.7609375 0.0921875 0.11875