4 0.196875 0.36640625 0.0171875 0.0515625
4 0.83203125 0.12265625 0.009375 0.0421875
4 0.83984375 0.121875 0.0078125 0.040625
3 0.39921875 0.853125 0.128125 0.146875
3 0.6453125 0.27421875 0.0796875 0.053125
3 0.3234375 0.27890625 0.0421875 0.06875
3 0.19140625 0.16875 0.0484375 0.059375
3 0.20703125 0.27578125 0.059375 0.0765625
3 0.04453125 0.59765625 0.0625 0.1390625
3 0.57578125 0.44140625 0.0921875 0.08125
3 0.76015625 0.88046875 0.0734375 0.190625
3 0.26875 0.21796875 0.0515625 0.06875
3 0.62265625 0.61328125 0.0875 0.1140625
3 0.6015625 0.375 0.0734375 0.06875
3 0.803125 0.5453125 0.0546875 0.10625
3 0.71484375 0.3234375 0.075 0.075
3 0.946875 0.5046875 0.0890625 0.0921875
3 0.65078125 0.5234375 0.08125 0.096875
3 0.39296875 0.29453125 0.0453125 0.065625
3 0.1796875 0.4359375 0.0421875 0.1
3 0.3953125 0.4890625 0.06875 0.0796875
3 0.734375 0.23046875 0.0609375 0.05625
3 0.43203125 0.42421875 0.0578125 0.0828125
3 0.53671875 0.2390625 0.040625 0.0609375
3 0.23359375 0.375 0.0453125 0.0875
3 0.03671875 0.44375 0.0734375 0.10625
3 0.778125 0.72421875 0.0703125 0.1484375
3 0.67109375 0.446875 0.0703125 0.0875
3 0.3578125 0.2359375 0.0359375 0.0671875
3 0.0546875 0.725 0.065625 0.1390625
3 0.6015625 0.734375 0.0890625 0.13125
3 0.44765625 0.2109375 0.046875 0.0546875
3 0.63046875 0.32265625 0.071875 0.0609375
3 0.43046875 0.2515625 0.04375 0.0625
3 0.5140625 0.2765625 0.0421875 0.0765625
3 0.3515625 0.3390625 0.0484375 0.0703125
3 0.090625 0.25 0.053125 0.065625
3 0.28125 0.32578125 0.046875 0.0765625
3 0.1796875 0.85625 0.1125 0.1578125
3 0.39296875 0.203125 0.0390625 0.05625
3 0.7046875 0.3921875 0.0703125 0.08125
3 0.48125 0.17578125 0.0421875 0.0546875
3 0.47890625 0.328125 0.05625 0.0984375
3 0.6609375 0.23125 0.0609375 0.0453125
3 0.7390625 0.28671875 0.071875 0.065625
3 0.11796875 0.51015625 0.05 0.10625
3 0.9296875 0.4296875 0.0703125 0.075
3 0.45390625 0.14296875 0.053125 0.0484375
3 0.940625 0.8515625 0.0984375 0.1375
3 0.84453125 0.25390625 0.0359375 0.0578125
3 0.13515625 0.609375 0.05625 0.1171875
3 0.10078125 0.37421875 0.06875 0.084375
3 0.50859375 0.15390625 0.040625 0.0546875
3 0.81875 0.45859375 0.0546875 0.1109375
3 0.31171875 0.39140625 0.0546875 0.0859375
3 0.18828125 0.5 0.0390625 0.0421875
3 0.83828125 0.303125 0.0375 0.0703125
3 0.5609375 0.5140625 0.0734375 0.0703125
3 0.94296875 0.353125 0.065625 0.0734375
3 0.8828125 0.01796875 0.040625 0.0109375
3 0.340625 0.5484375 0.0375 0.034375
3 0.546875 0.86171875 0.096875 0.1625
3 0.26015625 0.43828125 0.05625 0.0484375
3 0.4234375 0.16953125 0.0484375 0.05625
2 0.640625 0.0609375 0.165625 0.115625
3 0.25625 0.72265625 0.0875 0.1125
3 0.93828125 0.96796875 0.0921875 0.0640625