2 0.62578125 0.0421875 0.1375 0.084375
3 0.41015625 0.85625 0.1203125 0.14296875
3 0.5171875 0.0390625 0.040625 0.0390625
3 0.31640625 0.284375 0.040625 0.06953125
3 0.50703125 0.27734375 0.0390625 0.0734375
3 0.134375 0.221875 0.05234375 0.059375
3 0.6375 0.2703125 0.0765625 0.0515625
3 0.0484375 0.61328125 0.05625 0.1375
3 0.6265625 0.60859375 0.08359375 0.1109375
3 0.8171875 0.44609375 0.05234375 0.103125
3 0.190625 0.86796875 0.10546875 0.15546875
3 0.709375 0.3171875 0.07109375 0.0734375
3 0.3859375 0.2984375 0.04296875 0.0640625
3 0.6515625 0.51796875 0.07890625 0.09453125
3 0.6109375 0.7296875 0.08125 0.1265625
3 0.571875 0.4390625 0.08984375 0.078125
3 0.784375 0.71328125 0.06328125 0.140625
3 0.259375 0.225 0.0484375 0.06640625
3 0.0640625 0.740625 0.05703125 0.13359375
3 0.7734375 0.87109375 0.06640625 0.1890625
3 0.35 0.24140625 0.03671875 0.06640625
3 0.7 0.38671875 0.0671875 0.07890625
3 0.19921875 0.2859375 0.05625 0.075
3 0.9296875 0.41484375 0.06796875 0.07109375
3 0.596875 0.371875 0.07109375 0.06640625
3 0.08203125 0.26484375 0.0515625 0.065625
3 0.1796875 0.1796875 0.04609375 0.05703125
3 0.66875 0.44140625 0.06875 0.0859375
3 0.1765625 0.446875 0.03984375 0.096875
3 0.44140625 0.14453125 0.0515625 0.046875
3 0.4296875 0.4265625 0.053125 0.08046875
3 0.6234375 0.31796875 0.06953125 0.05859375
3 0.6515625 0.2265625 0.059375 0.04453125
3 0.34609375 0.34453125 0.0453125 0.06953125
3 0.2296875 0.38515625 0.04296875 0.0875
3 0.4703125 0.1765625 0.04140625 0.05546875
3 0.3953125 0.49375 0.06484375 0.07890625
3 0.421875 0.2546875 0.0421875 0.059375
3 0.3828125 0.20546875 0.03828125 0.05859375
3 0.8359375 0.2421875 0.03515625 0.05703125
3 0.9515625 0.8359375 0.0921875 0.13359375
3 0.47265625 0.328125 0.053125 0.0984375
3 0.4375 0.21328125 0.0453125 0.05390625
3 0.275 0.3328125 0.0453125 0.0765625
3 0.71796875 0.26640625 0.065625 0.0640625
3 0.9453125 0.490625 0.084375 0.0859375
3 0.11875 0.525 0.046875 0.10546875
3 0.096875 0.38828125 0.06484375 0.08203125
3 0.1875 0.515625 0.03671875 0.046875
3 0.5609375 0.51171875 0.07265625 0.065625
3 0.1421875 0.621875 0.04921875 0.11640625
3 0.83125 0.2921875 0.03515625 0.06796875
3 0.40703125 0.171875 0.0375 0.05390625
3 0.93359375 0.34140625 0.06875 0.06640625
3 0.94765625 0.9625 0.103125 0.071875
3 0.30625 0.39921875 0.05546875 0.084375
3 0.725 0.22421875 0.05859375 0.05390625
3 0.4734375 0.721875 0.1 0.121875
3 0.034375 0.4625 0.06875 0.1
3 0.25546875 0.446875 0.0546875 0.046875
3 0.26640625 0.73359375 0.07734375 0.12109375