4 0.19609375 0.8671875 0.034375 0.09375
4 0.46640625 0.06953125 0.0109375 0.034375
4 0.584375 0.08671875 0.0125 0.0359375
4 0.22109375 0.86953125 0.034375 0.084375
3 0.846875 0.18671875 0.0375 0.06875
3 0.37265625 0.84375 0.134375 0.153125
3 0.7328125 0.8921875 0.0859375 0.184375
3 0.6609375 0.28515625 0.08125 0.0578125
3 0.33984375 0.26640625 0.0484375 0.0734375
3 0.72734375 0.33984375 0.0796875 0.08125
3 0.040625 0.4125 0.078125 0.10625
3 0.82109375 0.48046875 0.0625 0.1078125
3 0.2234375 0.25546875 0.0640625 0.08125
3 0.5796875 0.44609375 0.096875 0.0859375
3 0.4078125 0.2859375 0.05 0.0671875
3 0.18359375 0.41328125 0.05 0.1015625
3 0.28984375 0.20078125 0.0546875 0.0734375
3 0.3796875 0.22734375 0.0453125 0.0703125
3 0.53046875 0.2796875 0.046875 0.0765625
3 0.165625 0.18515625 0.0578125 0.0640625
3 0.215625 0.14765625 0.0515625 0.0609375
3 0.5859375 0.73984375 0.0953125 0.134375
3 0.6796875 0.24296875 0.0640625 0.0484375
3 0.64921875 0.5328125 0.0875 0.1
3 0.61484375 0.62109375 0.0953125 0.11875
3 0.71171875 0.40859375 0.0765625 0.0828125
3 0.03984375 0.56484375 0.0703125 0.140625
3 0.4484375 0.24609375 0.0484375 0.0671875
3 0.109375 0.221875 0.0578125 0.06875
3 0.64140625 0.33203125 0.075 0.065625
3 0.47890625 0.140625 0.05625 0.0515625
3 0.43828125 0.41796875 0.0609375 0.0828125
3 0.86484375 0.3734375 0.08125 0.0796875
3 0.609375 0.3828125 0.078125 0.0734375
3 0.04140625 0.69375 0.0703125 0.1390625
3 0.83203125 0.71484375 0.053125 0.1171875
3 0.859375 0.27890625 0.0421875 0.0625
3 0.934375 0.46171875 0.075 0.078125
3 0.29375 0.31015625 0.053125 0.08125
3 0.67421875 0.45859375 0.078125 0.0921875
3 0.24296875 0.35703125 0.0515625 0.090625
3 0.753125 0.24765625 0.065625 0.0625
3 0.1109375 0.3484375 0.075 0.090625
3 0.11796875 0.48515625 0.0578125 0.109375
3 0.490625 0.32734375 0.0625 0.1015625
3 0.5625 0.51796875 0.0734375 0.075
3 0.740625 0.2921875 0.071875 0.065625
3 0.43984375 0.1640625 0.0390625 0.059375
3 0.3625 0.32890625 0.0515625 0.0734375
3 0.46796875 0.21015625 0.05 0.05625
3 0.91484375 0.88125 0.1078125 0.1421875
3 0.94296875 0.5359375 0.0921875 0.096875
3 0.9 0.9703125 0.109375 0.059375
3 0.8515625 0.3265625 0.04375 0.06875
3 0.521875 0.86015625 0.1265625 0.1953125
3 0.93515625 0.61875 0.0796875 0.084375
3 0.1296875 0.58359375 0.0578125 0.1203125
3 0.31953125 0.378125 0.0609375 0.0875
3 0.1890625 0.47578125 0.040625 0.0484375
3 0.26484375 0.42421875 0.0625 0.0578125
3 0.15703125 0.83359375 0.1265625 0.165625
3 0.328125 0.5640625 0.0609375 0.0953125
3 0.94921875 0.38828125 0.0703125 0.075
2 0.67265625 0.0703125 0.171875 0.1234375
3 0.2390625 0.7078125 0.1046875 0.1265625
3 0.453125 0.71796875 0.1265625 0.1203125