4 0.57265625 0.1640625 0.0109375 0.046875
4 0.60546875 0.12578125 0.0125 0.046875
4 0.6015625 0.15 0.0109375 0.0421875
4 0.58828125 0.13828125 0.009375 0.040625
3 0.41796875 0.8578125 0.1265625 0.1421875
3 0.565625 0.859375 0.09375 0.1609375
3 0.57265625 0.43671875 0.0921875 0.078125
3 0.17421875 0.1859375 0.046875 0.05625
3 0.70625 0.31328125 0.0734375 0.071875
3 0.2 0.87109375 0.1125 0.1640625
3 0.59609375 0.3703125 0.071875 0.0671875
3 0.01875 0.32421875 0.0375 0.0640625
3 0.63359375 0.26796875 0.078125 0.053125
3 0.80546875 0.52890625 0.053125 0.1046875
3 0.628125 0.60625 0.084375 0.1125
3 0.31171875 0.2875 0.040625 0.0703125
3 0.7796875 0.86640625 0.0703125 0.190625
3 0.05078125 0.62109375 0.059375 0.1390625
3 0.6125 0.728125 0.0875 0.128125
3 0.946875 0.48125 0.0875 0.0875
3 0.6515625 0.515625 0.0796875 0.0953125
3 0.428125 0.428125 0.05625 0.08125
3 0.06796875 0.746875 0.0609375 0.134375
3 0.078125 0.27109375 0.053125 0.065625
3 0.15 0.34296875 0.0640625 0.0796875
3 0.38203125 0.29921875 0.04375 0.0640625
3 0.2546875 0.22890625 0.05 0.0703125
3 0.41796875 0.25625 0.04375 0.059375
3 0.17578125 0.45234375 0.0421875 0.096875
3 0.78984375 0.71015625 0.0671875 0.146875
3 0.39453125 0.49765625 0.065625 0.084375
3 0.03515625 0.46640625 0.0703125 0.1046875
3 0.646875 0.22421875 0.059375 0.0453125
3 0.34609375 0.24375 0.0390625 0.0671875
3 0.52265625 0.2375 0.040625 0.059375
3 0.19609375 0.290625 0.05625 0.075
3 0.228125 0.3890625 0.0453125 0.0859375
3 0.66796875 0.4375 0.06875 0.0875
3 0.72109375 0.22109375 0.0609375 0.05625
3 0.503125 0.2765625 0.0421875 0.075
3 0.62109375 0.31640625 0.071875 0.0578125
3 0.8171875 0.4421875 0.053125 0.1109375
3 0.34375 0.346875 0.046875 0.0703125
3 0.490625 0.15390625 0.0390625 0.053125
3 0.4328125 0.2140625 0.0453125 0.0546875
3 0.6984375 0.38125 0.06875 0.084375
3 0.271875 0.33671875 0.046875 0.0765625
3 0.46484375 0.17734375 0.0421875 0.05625
3 0.43515625 0.1453125 0.053125 0.0484375
3 0.83125 0.2359375 0.034375 0.059375
3 0.37734375 0.2078125 0.0390625 0.059375
3 0.0953125 0.39609375 0.0671875 0.084375
3 0.11953125 0.53046875 0.0484375 0.10625
3 0.46875 0.32890625 0.05625 0.1
3 0.95859375 0.95390625 0.0828125 0.0734375
3 0.92578125 0.4078125 0.06875 0.0734375
3 0.5609375 0.5109375 0.075 0.06875
3 0.40546875 0.17421875 0.046875 0.0546875
3 0.82734375 0.2875 0.0359375 0.0703125
3 0.25703125 0.4546875 0.0578125 0.0578125
3 0.14453125 0.628125 0.059375 0.1171875
3 0.18828125 0.515625 0.0375 0.040625
3 0.34375 0.55703125 0.0375 0.034375
3 0.93359375 0.334375 0.0640625 0.0671875
3 0.7140625 0.2625 0.065625 0.059375
3 0.30625 0.40078125 0.053125 0.0859375
3 0.95390625 0.8265625 0.0921875 0.134375
4 0.29453125 0.096875 0.0125 0.0359375
2 0.61875 0.04375 0.14375 0.078125
3 0.27109375 0.7296875 0.0828125 0.115625
3 0.2625 0.134375 0.0265625 0.05
3 0.25078125 0.1125 0.0265625 0.040625