6 0.1296875 0.84921875 0.259375 0.2234375
3 0.72109375 0.890625 0.0921875 0.175
3 0.7890625 0.6125 0.071875 0.11875
3 0.1234375 0.2015625 0.0625 0.071875
3 0.49765625 0.13984375 0.0578125 0.0546875
3 0.35234375 0.25859375 0.0515625 0.075
3 0.4515625 0.23828125 0.059375 0.071875
3 0.75390625 0.746875 0.08125 0.1390625
3 0.03515625 0.66875 0.0703125 0.146875
3 0.23671875 0.240625 0.0671875 0.08125
3 0.428125 0.1875 0.04375 0.0640625
3 0.39296875 0.2203125 0.046875 0.071875
3 0.54140625 0.28125 0.05 0.078125
3 0.18203125 0.1671875 0.059375 0.065625
3 0.67109375 0.29765625 0.084375 0.0703125
3 0.34921875 0.16015625 0.05 0.06875
3 0.4421875 0.41484375 0.0640625 0.0859375
3 0.615625 0.39140625 0.08125 0.0859375
3 0.69296875 0.25234375 0.065625 0.053125
3 0.73359375 0.3515625 0.084375 0.084375
3 0.646875 0.540625 0.0921875 0.1078125
3 0.6328125 0.340625 0.0765625 0.0640625
3 0.6125 0.63828125 0.0953125 0.11875
3 0.821875 0.49140625 0.0640625 0.103125
3 0.05625 0.246875 0.053125 0.0703125
3 0.23359375 0.13359375 0.0546875 0.0640625
3 0.93671875 0.48515625 0.0796875 0.08125
3 0.940625 0.559375 0.0953125 0.096875
3 0.76484375 0.2609375 0.06875 0.065625
3 0.67578125 0.46796875 0.0828125 0.096875
3 0.04609375 0.38671875 0.0828125 0.10625
3 0.32734375 0.08984375 0.0359375 0.0546875
3 0.3046875 0.18984375 0.0578125 0.075
3 0.41875 0.275 0.053125 0.0671875
3 0.0375 0.53984375 0.075 0.1453125
3 0.371875 0.32109375 0.05625 0.0765625
3 0.11875 0.33046875 0.0796875 0.096875
3 0.784375 0.06171875 0.0453125 0.040625
3 0.8953125 0.9015625 0.1125 0.146875
3 0.30390625 0.30078125 0.05625 0.08125
3 0.45859375 0.1609375 0.0453125 0.059375
3 0.253125 0.34296875 0.0578125 0.0921875
3 0.59453125 0.20078125 0.0453125 0.071875
3 0.12578125 0.5640625 0.065625 0.11875
3 0.74921875 0.30703125 0.071875 0.06875
3 0.57265625 0.73125 0.0953125 0.1375
3 0.49921875 0.3265625 0.06875 0.1046875
3 0.11875 0.46171875 0.0609375 0.10625
3 0.86015625 0.3453125 0.0453125 0.0703125
3 0.9296875 0.64375 0.078125 0.084375
3 0.3265625 0.3671875 0.0640625 0.0875
3 0.7171875 0.41484375 0.075 0.084375
3 0.56015625 0.51953125 0.0796875 0.078125
3 0.84140625 0.41328125 0.0578125 0.0859375
3 0.9546875 0.415625 0.075 0.075
3 0.27109375 0.42890625 0.0765625 0.090625
3 0.8671875 0.2984375 0.046875 0.0671875
2 0.69375 0.078125 0.175 0.128125
3 0.22734375 0.690625 0.096875 0.125
6 0.0921875 0.8015625 0.184375 0.296875
3 0.8734375 0.98828125 0.109375 0.0234375