4 0.1140625 0.16875 0.0140625 0.0421875
6 0.1015625 0.84140625 0.203125 0.2609375
2 0.66328125 0.05390625 0.1421875 0.0921875
3 0.53515625 0.86953125 0.10625 0.1671875
3 0.7484375 0.8734375 0.0828125 0.1703125
3 0.79609375 0.5921875 0.065625 0.115625
3 0.33515625 0.26875 0.0453125 0.071875
3 0.5265625 0.278125 0.046875 0.075
3 0.15859375 0.18984375 0.0578125 0.0625
3 0.72421875 0.33671875 0.0765625 0.078125
3 0.21875 0.259375 0.0625 0.078125
3 0.103125 0.228125 0.0578125 0.06875
3 0.434375 0.24140625 0.053125 0.06875
3 0.32578125 0.171875 0.0453125 0.065625
3 0.37421875 0.22890625 0.04375 0.0703125
3 0.77109375 0.73046875 0.0734375 0.134375
3 0.43671875 0.41953125 0.059375 0.0828125
3 0.85 0.32109375 0.0421875 0.0671875
3 0.67578125 0.2390625 0.0640625 0.05
3 0.58046875 0.44765625 0.0890625 0.0890625
3 0.47265625 0.140625 0.0546875 0.0515625
3 0.6203125 0.33203125 0.071875 0.059375
3 0.359375 0.32890625 0.0515625 0.0703125
3 0.6078125 0.38046875 0.075 0.071875
3 0.20859375 0.153125 0.0515625 0.0609375
3 0.40703125 0.19296875 0.0390625 0.0625
3 0.621875 0.6296875 0.090625 0.1140625
3 0.7484375 0.24375 0.0640625 0.0609375
3 0.0421875 0.7015625 0.071875 0.1390625
3 0.73515625 0.28984375 0.06875 0.0640625
3 0.94453125 0.53046875 0.090625 0.090625
3 0.81953125 0.46953125 0.05625 0.1
3 0.1828125 0.40625 0.0546875 0.1140625
3 0.03984375 0.27734375 0.0484375 0.0703125
3 0.403125 0.28125 0.05 0.0640625
3 0.03984375 0.41875 0.0765625 0.103125
3 0.93359375 0.45390625 0.0734375 0.078125
3 0.64921875 0.53046875 0.0859375 0.1
3 0.49375 0.1703125 0.0421875 0.0546875
3 0.6734375 0.4546875 0.0765625 0.090625
3 0.46484375 0.20390625 0.046875 0.0578125
3 0.5890625 0.16328125 0.0328125 0.0546875
3 0.29921875 0.103125 0.03125 0.053125
3 0.28359375 0.203125 0.0546875 0.0734375
3 0.240625 0.359375 0.0515625 0.0875
3 0.03984375 0.5703125 0.06875 0.1390625
3 0.575 0.19453125 0.0390625 0.06875
3 0.290625 0.3140625 0.0515625 0.0796875
3 0.834375 0.38984375 0.053125 0.084375
3 0.1078125 0.35703125 0.0734375 0.09375
3 0.9484375 0.38359375 0.071875 0.0734375
3 0.91171875 0.978125 0.0953125 0.04375
3 0.48671875 0.3265625 0.0625 0.1046875
3 0.43671875 0.16484375 0.04375 0.0578125
3 0.13203125 0.58671875 0.053125 0.1125
3 0.65703125 0.2859375 0.08125 0.065625
3 0.3171875 0.38046875 0.059375 0.0859375
3 0.71171875 0.3984375 0.071875 0.0765625
3 0.1171875 0.48828125 0.05625 0.1046875
3 0.58984375 0.72578125 0.0828125 0.134375
3 0.940625 0.61328125 0.075 0.0734375
3 0.26328125 0.42890625 0.059375 0.0515625
3 0.95078125 0.32578125 0.071875 0.059375
3 0.921875 0.87265625 0.1046875 0.14375
3 0.24140625 0.709375 0.096875 0.1234375
6 0.13984375 0.875 0.2796875 0.2125
3 0.33125 0.55859375 0.0625 0.103125