4 0.77421875 0.39765625 0.0203125 0.0578125
4 0.55078125 0.22578125 0.0140625 0.0421875
4 0.75703125 0.39609375 0.0171875 0.0578125
4 0.7890625 0.40078125 0.0203125 0.059375
4 0.54140625 0.22890625 0.0109375 0.0328125
6 0.13515625 0.85703125 0.2703125 0.2265625
3 0.76328125 0.73359375 0.0734375 0.134375
3 0.61171875 0.3875 0.078125 0.0828125
3 0.6640625 0.29296875 0.0828125 0.06875
3 0.79296875 0.60234375 0.06875 0.11875
3 0.5953125 0.04375 0.040625 0.0390625
3 0.38359375 0.22421875 0.0453125 0.071875
3 0.44296875 0.23984375 0.05625 0.071875
3 0.34296875 0.26328125 0.0484375 0.0734375
3 0.184375 0.40859375 0.053125 0.103125
3 0.1140625 0.2140625 0.059375 0.071875
3 0.728125 0.34453125 0.0828125 0.08125
3 0.22734375 0.25078125 0.0640625 0.078125
3 0.1703125 0.17890625 0.059375 0.0640625
3 0.3609375 0.0953125 0.046875 0.0625
3 0.22109375 0.14296875 0.053125 0.0625
3 0.41796875 0.18984375 0.040625 0.0625
3 0.64765625 0.534375 0.090625 0.103125
3 0.03671875 0.68515625 0.0734375 0.1421875
3 0.93671875 0.46875 0.0765625 0.0765625
3 0.3375 0.165625 0.0484375 0.0671875
3 0.53359375 0.2796875 0.0484375 0.078125
3 0.515625 0.8609375 0.1296875 0.196875
3 0.68359375 0.246875 0.0640625 0.0515625
3 0.7421875 0.2984375 0.0703125 0.0671875
3 0.04765625 0.26171875 0.05 0.0703125
3 0.29453125 0.196875 0.0578125 0.0734375
3 0.48515625 0.13984375 0.05625 0.053125
3 0.615625 0.63359375 0.0953125 0.1171875
3 0.81953125 0.48046875 0.059375 0.1015625
3 0.75703125 0.253125 0.0671875 0.0625
3 0.03828125 0.55546875 0.075 0.14375
3 0.04296875 0.403125 0.0796875 0.1046875
3 0.67421875 0.46171875 0.0796875 0.09375
3 0.503125 0.17265625 0.04375 0.0546875
3 0.71484375 0.40703125 0.0734375 0.084375
3 0.128125 0.57578125 0.0578125 0.1140625
3 0.365625 0.32578125 0.053125 0.0765625
3 0.94296875 0.54375 0.09375 0.0953125
3 0.8359375 0.39921875 0.05 0.084375
3 0.24609375 0.3515625 0.053125 0.090625
3 0.93359375 0.6265625 0.0765625 0.08125
3 0.296875 0.30625 0.0546875 0.08125
3 0.86171875 0.2859375 0.04375 0.0640625
3 0.49375 0.32578125 0.0640625 0.1046875
3 0.446875 0.16328125 0.04375 0.0578125
3 0.4390625 0.4171875 0.0625 0.084375
3 0.953125 0.39609375 0.0734375 0.0765625
3 0.11328125 0.34453125 0.0765625 0.096875
3 0.58515625 0.196875 0.0421875 0.0703125
3 0.85234375 0.3328125 0.0453125 0.0703125
3 0.1171875 0.47578125 0.059375 0.109375
3 0.321875 0.3734375 0.0625 0.0859375
3 0.9078125 0.88671875 0.1109375 0.1484375
3 0.5828125 0.7296875 0.0890625 0.1296875
3 0.26953125 0.4390625 0.075 0.0921875
3 0.55234375 0.5171875 0.0640625 0.0734375
2 0.68046875 0.07265625 0.171875 0.125
3 0.2296875 0.7015625 0.1015625 0.1203125
3 0.89609375 0.9828125 0.0984375 0.034375