4 0.42265625 0.3359375 0.0171875 0.053125
4 0.55390625 0.2375 0.0171875 0.046875
4 0.71015625 0.1375 0.0171875 0.04375
6 0.134375 0.85859375 0.26875 0.2234375
3 0.521875 0.86953125 0.1109375 0.16875
3 0.734375 0.8828125 0.0875 0.1734375
3 0.6640625 0.29296875 0.0828125 0.065625
3 0.53515625 0.15234375 0.0453125 0.05625
3 0.34296875 0.26328125 0.0484375 0.0734375
3 0.79296875 0.60234375 0.0703125 0.11875
3 0.94296875 0.54453125 0.09375 0.096875
3 0.7296875 0.3421875 0.08125 0.0796875
3 0.58203125 0.45 0.0921875 0.090625
3 0.6484375 0.534375 0.0890625 0.103125
3 0.1859375 0.396875 0.059375 0.11875
3 0.85546875 0.3328125 0.0453125 0.0703125
3 0.04296875 0.40078125 0.0796875 0.10625
3 0.7640625 0.73671875 0.078125 0.14375
3 0.93671875 0.4703125 0.0796875 0.08125
3 0.16953125 0.17734375 0.059375 0.0625
3 0.03828125 0.68203125 0.0703125 0.1328125
3 0.62578125 0.3359375 0.0734375 0.0609375
3 0.821875 0.48125 0.0625 0.1015625
3 0.3375 0.165625 0.0484375 0.0671875
3 0.4390625 0.4171875 0.0625 0.08125
3 0.675 0.4609375 0.078125 0.0921875
3 0.684375 0.24609375 0.0671875 0.053125
3 0.61171875 0.384375 0.0765625 0.075
3 0.534375 0.278125 0.05 0.078125
3 0.7421875 0.29921875 0.0703125 0.065625
3 0.44375 0.23828125 0.0546875 0.06875
3 0.60078125 0.16640625 0.0375 0.0578125
3 0.6171875 0.63515625 0.09375 0.1171875
3 0.475 0.2015625 0.0484375 0.0578125
3 0.04765625 0.26015625 0.0515625 0.0703125
3 0.22109375 0.14375 0.053125 0.0609375
3 0.8953125 0.98515625 0.096875 0.0296875
3 0.24609375 0.35078125 0.053125 0.0890625
3 0.41875 0.18984375 0.0421875 0.0625
3 0.11328125 0.2140625 0.059375 0.071875
3 0.8375 0.4 0.053125 0.0859375
3 0.4859375 0.14140625 0.0578125 0.05
3 0.5609375 0.51796875 0.0765625 0.0765625
3 0.4109375 0.278125 0.053125 0.065625
3 0.1765625 0.29375 0.0703125 0.084375
3 0.11328125 0.3421875 0.075 0.09375
3 0.29375 0.19609375 0.0546875 0.075
3 0.4484375 0.1625 0.0453125 0.059375
3 0.5859375 0.2 0.040625 0.0640625
3 0.83046875 0.04609375 0.04375 0.0234375
3 0.365625 0.325 0.053125 0.075
3 0.384375 0.225 0.046875 0.0703125
3 0.12890625 0.575 0.0609375 0.115625
3 0.75703125 0.25234375 0.065625 0.0609375
3 0.228125 0.24921875 0.0640625 0.078125
3 0.90859375 0.88828125 0.109375 0.146875
3 0.31328125 0.09609375 0.0328125 0.0546875
3 0.03828125 0.5546875 0.0734375 0.140625
3 0.12109375 0.4625 0.053125 0.0765625
3 0.26875 0.42109375 0.0578125 0.05
3 0.33828125 0.534375 0.040625 0.0375
3 0.934375 0.6265625 0.08125 0.0796875
3 0.9515625 0.39765625 0.071875 0.071875
3 0.321875 0.3734375 0.0625 0.0890625
3 0.49296875 0.32578125 0.065625 0.1078125
3 0.5796875 0.73046875 0.090625 0.134375
3 0.71484375 0.40625 0.0734375 0.0796875
3 0.95546875 0.34453125 0.071875 0.059375
3 0.296875 0.30625 0.053125 0.0796875
2 0.6796875 0.0734375 0.1734375 0.1234375
3 0.23203125 0.71015625 0.1015625 0.1359375
3 0.48203125 0.1 0.071875 0.0515625