2 0.62421875 0.04453125 0.1390625 0.0890625
3 0.7703125 0.865625 0.06328125 0.178125
3 0.35078125 0.2421875 0.0375 0.06796875
3 0.6375 0.26953125 0.0765625 0.05
3 0.6265625 0.60859375 0.084375 0.1109375
3 0.19921875 0.2859375 0.05625 0.075
3 0.4296875 0.42578125 0.05390625 0.07890625
3 0.4921875 0.41015625 0.05234375 0.07890625
3 0.559375 0.85625 0.10859375 0.184375
3 0.5734375 0.4390625 0.08984375 0.078125
3 0.31640625 0.284375 0.040625 0.06953125
3 0.44140625 0.14453125 0.0515625 0.046875
3 0.134375 0.221875 0.05234375 0.059375
3 0.1765625 0.44765625 0.040625 0.0984375
3 0.6515625 0.51796875 0.07890625 0.09453125
3 0.259375 0.225 0.04921875 0.06953125
3 0.709375 0.31796875 0.07265625 0.071875
3 0.0640625 0.74140625 0.05703125 0.1359375
3 0.08203125 0.26484375 0.0515625 0.065625
3 0.6515625 0.2265625 0.059375 0.04453125
3 0.47421875 0.0421875 0.0515625 0.0375
3 0.7 0.38671875 0.0671875 0.07890625
3 0.62421875 0.3171875 0.0703125 0.059375
3 0.275 0.3328125 0.0453125 0.0765625
3 0.0484375 0.61328125 0.05546875 0.134375
3 0.18046875 0.1796875 0.0453125 0.05703125
3 0.815625 0.44609375 0.05 0.103125
3 0.834375 0.2421875 0.0375 0.05703125
3 0.596875 0.37109375 0.0703125 0.06640625
3 0.38046875 0.20234375 0.034375 0.059375
3 0.66875 0.440625 0.06953125 0.0875
3 0.23046875 0.384375 0.04375 0.0875
3 0.9515625 0.83671875 0.09375 0.13203125
3 0.725 0.225 0.059375 0.0609375
3 0.41171875 0.17265625 0.046875 0.05390625
3 0.47265625 0.328125 0.053125 0.09609375
3 0.3453125 0.34453125 0.04375 0.06953125
3 0.9296875 0.41796875 0.06796875 0.078125
3 0.83125 0.29375 0.03671875 0.06796875
3 0.11796875 0.525 0.046875 0.10859375
3 0.93671875 0.4890625 0.06875 0.08359375
3 0.096875 0.3890625 0.065625 0.08359375
3 0.946875 0.57265625 0.06796875 0.0734375
3 0.13984375 0.62265625 0.04375 0.115625
3 0.95546875 0.9625 0.0875 0.071875
3 0.034375 0.4609375 0.06875 0.1
3 0.3078125 0.39765625 0.05234375 0.084375
3 0.4328125 0.70234375 0.08671875 0.1734375
3 0.50703125 0.27734375 0.0390625 0.0734375
3 0.2625 0.465625 0.06328125 0.078125
3 0.934375 0.34375 0.06171875 0.06796875
3 0.5640625 0.5125 0.06640625 0.06640625
3 0.2640625 0.73515625 0.0796875 0.1234375