2 0.7109375 0.07421875 0.1515625 0.109375
3 0.34375 0.8328125 0.1453125 0.1640625
3 0.6046875 0.05078125 0.046875 0.046875
3 0.3609375 0.253125 0.053125 0.0765625
3 0.54921875 0.2828125 0.053125 0.0796875
3 0.19453125 0.15703125 0.0625 0.06875
3 0.67890625 0.30078125 0.084375 0.065625
3 0.0375 0.52421875 0.075 0.1453125
3 0.60390625 0.63046875 0.103125 0.125
3 0.821875 0.5078125 0.0703125 0.1109375
3 0.12578125 0.80234375 0.1328125 0.1734375
3 0.740625 0.36015625 0.084375 0.0859375
3 0.4265625 0.28046875 0.0546875 0.0703125
3 0.6453125 0.546875 0.0953125 0.1078125
3 0.56484375 0.746875 0.1046875 0.1390625
3 0.58203125 0.45390625 0.103125 0.09375
3 0.73828125 0.76328125 0.0890625 0.15
3 0.31640625 0.184375 0.0609375 0.075
3 0.0328125 0.65234375 0.065625 0.1421875
3 0.69765625 0.90859375 0.1015625 0.1828125
3 0.40234375 0.2171875 0.0484375 0.071875
3 0.71796875 0.42734375 0.08125 0.090625
3 0.2453125 0.2328125 0.06875 0.084375
3 0.93828125 0.4984375 0.0796875 0.0828125
3 0.61953125 0.39296875 0.0828125 0.078125
3 0.134375 0.1890625 0.0625 0.075
3 0.246875 0.12421875 0.05625 0.0640625
3 0.6765625 0.475 0.084375 0.096875
3 0.19296875 0.3859375 0.0578125 0.103125
3 0.51015625 0.13984375 0.059375 0.05625
3 0.4453125 0.41484375 0.0671875 0.0890625
3 0.65625 0.34453125 0.0796875 0.0703125
3 0.70078125 0.26015625 0.0671875 0.0546875
3 0.37890625 0.31796875 0.0578125 0.0765625
3 0.25625 0.3359375 0.059375 0.09375
3 0.5328125 0.1765625 0.0515625 0.0625
3 0.3984375 0.47421875 0.078125 0.0890625
3 0.4703125 0.24453125 0.053125 0.065625
3 0.44140625 0.18828125 0.0484375 0.0640625
3 0.87890625 0.3109375 0.0453125 0.0625
3 0.87890625 0.915625 0.115625 0.1484375
3 0.50625 0.32578125 0.0703125 0.10625
3 0.49296875 0.20625 0.0546875 0.0609375
3 0.3109375 0.29296875 0.059375 0.084375
3 0.75859375 0.3125 0.0765625 0.075
3 0.9390625 0.57578125 0.1 0.1
3 0.12109375 0.4515625 0.065625 0.1125
3 0.12578125 0.31328125 0.0796875 0.0921875
3 0.190625 0.45546875 0.0453125 0.053125
3 0.5578125 0.5234375 0.084375 0.078125
3 0.12578125 0.5515625 0.0703125 0.1234375
3 0.86484375 0.359375 0.046875 0.0734375
3 0.47109375 0.16015625 0.046875 0.059375
3 0.95625 0.42734375 0.0796875 0.078125
3 0.32890625 0.3640625 0.0703125 0.09375
3 0.7734375 0.271875 0.0671875 0.0640625
3 0.43125 0.7125 0.121875 0.1390625
3 0.05 0.37421875 0.0859375 0.1109375
3 0.2703125 0.4015625 0.0625 0.05625
3 0.22578125 0.684375 0.0984375 0.134375