4 0.44609375 0.35859375 0.0140625 0.05546875
4 0.62734375 0.6453125 0.021875 0.08203125
3 0.5671875 0.86484375 0.09296875 0.159375
3 0.803125 0.565625 0.05546875 0.1109375
3 0.7796875 0.85078125 0.06640625 0.165625
3 0.50703125 0.2765625 0.040625 0.071875
3 0.44140625 0.14453125 0.0515625 0.046875
3 0.5421875 0.03359375 0.04296875 0.0359375
3 0.08125 0.26328125 0.05234375 0.065625
3 0.315625 0.284375 0.03984375 0.06796875
3 0.38046875 0.20234375 0.034375 0.059375
3 0.41171875 0.24921875 0.05 0.065625
3 0.0609375 0.7421875 0.06171875 0.1375
3 0.19921875 0.2859375 0.05625 0.071875
3 0.35078125 0.240625 0.0375 0.06640625
3 0.29765625 0.18828125 0.040625 0.0625
3 0.7890625 0.70234375 0.06171875 0.13203125
3 0.6515625 0.225 0.059375 0.04453125
3 0.7078125 0.31796875 0.075 0.071875
3 0.13359375 0.22109375 0.0515625 0.05859375
3 0.60625 0.321875 0.06796875 0.05390625
3 0.66875 0.440625 0.06953125 0.0875
3 0.6515625 0.51640625 0.078125 0.09453125
3 0.7234375 0.2234375 0.06171875 0.05546875
3 0.3453125 0.34375 0.04609375 0.07109375
3 0.63125 0.61484375 0.08203125 0.0984375
3 0.021875 0.31875 0.04296875 0.065625
3 0.1796875 0.1796875 0.04609375 0.05703125
3 0.8171875 0.44140625 0.05078125 0.096875
3 0.559375 0.15703125 0.02890625 0.053125
3 0.175 0.43515625 0.04609375 0.1125
3 0.384375 0.290625 0.04453125 0.0609375
3 0.265625 0.121875 0.02734375 0.0515625
3 0.034375 0.4609375 0.06875 0.096875
3 0.596875 0.375 0.06875 0.075
3 0.046875 0.61171875 0.05859375 0.1375
3 0.9296875 0.415625 0.06953125 0.07109375
3 0.4296875 0.42421875 0.053125 0.07890625
3 0.275 0.3328125 0.0453125 0.0765625
3 0.94375 0.48984375 0.08359375 0.084375
3 0.40703125 0.171875 0.0375 0.05390625
3 0.6109375 0.71640625 0.06953125 0.128125
3 0.259375 0.22421875 0.04921875 0.06796875
3 0.8234375 0.359375 0.04375 0.07890625
3 0.56328125 0.509375 0.06875 0.06640625
3 0.22890625 0.384375 0.046875 0.0875
3 0.096875 0.3921875 0.06640625 0.0875
3 0.6375 0.2734375 0.0765625 0.05859375
3 0.83125 0.290625 0.03515625 0.0640625
3 0.715625 0.27109375 0.0640625 0.0609375
3 0.1171875 0.521875 0.04765625 0.1015625
3 0.3078125 0.3953125 0.0515625 0.07890625
3 0.93125 0.28671875 0.0625 0.05390625
3 0.1546875 0.6203125 0.0796875 0.1125
3 0.4734375 0.328125 0.05234375 0.0984375
3 0.946875 0.5703125 0.06796875 0.065625
3 0.2609375 0.0359375 0.01953125 0.01953125
3 0.7015625 0.38125 0.06484375 0.0765625
3 0.54765625 0.1890625 0.034375 0.06640625
3 0.953125 0.83359375 0.09296875 0.13046875
3 0.9375 0.346875 0.06484375 0.0609375
3 0.2625 0.465625 0.065625 0.08203125
3 0.83125 0.2453125 0.0390625 0.0625
6 0.165625 0.9109375 0.27734375 0.175
2 0.625 0.040625 0.1375 0.07890625
6 0.1109375 0.871875 0.22109375 0.25546875
3 0.26875 0.72578125 0.0734375 0.1171875