4 0.73828125 0.3296875 0.021875 0.0578125
4 0.478125 0.221875 0.0140625 0.0421875
4 0.72109375 0.33359375 0.01875 0.0578125
4 0.75390625 0.3296875 0.0203125 0.059375
4 0.46953125 0.22734375 0.0125 0.0328125
6 0.22734375 0.9140625 0.2984375 0.171875
3 0.81484375 0.6578125 0.075 0.134375
3 0.57890625 0.3625 0.0796875 0.084375
3 0.6046875 0.25703125 0.084375 0.06875
3 0.809375 0.52265625 0.0703125 0.11875
3 0.47421875 0.034375 0.040625 0.0390625
3 0.31640625 0.2640625 0.046875 0.071875
3 0.37734375 0.26328125 0.0578125 0.071875
3 0.2875 0.3125 0.0484375 0.075
3 0.171875 0.49296875 0.05625 0.103125
3 0.053125 0.3234375 0.0609375 0.071875
3 0.68046875 0.290625 0.084375 0.08125
3 0.17265625 0.3296875 0.065625 0.0796875
3 0.0984375 0.275 0.0609375 0.065625
3 0.2609375 0.1453125 0.0484375 0.0640625
3 0.13828125 0.22734375 0.053125 0.0625
3 0.33984375 0.221875 0.0421875 0.0640625
3 0.6515625 0.4953125 0.0921875 0.1046875
3 0.1 0.8 0.0765625 0.1421875
3 0.9140625 0.35703125 0.078125 0.0765625
3 0.25625 0.21953125 0.0484375 0.0671875
3 0.475 0.27890625 0.05 0.078125
3 0.60859375 0.84453125 0.1328125 0.196875
3 0.61171875 0.2078125 0.065625 0.053125
3 0.68125 0.2421875 0.071875 0.0671875
3 0.01328125 0.38671875 0.0265625 0.0703125
3 0.2234375 0.26015625 0.0578125 0.0734375
3 0.3921875 0.15625 0.0578125 0.053125
3 0.646875 0.59921875 0.0984375 0.1171875
3 0.80390625 0.3984375 0.0609375 0.103125
3 0.684375 0.19453125 0.0671875 0.0640625
3 0.06875 0.6734375 0.0765625 0.14375
3 0.03671875 0.5234375 0.0734375 0.10625
3 0.6578125 0.41796875 0.08125 0.0953125
3 0.41875 0.18359375 0.04375 0.0546875
3 0.6828125 0.3546875 0.075 0.084375
3 0.16015625 0.66953125 0.059375 0.1140625
3 0.325 0.3671875 0.0546875 0.0765625
3 0.93984375 0.42734375 0.0953125 0.096875
3 0.7984375 0.31640625 0.0515625 0.0859375
3 0.21640625 0.42265625 0.0546875 0.090625
3 0.9515625 0.51015625 0.078125 0.0828125
3 0.25390625 0.365625 0.05625 0.0828125
3 0.79375 0.2 0.0453125 0.0640625
3 0.44921875 0.33359375 0.065625 0.1046875
3 0.36171875 0.18828125 0.04375 0.0578125
3 0.4203125 0.43515625 0.0640625 0.084375
3 0.91015625 0.28203125 0.075 0.078125
3 0.0859375 0.45 0.078125 0.096875
3 0.50390625 0.18515625 0.04375 0.0703125
3 0.79765625 0.24765625 0.046875 0.0703125
3 0.12421875 0.57578125 0.0609375 0.109375
3 0.2953125 0.42421875 0.0640625 0.0875
3 0.96875 0.7671875 0.0625 0.15
3 0.6390625 0.70078125 0.090625 0.13125
3 0.26171875 0.5 0.0765625 0.0921875
3 0.5546875 0.503125 0.065625 0.0734375
2 0.56328125 0.0515625 0.1734375 0.103125
3 0.29140625 0.76484375 0.103125 0.121875
3 0.98203125 0.89140625 0.0359375 0.0921875