4 0.1921875 0.37734375 0.01484375 0.0515625
4 0.81875 0.1109375 0.00859375 0.04140625
4 0.8265625 0.11015625 0.00703125 0.040625
3 0.41171875 0.85625 0.1234375 0.14296875
3 0.6375 0.26953125 0.07734375 0.05
3 0.315625 0.28515625 0.03984375 0.06796875
3 0.1796875 0.1796875 0.04609375 0.05703125
3 0.19921875 0.2859375 0.05625 0.075
3 0.0484375 0.61328125 0.05703125 0.1375
3 0.5734375 0.4390625 0.08984375 0.078125
3 0.7734375 0.87109375 0.06640625 0.1890625
3 0.259375 0.2265625 0.04921875 0.06640625
3 0.6265625 0.60859375 0.08359375 0.1109375
3 0.596875 0.371875 0.07109375 0.06640625
3 0.8046875 0.534375 0.05078125 0.10390625
3 0.70859375 0.31640625 0.071875 0.071875
3 0.946875 0.4890625 0.08671875 0.0890625
3 0.6515625 0.51796875 0.07734375 0.09453125
3 0.3859375 0.2984375 0.04296875 0.0640625
3 0.17734375 0.446875 0.0390625 0.0984375
3 0.3953125 0.49296875 0.065625 0.078125
3 0.725 0.22265625 0.05859375 0.05390625
3 0.4296875 0.4265625 0.0546875 0.08046875
3 0.52734375 0.23828125 0.0390625 0.059375
3 0.2296875 0.384375 0.04296875 0.0859375
3 0.03515625 0.46015625 0.0703125 0.10390625
3 0.7859375 0.7140625 0.06484375 0.146875
3 0.66875 0.440625 0.06796875 0.0859375
3 0.3484375 0.24140625 0.03359375 0.06640625
3 0.0625 0.740625 0.06015625 0.1375
3 0.609375 0.73046875 0.08515625 0.128125
3 0.4375 0.21328125 0.04453125 0.05390625
3 0.62421875 0.31796875 0.0703125 0.05859375
3 0.421875 0.25390625 0.04140625 0.0609375
3 0.50625 0.2765625 0.03984375 0.075
3 0.34609375 0.34453125 0.0453125 0.06953125
3 0.08203125 0.2640625 0.0515625 0.0640625
3 0.275 0.33359375 0.04453125 0.075
3 0.1921875 0.8671875 0.10703125 0.15390625
3 0.3828125 0.20703125 0.03671875 0.05546875
3 0.70078125 0.38515625 0.0671875 0.07890625
3 0.4703125 0.1765625 0.040625 0.053125
3 0.47265625 0.32890625 0.053125 0.096875
3 0.6515625 0.22578125 0.06015625 0.04296875
3 0.73125 0.278125 0.06953125 0.0625
3 0.11875 0.5234375 0.04609375 0.10546875
3 0.92734375 0.41484375 0.0671875 0.0734375
3 0.44140625 0.14453125 0.0515625 0.046875
3 0.95234375 0.8359375 0.09375 0.13359375
3 0.8359375 0.2421875 0.034375 0.05703125
3 0.1390625 0.621875 0.0515625 0.115625
3 0.096875 0.38828125 0.065625 0.08203125
3 0.496875 0.15390625 0.03828125 0.053125
3 0.8171875 0.44765625 0.05078125 0.109375
3 0.3078125 0.3984375 0.05234375 0.08359375
3 0.18828125 0.5109375 0.0375 0.04140625
3 0.83125 0.29140625 0.03515625 0.06953125
3 0.56171875 0.51171875 0.071875 0.06796875
3 0.9375 0.3375 0.06328125 0.071875
3 0.865625 0.0046875 0.040625 0.009375
3 0.3421875 0.55390625 0.03671875 0.03359375
3 0.559375 0.86015625 0.09140625 0.159375
3 0.2578125 0.446875 0.0546875 0.046875
3 0.41171875 0.17265625 0.046875 0.05390625
2 0.625 0.05625 0.16171875 0.109375
3 0.2640625 0.73125 0.08359375 0.109375
3 0.95546875 0.9609375 0.0890625 0.078125