3 0.965625 0.39453125 0.06875 0.0953125
3 0.2265625 0.44375 0.075 0.1265625
3 0.928125 0.29765625 0.0984375 0.1203125
3 0.19140625 0.065625 0.0546875 0.078125
3 0.61015625 0.3421875 0.0734375 0.09375
3 0.9296875 0.503125 0.1015625 0.090625
3 0.50390625 0.1140625 0.0546875 0.06875
3 0.79453125 0.11171875 0.0640625 0.06875
3 0.665625 0.05625 0.065625 0.0609375
3 0.578125 0.2546875 0.0703125 0.0984375
3 0.484375 0.8125 0.1375 0.1515625
3 0.803125 0.26796875 0.09375 0.08125
3 0.8296875 0.17421875 0.0640625 0.0671875
3 0.81796875 0.77578125 0.11875 0.1578125
3 0.35078125 0.22265625 0.09375 0.0734375
3 0.5375 0.1875 0.0765625 0.1
3 0.39296875 0.09453125 0.075 0.0703125
3 0.31640625 0.06328125 0.0671875 0.0640625
3 0.578125 0.73125 0.1390625 0.1296875
3 0.421875 0.19765625 0.0796875 0.075
3 0.725 0.1484375 0.0734375 0.06875
3 0.54296875 0.6015625 0.1109375 0.109375
3 0.39765625 0.45546875 0.09375 0.090625
3 0.48046875 0.3984375 0.0953125 0.08125
3 0.61171875 0.0875 0.053125 0.0640625
3 0.45078125 0.67734375 0.11875 0.125
3 0.75546875 0.06171875 0.053125 0.059375
3 0.73984375 0.32109375 0.0546875 0.084375
3 0.2078125 0.25703125 0.0703125 0.1140625
3 0.34375 0.1625 0.08125 0.075
3 0.54296875 0.025 0.0609375 0.05
3 0.2953125 0.0265625 0.0625 0.053125
3 0.90546875 0.1703125 0.04375 0.065625
3 0.37421875 0.0328125 0.0890625 0.065625
3 0.68828125 0.11484375 0.0703125 0.0609375
3 0.58671875 0.0453125 0.0453125 0.0609375
3 0.31875 0.01328125 0.05625 0.0265625
3 0.32734375 0.10703125 0.0765625 0.06875
3 0.3703125 0.290625 0.090625 0.0828125
3 0.8234375 0.475 0.0640625 0.1109375
3 0.76484375 0.20703125 0.090625 0.0734375
3 0.94453125 0.22265625 0.040625 0.0625
3 0.83359375 0.34609375 0.0875 0.0875
3 0.07421875 0.12265625 0.053125 0.090625
3 0.50234375 0.503125 0.103125 0.1046875
3 0.20546875 0.1796875 0.05625 0.0875
3 0.1609375 0.10703125 0.053125 0.08125
3 0.08203125 0.0515625 0.04375 0.0625
3 0.04375 0.87109375 0.0875 0.1328125
3 0.15703125 0.9125 0.134375 0.096875
3 0.8765625 0.565625 0.065625 0.128125
3 0.78046875 0.37734375 0.0484375 0.0875
4 0.78046875 0.41796875 0.028125 0.071875
4 0.64453125 0.18359375 0.021875 0.046875
4 0.67734375 0.25390625 0.028125 0.0640625
3 0.984375 0.271875 0.03125 0.0875
3 0.87578125 0.10546875 0.0453125 0.075
3 0.83125 0.0734375 0.0359375 0.05625
3 0.8828125 0.4046875 0.1109375 0.090625
3 0.665625 0.1953125 0.0515625 0.0859375
3 0.7015625 0.24921875 0.0421875 0.0859375