3 0.96015625 0.3234375 0.075 0.08515625
3 0.22109375 0.4890625 0.05546875 0.115625
3 0.89140625 0.23203125 0.08203125 0.11015625
3 0.5859375 0.32421875 0.0625 0.08515625
3 0.80546875 0.29296875 0.07734375 0.06875
3 0.328125 0.11640625 0.06796875 0.0578125
3 0.73046875 0.0703125 0.0546875 0.0609375
3 0.54609375 0.07421875 0.04765625 0.06015625
3 0.92578125 0.43515625 0.08828125 0.07578125
3 0.30625 0.25078125 0.08515625 0.0625
3 0.44375 0.11796875 0.04453125 0.0625
3 0.3609375 0.3859375 0.078125 0.0828125
3 0.59453125 0.03515625 0.059375 0.0515625
3 0.775 0.1296875 0.053125 0.059375
3 0.66484375 0.1171875 0.0640625 0.06015625
3 0.5578125 0.59375 0.09765625 0.0953125
3 0.3921875 0.471875 0.08515625 0.08046875
3 0.7109375 0.28515625 0.04765625 0.07890625
3 0.24765625 0.0953125 0.0609375 0.0515625
3 0.53828125 0.2484375 0.05703125 0.090625
3 0.290625 0.19140625 0.06796875 0.06328125
3 0.29375 0.06640625 0.07421875 0.046875
3 0.175 0.31171875 0.0515625 0.09453125
3 0.471875 0.02734375 0.0609375 0.0546875
3 0.68359375 0.02734375 0.04765625 0.05390625
3 0.48828125 0.184375 0.06328125 0.0953125
3 0.465625 0.403125 0.08359375 0.06875
3 0.2234375 0.0625 0.05703125 0.05078125
3 0.61328125 0.71640625 0.1234375 0.1125
3 0.37890625 0.2109375 0.071875 0.06328125
4 0.640625 0.2625 0.01953125 0.04765625
3 0.61171875 0.175 0.0421875 0.06640625
3 0.303125 0.028125 0.06640625 0.046875
3 0.8484375 0.1109375 0.03125 0.0609375
3 0.33828125 0.3125 0.07890625 0.0703125
3 0.81484375 0.4234375 0.05078125 0.10546875
3 0.5078125 0.79921875 0.1109375 0.125
3 0.7578125 0.625 0.04375 0.053125
4 0.721875 0.4640625 0.0140625 0.05390625
3 0.2671875 0.1375 0.06875 0.05703125
4 0.70078125 0.4703125 0.0140625 0.05234375
3 0.62734375 0.09609375 0.059375 0.06796875
3 0.50390625 0.503125 0.08828125 0.09140625
3 0.71484375 0.17109375 0.08046875 0.065625
3 0.24375 0.0359375 0.05078125 0.04453125
3 0.89765625 0.153125 0.0390625 0.0640625
3 0.809375 0.05859375 0.03359375 0.05703125
3 0.95859375 0.20390625 0.0328125 0.06796875
3 0.6609375 0.21875 0.0390625 0.071875
3 0.75546875 0.3390625 0.0375 0.096875
3 0.88125 0.50625 0.04921875 0.121875
3 0.228125 0.959375 0.125 0.08046875
3 0.10546875 0.1640625 0.034375 0.0703125
3 0.159375 0.23125 0.0421875 0.078125
3 0.02265625 0.190625 0.04453125 0.08671875
3 0.01875 0.13125 0.03671875 0.0546875