3 0.96015625 0.3234375 0.075 0.084375
3 0.584375 0.3265625 0.06171875 0.084375
3 0.2203125 0.48671875 0.05625 0.11953125
3 0.89140625 0.23203125 0.08125 0.11015625
3 0.77421875 0.128125 0.0578125 0.06171875
3 0.80546875 0.29296875 0.07890625 0.06953125
3 0.25 0.0953125 0.06015625 0.0546875
3 0.428125 0.5640625 0.090625 0.0875
3 0.309375 0.24921875 0.084375 0.0625
3 0.92578125 0.434375 0.0875 0.07578125
3 0.59375 0.0390625 0.059375 0.053125
3 0.328125 0.11484375 0.06796875 0.0609375
4 0.615625 0.23515625 0.0140625 0.046875
3 0.7125 0.28359375 0.05 0.08046875
3 0.5390625 0.24453125 0.0578125 0.090625
3 0.3609375 0.38515625 0.078125 0.08203125
3 0.54609375 0.07421875 0.0453125 0.05859375
3 0.17109375 0.30625 0.04765625 0.0984375
3 0.66640625 0.11640625 0.0640625 0.059375
3 0.6828125 0.02734375 0.04765625 0.0546875
3 0.5578125 0.59375 0.09765625 0.09609375
3 0.28984375 0.19140625 0.0703125 0.0640625
3 0.49609375 0.18359375 0.0625 0.09140625
3 0.3921875 0.475 0.084375 0.08515625
3 0.47265625 0.025 0.0609375 0.05
3 0.22265625 0.0625 0.05546875 0.04921875
3 0.378125 0.2109375 0.0734375 0.065625
3 0.6109375 0.17265625 0.04140625 0.06875
3 0.46484375 0.403125 0.0859375 0.06875
3 0.61328125 0.715625 0.12265625 0.11171875
3 0.30234375 0.028125 0.065625 0.04609375
3 0.2953125 0.0671875 0.071875 0.04609375
3 0.81875 0.42578125 0.05 0.10625
3 0.44375 0.11953125 0.0515625 0.06328125
3 0.50703125 0.79921875 0.11015625 0.12265625
3 0.50078125 0.5078125 0.0890625 0.0921875
3 0.71484375 0.17109375 0.08125 0.06640625
3 0.62578125 0.08046875 0.0640625 0.04765625
3 0.2421875 0.03359375 0.05078125 0.0421875
3 0.84765625 0.1109375 0.03125 0.06171875
3 0.3375 0.31171875 0.07890625 0.07109375
3 0.01640625 0.128125 0.0328125 0.053125
3 0.0171875 0.190625 0.034375 0.08203125
3 0.10546875 0.1625 0.04140625 0.0796875
3 0.16171875 0.2265625 0.04140625 0.07265625
3 0.2296875 0.9609375 0.1296875 0.078125
3 0.95390625 0.20078125 0.0359375 0.07421875
3 0.87890625 0.5078125 0.04375 0.13828125
3 0.75390625 0.34140625 0.0421875 0.08671875
3 0.809375 0.0546875 0.03125 0.071875
3 0.9 0.14296875 0.03828125 0.07265625
3 0.75859375 0.03203125 0.025 0.0640625
3 0.66953125 0.2125 0.04296875 0.06640625