3 0.5828125 0.79609375 0.1375 0.1515625
3 0.4125 0.34296875 0.084375 0.0734375
3 0.43984375 0.57890625 0.1140625 0.1203125
3 0.22265625 0.53046875 0.0734375 0.128125
3 0.55625 0.31484375 0.075 0.09375
3 0.8875 0.6640625 0.1171875 0.1546875
3 0.6609375 0.0390625 0.0625 0.0671875
3 0.384375 0.13125 0.0546875 0.06875
3 0.5078125 0.68515625 0.11875 0.121875
3 0.5203125 0.02734375 0.065625 0.0546875
3 0.71640625 0.18515625 0.09375 0.0796875
3 0.4984375 0.24140625 0.0703125 0.0984375
3 0.5703125 0.5859375 0.1109375 0.1109375
3 0.77890625 0.13125 0.0703125 0.075
3 0.23671875 0.08203125 0.078125 0.0921875
3 0.44765625 0.1890625 0.075 0.0984375
3 0.2734375 0.1484375 0.075 0.071875
3 0.146875 0.36328125 0.0578125 0.1
3 0.67421875 0.2546875 0.05625 0.0859375
3 0.1875 0.13984375 0.06875 0.065625
3 0.15703125 0.1109375 0.0609375 0.059375
3 0.6453125 0.69609375 0.1390625 0.1296875
3 0.71171875 0.090625 0.0640625 0.065625
3 0.3890625 0.49140625 0.09375 0.090625
3 0.45078125 0.409375 0.09375 0.08125
3 0.3953125 0.034375 0.0640625 0.0546875
3 0.91640625 0.36953125 0.1125 0.090625
3 0.76796875 0.2453125 0.0875 0.084375
3 0.79921875 0.37578125 0.065625 0.1125
3 0.47734375 0.0734375 0.0484375 0.0640625
3 0.60390625 0.09609375 0.071875 0.0671875
3 0.23203125 0.22890625 0.0859375 0.0734375
3 0.3359375 0.23203125 0.0796875 0.071875
3 0.60625 0.01796875 0.0625 0.0359375
3 0.14296875 0.96640625 0.1546875 0.0671875
3 0.7828125 0.06015625 0.0421875 0.065625
3 0.37421875 0.28515625 0.0796875 0.0859375
3 0.4421875 0.040625 0.0484375 0.0640625
3 0.6609375 0.1390625 0.090625 0.0734375
3 0.28125 0.27578125 0.096875 0.0796875
3 0.3125 0.340625 0.0953125 0.0921875
3 0.17265625 0.07890625 0.0546875 0.046875
3 0.50234375 0.509375 0.103125 0.1046875
3 0.21328125 0.17734375 0.0765625 0.06875
3 0.56171875 0.06875 0.0703125 0.0546875
3 0.8765625 0.45078125 0.0640625 0.1359375
3 0.73046875 0.3 0.05625 0.1
3 0.8390625 0.29375 0.103125 0.09375
3 0.840625 0.09140625 0.05 0.0875
3 0.90234375 0.1375 0.05 0.0859375
3 0.7328125 0.021875 0.04375 0.04375
3 0.68203125 0.01015625 0.0421875 0.0203125
3 0.56875 0.9109375 0.15 0.165625
3 0.3 0.975 0.1375 0.05
3 0.1203125 0.2859375 0.0484375 0.0796875
3 0.05703125 0.23359375 0.0515625 0.0796875