3 0.9671875 0.37265625 0.065625 0.0921875
3 0.82421875 0.32578125 0.0859375 0.078125
3 0.2234375 0.459375 0.0671875 0.121875
3 0.60234375 0.3359375 0.0703125 0.090625
3 0.9171875 0.27421875 0.09375 0.1171875
3 0.42265625 0.5578125 0.1015625 0.1
3 0.54609375 0.60078125 0.1078125 0.1046875
3 0.3359375 0.23125 0.090625 0.0734375
3 0.48359375 0.11484375 0.0515625 0.065625
3 0.7328125 0.309375 0.05625 0.0859375
3 0.8125 0.15859375 0.0625 0.06875
3 0.45859375 0.33359375 0.084375 0.0765625
3 0.64296875 0.0484375 0.0640625 0.059375
3 0.9296875 0.47890625 0.096875 0.084375
3 0.39296875 0.140625 0.0796875 0.0671875
3 0.56484375 0.25 0.0671875 0.0953125
3 0.73125 0.04921875 0.053125 0.059375
3 0.42890625 0.2609375 0.0921875 0.0796875
3 0.47734375 0.4015625 0.0921875 0.078125
3 0.37421875 0.37109375 0.0875 0.0875
3 0.290625 0.078125 0.0671875 0.071875
3 0.59140625 0.08203125 0.0515625 0.0625
3 0.521875 0.18828125 0.0734375 0.1015625
3 0.27265625 0.03515625 0.0625 0.05625
3 0.7046875 0.13671875 0.071875 0.065625
3 0.19765625 0.27578125 0.0625 0.10625
3 0.36015625 0.30078125 0.090625 0.0828125
3 0.3703125 0.0984375 0.071875 0.059375
3 0.5 0.50859375 0.1 0.103125
3 0.35234375 0.03671875 0.0828125 0.0734375
3 0.32421875 0.17109375 0.0765625 0.0703125
3 0.74296875 0.19453125 0.0859375 0.0703125
3 0.5234375 0.02578125 0.065625 0.0515625
3 0.3015625 0.1203125 0.071875 0.0609375
3 0.39609375 0.4640625 0.09375 0.0953125
3 0.8875 0.14921875 0.0375 0.0640625
3 0.29140625 0.01484375 0.0515625 0.0296875
3 0.40625 0.2015625 0.078125 0.0734375
3 0.825 0.45859375 0.0640625 0.1109375
3 0.475 0.7984375 0.1234375 0.134375
4 0.65078125 0.246875 0.021875 0.0546875
3 0.64375 0.1875 0.046875 0.0734375
3 0.14140625 0.12734375 0.0546875 0.0875
3 0.17734375 0.93359375 0.1296875 0.0828125
3 0.87734375 0.54375 0.059375 0.1203125
3 0.85234375 0.08984375 0.0390625 0.071875
3 0.93203125 0.19140625 0.0375 0.0765625
3 0.98203125 0.2515625 0.0359375 0.09375
3 0.8078125 0.0578125 0.0375 0.059375
3 0.68671875 0.2390625 0.0453125 0.0859375
3 0.18984375 0.196875 0.05 0.0828125
3 0.059375 0.078125 0.0421875 0.0640625
3 0.05859375 0.13984375 0.05625 0.0921875
3 0.8875 0.14921875 0.0375 0.0640625
3 0.825 0.45859375 0.0640625 0.1109375