3 0.96171875 0.35234375 0.0765625 0.0890625
3 0.22265625 0.46796875 0.0640625 0.1234375
3 0.909375 0.2609375 0.090625 0.115625
3 0.1546875 0.09453125 0.0484375 0.075
3 0.59609375 0.3328125 0.0671875 0.0890625
3 0.928125 0.465625 0.0953125 0.0828125
3 0.4703125 0.11484375 0.05 0.065625
3 0.76015625 0.0875 0.059375 0.0640625
3 0.6265625 0.04375 0.0625 0.0578125
3 0.55703125 0.2484375 0.0625 0.0953125
3 0.51171875 0.8125 0.1265625 0.14375
3 0.78203125 0.2421875 0.0890625 0.075
3 0.8 0.146875 0.059375 0.0625
3 0.840625 0.746875 0.1078125 0.1515625
3 0.32734375 0.23671875 0.0890625 0.0671875
3 0.51015625 0.18515625 0.06875 0.0953125
3 0.35859375 0.10546875 0.0703125 0.065625
3 0.27890625 0.08125 0.0625 0.059375
3 0.59765625 0.7234375 0.13125 0.1203125
3 0.39609375 0.20546875 0.075 0.0703125
3 0.69375 0.1296875 0.06875 0.0625
3 0.5515625 0.59765625 0.103125 0.103125
3 0.39453125 0.4640625 0.0875 0.084375
3 0.471875 0.40078125 0.090625 0.075
3 0.57578125 0.07890625 0.0484375 0.0609375
3 0.46640625 0.68125 0.1109375 0.1171875
3 0.71640625 0.04140625 0.05 0.05625
3 0.72265625 0.30078125 0.0484375 0.08125
3 0.1875 0.2828125 0.0625 0.1109375
3 0.31484375 0.17734375 0.0765625 0.06875
3 0.50078125 0.02265625 0.0578125 0.0453125
3 0.25546875 0.04375 0.059375 0.053125
3 0.87578125 0.1359375 0.0390625 0.0640625
3 0.33203125 0.03828125 0.0828125 0.0765625
3 0.65390625 0.1 0.065625 0.05625
3 0.546875 0.03984375 0.040625 0.059375
3 0.27578125 0.02109375 0.0515625 0.0421875
3 0.29375 0.1234375 0.0734375 0.0625
3 0.35234375 0.30234375 0.0859375 0.0765625
3 0.8203125 0.446875 0.05625 0.1078125
3 0.73828125 0.18515625 0.0859375 0.0671875
3 0.91796875 0.184375 0.0359375 0.0609375
3 0.81875 0.31796875 0.08125 0.08125
3 0.04296875 0.1609375 0.046875 0.0875
3 0.503125 0.50234375 0.0953125 0.0984375
3 0.17890625 0.20625 0.05 0.084375
3 0.128125 0.13828125 0.046875 0.078125
3 0.04453125 0.08984375 0.0390625 0.059375
3 0.05859375 0.9125 0.1171875 0.121875
3 0.19453125 0.940625 0.1296875 0.0859375
3 0.88046875 0.5328125 0.05625 0.125
3 0.76875 0.35390625 0.040625 0.084375
4 0.771875 0.39375 0.021875 0.0703125
4 0.61640625 0.171875 0.0171875 0.046875
4 0.65546875 0.2390625 0.0234375 0.0625
3 0.97421875 0.2296875 0.0453125 0.0859375
3 0.83984375 0.07421875 0.040625 0.0734375
3 0.7921875 0.04609375 0.03125 0.0546875
3 0.8734375 0.371875 0.10625 0.0828125
3 0.63828125 0.18203125 0.0453125 0.084375
3 0.67890625 0.2328125 0.0359375 0.084375