3 0.96484375 0.37734375 0.0703125 0.0953125
3 0.92109375 0.28203125 0.09375 0.11875
3 0.82734375 0.33203125 0.0875 0.0765625
3 0.60390625 0.33828125 0.071875 0.0921875
3 0.81640625 0.1640625 0.0640625 0.06875
3 0.56953125 0.2515625 0.0671875 0.0953125
3 0.24140625 0.57109375 0.0875 0.1578125
3 0.65078125 0.05 0.065625 0.059375
3 0.3984375 0.1390625 0.08125 0.06875
3 0.3421875 0.22734375 0.0921875 0.075
3 0.490625 0.1140625 0.0546875 0.0671875
3 0.52734375 0.18515625 0.075 0.1015625
3 0.37578125 0.37109375 0.0875 0.0890625
3 0.4328125 0.2609375 0.09375 0.0828125
3 0.46015625 0.33203125 0.084375 0.078125
3 0.421875 0.55390625 0.1015625 0.0984375
3 0.5296875 0.025 0.0625 0.05
3 0.93125 0.48671875 0.1 0.0859375
3 0.065625 0.11015625 0.05625 0.1359375
3 0.29921875 0.0734375 0.0703125 0.071875
3 0.36015625 0.0171875 0.0703125 0.034375
3 0.73671875 0.31171875 0.0578125 0.084375
3 0.453125 0.6703125 0.1203125 0.115625
3 0.484375 0.40078125 0.078125 0.0765625
3 0.30625 0.115625 0.0703125 0.0625
3 0.71171875 0.140625 0.071875 0.065625
3 0.33125 0.16875 0.078125 0.0734375
3 0.28203125 0.03203125 0.0671875 0.05625
3 0.39453125 0.46015625 0.0921875 0.09375
3 0.378125 0.0953125 0.0703125 0.0578125
3 0.746875 0.1984375 0.0875 0.075
3 0.4109375 0.19921875 0.08125 0.075
3 0.89296875 0.15625 0.0390625 0.0640625
3 0.34921875 0.04375 0.0796875 0.05625
3 0.81953125 0.46171875 0.0671875 0.1125
3 0.60859375 0.746875 0.121875 0.1234375
3 0.4703125 0.79765625 0.1234375 0.1359375
3 0.3015625 0.0140625 0.05625 0.028125
3 0.20078125 0.265625 0.059375 0.1015625
3 0.3625 0.303125 0.0921875 0.0984375
3 0.64765625 0.18359375 0.0515625 0.0734375
3 0.14765625 0.12265625 0.0484375 0.08125
3 0.06015625 0.1375 0.0484375 0.0859375
3 0.06484375 0.0734375 0.0375 0.0484375
3 0.16953125 0.9296875 0.1296875 0.08125
3 0.890625 0.57265625 0.0625 0.1390625
3 0.984375 0.25390625 0.03125 0.0765625
3 0.93515625 0.19375 0.04375 0.075
3 0.8640625 0.0984375 0.046875 0.0796875
3 0.815625 0.065625 0.0421875 0.0640625
3 0.5046875 0.50390625 0.1015625 0.096875