3 0.96484375 0.3859375 0.0703125 0.09375
3 0.22578125 0.4484375 0.071875 0.1265625
3 0.925 0.28984375 0.096875 0.1203125
3 0.18359375 0.07109375 0.053125 0.0765625
3 0.6078125 0.33984375 0.071875 0.0921875
3 0.9296875 0.49609375 0.1 0.0890625
3 0.49765625 0.1140625 0.0546875 0.06875
3 0.78828125 0.10625 0.0640625 0.06875
3 0.6578125 0.05390625 0.065625 0.0609375
3 0.57421875 0.253125 0.06875 0.0984375
3 0.48984375 0.8125 0.1359375 0.15
3 0.79921875 0.2625 0.09375 0.0796875
3 0.82421875 0.16875 0.0625 0.0671875
3 0.82265625 0.7703125 0.1171875 0.15625
3 0.34609375 0.225 0.0921875 0.0734375
3 0.53203125 0.18671875 0.075 0.0984375
3 0.3859375 0.096875 0.0734375 0.06875
3 0.30859375 0.06640625 0.0671875 0.0625
3 0.58203125 0.7296875 0.1375 0.128125
3 0.4171875 0.1984375 0.0796875 0.0734375
3 0.71875 0.14453125 0.071875 0.0671875
3 0.5453125 0.60078125 0.109375 0.109375
3 0.396875 0.45703125 0.0921875 0.0890625
3 0.47890625 0.39921875 0.0953125 0.0796875
3 0.6046875 0.0859375 0.0515625 0.0640625
3 0.45390625 0.678125 0.1171875 0.1234375
3 0.74765625 0.0578125 0.053125 0.059375
3 0.73671875 0.3171875 0.053125 0.0828125
3 0.20390625 0.26171875 0.06875 0.1140625
3 0.33828125 0.165625 0.08125 0.0734375
3 0.53359375 0.02421875 0.0609375 0.0484375
3 0.2875 0.02734375 0.0625 0.0546875
3 0.9 0.16328125 0.0421875 0.065625
3 0.365625 0.03359375 0.0875 0.0671875
3 0.68125 0.11171875 0.06875 0.0609375
3 0.57890625 0.04375 0.0453125 0.0609375
3 0.31015625 0.01484375 0.0546875 0.0296875
3 0.3203125 0.11015625 0.0765625 0.0671875
3 0.36640625 0.29296875 0.0890625 0.0828125
3 0.82265625 0.46953125 0.0625 0.1109375
3 0.759375 0.203125 0.0890625 0.071875
3 0.9390625 0.21484375 0.040625 0.0625
3 0.83125 0.340625 0.0859375 0.0859375
3 0.06796875 0.1296875 0.0515625 0.090625
3 0.503125 0.503125 0.1015625 0.103125
3 0.2 0.18515625 0.0546875 0.0875
3 0.1546875 0.11328125 0.0515625 0.0796875
3 0.07421875 0.059375 0.0421875 0.0625
3 0.04609375 0.8796875 0.0921875 0.13125
3 0.1640625 0.91796875 0.134375 0.0953125
3 0.87734375 0.559375 0.0640625 0.1265625
3 0.778125 0.37265625 0.046875 0.0875
4 0.77890625 0.41328125 0.0265625 0.071875
4 0.6390625 0.18125 0.0203125 0.046875
4 0.6734375 0.25078125 0.0265625 0.0640625
3 0.9828125 0.2640625 0.034375 0.0875
3 0.86875 0.09921875 0.0453125 0.075
3 0.8234375 0.0671875 0.0359375 0.05625
3 0.88125 0.3984375 0.1109375 0.0890625
3 0.66015625 0.19296875 0.05 0.0859375
3 0.69765625 0.24609375 0.040625 0.0859375