3 0.96484375 0.378125 0.0703125 0.09375
3 0.92109375 0.2828125 0.0953125 0.11875
3 0.52734375 0.18203125 0.078125 0.1015625
3 0.82890625 0.33125 0.0859375 0.078125
3 0.65 0.05078125 0.065625 0.0609375
3 0.8171875 0.1640625 0.0625 0.0671875
3 0.240625 0.571875 0.0875 0.1578125
3 0.3421875 0.22734375 0.090625 0.0765625
3 0.39765625 0.1390625 0.0828125 0.06875
3 0.490625 0.11328125 0.053125 0.065625
3 0.42265625 0.55546875 0.103125 0.0984375
3 0.93046875 0.4875 0.1015625 0.0875
3 0.3625 0.01640625 0.071875 0.0328125
3 0.328125 0.16796875 0.0734375 0.071875
3 0.4609375 0.3328125 0.084375 0.078125
3 0.4328125 0.259375 0.0953125 0.08125
3 0.734375 0.3125 0.0546875 0.084375
3 0.37890625 0.09609375 0.0734375 0.0578125
3 0.346875 0.04453125 0.084375 0.0578125
3 0.528125 0.02421875 0.0625 0.0484375
3 0.71171875 0.140625 0.071875 0.0671875
3 0.4109375 0.19921875 0.08125 0.075
3 0.37578125 0.37109375 0.090625 0.090625
3 0.453125 0.6703125 0.121875 0.115625
3 0.3953125 0.4578125 0.090625 0.0890625
3 0.48515625 0.4 0.0765625 0.075
3 0.746875 0.1984375 0.0875 0.0734375
3 0.3078125 0.1140625 0.0734375 0.0640625
3 0.303125 0.06875 0.071875 0.0703125
3 0.8234375 0.4640625 0.0625 0.1109375
3 0.89296875 0.15703125 0.0375 0.0625
3 0.29296875 0.02890625 0.0890625 0.0578125
3 0.3625 0.29921875 0.090625 0.0890625
3 0.15 0.1234375 0.0515625 0.0765625
3 0.17109375 0.92265625 0.1265625 0.09375
3 0.61015625 0.73828125 0.115625 0.1296875
3 0.47109375 0.796875 0.1296875 0.128125
3 0.5046875 0.49609375 0.096875 0.09375
3 0.89609375 0.5671875 0.05625 0.1328125
3 0.98203125 0.24921875 0.0359375 0.0859375
3 0.93671875 0.20234375 0.0375 0.0796875
3 0.86015625 0.09765625 0.040625 0.0671875
3 0.815625 0.0609375 0.0375 0.0546875
3 0.06328125 0.13359375 0.0515625 0.078125
3 0.0640625 0.075 0.0375 0.0546875
3 0.6515625 0.18828125 0.05 0.0875
3 0.7734375 0.378125 0.053125 0.1