3 0.9625 0.353125 0.075 0.090625
3 0.59765625 0.3296875 0.06875 0.090625
3 0.81796875 0.31484375 0.084375 0.071875
3 0.909375 0.26015625 0.0890625 0.1140625
3 0.4984375 0.26875 0.05625 0.0828125
3 0.80078125 0.14765625 0.0609375 0.0640625
3 0.4515625 0.33125 0.0859375 0.0734375
3 0.4265625 0.55625 0.0984375 0.0921875
3 0.55625 0.24921875 0.0640625 0.0921875
3 0.4625 0.67109375 0.1171875 0.10625
3 0.4703125 0.11484375 0.0515625 0.0640625
3 0.32890625 0.2359375 0.0875 0.0703125
3 0.62734375 0.04296875 0.0640625 0.0578125
3 0.36796875 0.3796875 0.084375 0.0875
3 0.42265625 0.26953125 0.084375 0.075
3 0.2765625 0.0828125 0.065625 0.0640625
3 0.3796875 0.14453125 0.0796875 0.065625
3 0.4921875 0.7984375 0.1203125 0.13125
3 0.47578125 0.40234375 0.0875 0.075
3 0.93046875 0.465625 0.0953125 0.0828125
3 0.51796875 0.18125 0.0703125 0.0953125
3 0.334375 0.01953125 0.06875 0.0390625
3 0.24453125 0.58671875 0.0796875 0.1484375
3 0.35234375 0.30390625 0.084375 0.0796875
3 0.39375 0.4671875 0.090625 0.0921875
3 0.69296875 0.1296875 0.06875 0.0625
3 0.725 0.3 0.0515625 0.08125
3 0.35703125 0.10234375 0.06875 0.0515625
3 0.3125 0.17734375 0.0734375 0.06875
3 0.1890625 0.28125 0.0546875 0.1
3 0.575 0.078125 0.0453125 0.0609375
3 0.2546875 0.04375 0.059375 0.053125
3 0.325 0.053125 0.0765625 0.053125
3 0.73203125 0.18671875 0.084375 0.0671875
3 0.3953125 0.2046875 0.0765625 0.0734375
3 0.275 0.0171875 0.05 0.034375
3 0.49921875 0.5078125 0.0953125 0.096875
3 0.29140625 0.1265625 0.071875 0.0640625
3 0.82265625 0.44765625 0.059375 0.109375
3 0.875 0.1359375 0.0359375 0.0625
3 0.04375 0.16015625 0.0484375 0.09375
3 0.5046875 0.02578125 0.065625 0.0515625
3 0.22265625 0.465625 0.0609375 0.1171875
3 0.63046875 0.17734375 0.046875 0.06875
3 0.9203125 0.18125 0.0375 0.0609375
3 0.89296875 0.553125 0.0609375 0.134375
3 0.19453125 0.9390625 0.134375 0.090625
3 0.0421875 0.090625 0.034375 0.071875
3 0.1296875 0.134375 0.0421875 0.0796875
3 0.79140625 0.0453125 0.028125 0.053125
3 0.83984375 0.07890625 0.0359375 0.0703125
3 0.97421875 0.23203125 0.0453125 0.0921875
3 0.1890625 0.28125 0.0546875 0.1
3 0.82265625 0.44765625 0.059375 0.109375
3 0.875 0.1359375 0.0359375 0.0625