3 0.9203125 0.25234375 0.0875 0.0953125
3 0.55703125 0.3125 0.075 0.0953125
3 0.76796875 0.24765625 0.0890625 0.078125
3 0.84453125 0.17421875 0.096875 0.1203125
3 0.44609375 0.275 0.0625 0.0859375
3 0.7140625 0.0890625 0.065625 0.06875
3 0.41484375 0.346875 0.090625 0.0796875
3 0.440625 0.57109375 0.1046875 0.1
3 0.4984375 0.24296875 0.0703125 0.096875
3 0.5015625 0.675 0.125 0.115625
3 0.384375 0.13125 0.05625 0.06875
3 0.27421875 0.28125 0.0921875 0.0765625
3 0.52109375 0.028125 0.0671875 0.05625
3 0.34453125 0.4125 0.090625 0.09375
3 0.3734375 0.29296875 0.0890625 0.08125
3 0.18828125 0.14375 0.06875 0.06875
3 0.303125 0.18046875 0.0828125 0.071875
3 0.56015625 0.79296875 0.1296875 0.140625
3 0.45390625 0.41015625 0.0921875 0.08125
3 0.91171875 0.36953125 0.1015625 0.0890625
3 0.4453125 0.18515625 0.078125 0.1
3 0.2296875 0.0640625 0.071875 0.05625
3 0.27109375 0.6421875 0.090625 0.153125
3 0.31171875 0.3421875 0.090625 0.0859375
3 0.3890625 0.4921875 0.096875 0.0984375
3 0.6046875 0.09609375 0.0734375 0.06875
3 0.67421875 0.2546875 0.0578125 0.084375
3 0.27109375 0.14453125 0.071875 0.0578125
3 0.2453125 0.228125 0.078125 0.075
3 0.14765625 0.35625 0.0625 0.103125
3 0.478125 0.07265625 0.05 0.0640625
3 0.15859375 0.11015625 0.0625 0.0578125
3 0.22890625 0.10390625 0.0796875 0.0578125
3 0.65546875 0.1421875 0.0890625 0.0734375
3 0.33125 0.2359375 0.0828125 0.0796875
3 0.17109375 0.07734375 0.053125 0.04375
3 0.5015625 0.5078125 0.103125 0.1046875
3 0.2125 0.18359375 0.0765625 0.06875
3 0.80234375 0.3765625 0.06875 0.1125
3 0.78359375 0.0609375 0.040625 0.065625
3 0.39765625 0.0359375 0.06875 0.059375
3 0.221875 0.52890625 0.0703125 0.1203125
3 0.5546875 0.15625 0.053125 0.071875
3 0.8375 0.09453125 0.0421875 0.0640625
3 0.8953125 0.46328125 0.071875 0.1375
3 0.3 0.9734375 0.140625 0.053125
3 0.05625 0.2265625 0.0484375 0.08125
3 0.68125 0.009375 0.03125 0.01875
3 0.73515625 0.02421875 0.0421875 0.0484375
3 0.90234375 0.13203125 0.053125 0.09375
3 0.14765625 0.35625 0.0625 0.103125
3 0.80234375 0.3765625 0.06875 0.1125
3 0.78359375 0.0609375 0.040625 0.065625