3 0.94140625 0.28984375 0.0828125 0.090625
3 0.871875 0.20546875 0.0890625 0.115625
3 0.78984375 0.271875 0.084375 0.0734375
3 0.57109375 0.32109375 0.0671875 0.090625
3 0.746875 0.11015625 0.0609375 0.065625
3 0.52109375 0.2421875 0.0625 0.0921875
3 0.26015625 0.61953125 0.08125 0.1546875
3 0.56171875 0.0296875 0.0625 0.0578125
3 0.33203125 0.16484375 0.078125 0.065625
3 0.29296875 0.2625 0.0890625 0.071875
3 0.4171875 0.12265625 0.0515625 0.0640625
3 0.4671875 0.1859375 0.0703125 0.0984375
3 0.353125 0.39765625 0.0828125 0.0859375
3 0.38828125 0.278125 0.090625 0.0796875
3 0.42890625 0.34296875 0.08125 0.0734375
3 0.43359375 0.56796875 0.0984375 0.09375
3 0.43828125 0.0265625 0.0609375 0.0515625
3 0.92109375 0.4046875 0.096875 0.08125
3 0.01171875 0.2 0.0234375 0.134375
3 0.22109375 0.11953125 0.0671875 0.06875
3 0.26875 0.04296875 0.06875 0.0515625
3 0.69609375 0.2703125 0.0546875 0.0828125
3 0.48671875 0.6765625 0.115625 0.109375
3 0.465625 0.40546875 0.075 0.0734375
3 0.23671875 0.159375 0.0671875 0.059375
3 0.6390625 0.10625 0.0703125 0.0625
3 0.27109375 0.20703125 0.075 0.0703125
3 0.196875 0.08203125 0.065625 0.053125
3 0.3890625 0.48125 0.0875 0.090625
3 0.303125 0.12578125 0.06875 0.0546875
3 0.68515625 0.15625 0.084375 0.0703125
3 0.35546875 0.221875 0.078125 0.071875
3 0.8203125 0.0875 0.0359375 0.0625
3 0.26484375 0.08125 0.078125 0.053125
3 0.80625 0.4015625 0.0625 0.1109375
3 0.65390625 0.721875 0.1171875 0.11875
3 0.528125 0.79765625 0.1171875 0.13125
3 0.2109375 0.0515625 0.0546875 0.0453125
3 0.16171875 0.32734375 0.0546875 0.1
3 0.328125 0.3328125 0.0875 0.0953125
3 0.584375 0.1609375 0.046875 0.0703125
3 0.0828125 0.196875 0.04375 0.0796875
3 0.01015625 0.228125 0.0203125 0.084375
3 0.00390625 0.1640625 0.0078125 0.046875
3 0.25703125 0.9734375 0.1265625 0.053125
3 0.89765625 0.49609375 0.05625 0.1359375
3 0.9328125 0.16484375 0.034375 0.075
3 0.86875 0.11640625 0.040625 0.0734375
3 0.78046875 0.0375 0.0421875 0.075
3 0.72578125 0.021875 0.0390625 0.04375
3 0.50546875 0.503125 0.0984375 0.0921875