3 0.96015625 0.3375 0.078125 0.0890625
3 0.90078125 0.246875 0.0859375 0.1125
3 0.49921875 0.18125 0.0703125 0.0953125
3 0.8125 0.303125 0.08125 0.071875
3 0.6109375 0.03984375 0.0609375 0.05625
3 0.78671875 0.13828125 0.0578125 0.0625
3 0.2484375 0.59453125 0.075 0.153125
3 0.31875 0.2421875 0.0859375 0.06875
3 0.3671875 0.14921875 0.078125 0.0625
3 0.45703125 0.115625 0.0484375 0.0625
3 0.42734375 0.5625 0.0953125 0.090625
3 0.928125 0.45 0.0953125 0.0796875
3 0.31875 0.02265625 0.06875 0.0453125
3 0.3 0.184375 0.0671875 0.065625
3 0.44609375 0.33671875 0.0796875 0.071875
3 0.41171875 0.26640625 0.0890625 0.075
3 0.71640625 0.29296875 0.0484375 0.0796875
3 0.34375 0.10859375 0.06875 0.0515625
3 0.3078125 0.059375 0.08125 0.0515625
3 0.4859375 0.02265625 0.059375 0.0453125
3 0.6796875 0.1234375 0.0671875 0.0609375
3 0.38515625 0.20859375 0.075 0.06875
3 0.36484375 0.3828125 0.0828125 0.084375
3 0.46796875 0.67421875 0.1125 0.10625
3 0.39140625 0.4671875 0.084375 0.0828125
3 0.4765625 0.4015625 0.0703125 0.0703125
3 0.7203125 0.178125 0.08125 0.0671875
3 0.275 0.1328125 0.06875 0.059375
3 0.26640625 0.0875 0.0671875 0.065625
3 0.81875 0.4359375 0.053125 0.1078125
3 0.86171875 0.12421875 0.0328125 0.059375
3 0.25234375 0.03984375 0.0828125 0.071875
3 0.3453125 0.31171875 0.084375 0.0828125
3 0.11875 0.15546875 0.0453125 0.071875
3 0.209375 0.94921875 0.1203125 0.084375
3 0.63046875 0.728125 0.10625 0.121875
3 0.49765625 0.7984375 0.121875 0.11875
3 0.50390625 0.4953125 0.090625 0.0875
3 0.90078125 0.5328125 0.0453125 0.1296875
3 0.9625 0.20703125 0.0390625 0.084375
3 0.90859375 0.165625 0.03125 0.078125
3 0.82421875 0.06796875 0.034375 0.065625
3 0.77578125 0.03515625 0.0328125 0.053125
3 0.0328125 0.1734375 0.046875 0.0734375
3 0.02890625 0.11484375 0.0328125 0.053125
3 0.62421875 0.17578125 0.0421875 0.084375
3 0.76171875 0.35546875 0.0453125 0.096875