3 0.5671875 0.8 0.13125 0.146875
3 0.42109375 0.33828125 0.08125 0.06875
3 0.4359375 0.57578125 0.109375 0.115625
3 0.22109375 0.515625 0.0671875 0.125
3 0.565625 0.31796875 0.0703125 0.090625
3 0.878125 0.684375 0.1109375 0.15
3 0.68515625 0.0484375 0.059375 0.065625
3 0.40390625 0.12578125 0.053125 0.0671875
3 0.4984375 0.6859375 0.1140625 0.11875
3 0.54609375 0.028125 0.0640625 0.05625
3 0.7328125 0.196875 0.090625 0.075
3 0.5125 0.2421875 0.065625 0.0953125
3 0.565625 0.58984375 0.1078125 0.10625
3 0.79765625 0.146875 0.0671875 0.071875
3 0.259375 0.06875 0.0734375 0.090625
3 0.4640625 0.18671875 0.0703125 0.0953125
3 0.2921875 0.13671875 0.071875 0.06875
3 0.1546875 0.34453125 0.053125 0.0984375
3 0.68671875 0.2640625 0.053125 0.084375
3 0.20703125 0.12421875 0.0671875 0.0625
3 0.17734375 0.09296875 0.0578125 0.05625
3 0.634375 0.703125 0.134375 0.125
3 0.7328125 0.10234375 0.0609375 0.0640625
3 0.3890625 0.4859375 0.090625 0.0859375
3 0.45546875 0.40703125 0.090625 0.078125
3 0.41953125 0.02890625 0.0609375 0.0515625
3 0.92265625 0.39140625 0.109375 0.0859375
3 0.78125 0.26015625 0.084375 0.0796875
3 0.80546875 0.39140625 0.059375 0.1109375
3 0.5 0.07265625 0.0453125 0.0609375
3 0.625 0.10234375 0.06875 0.065625
3 0.24609375 0.215625 0.0828125 0.06875
3 0.35 0.2234375 0.0765625 0.0671875
3 0.6328125 0.0203125 0.059375 0.040625
3 0.1171875 0.959375 0.15 0.08125
3 0.80546875 0.07578125 0.0390625 0.0640625
3 0.3859375 0.27890625 0.0765625 0.0828125
3 0.46640625 0.03828125 0.0453125 0.0609375
3 0.6796875 0.14765625 0.0875 0.06875
3 0.29296875 0.26484375 0.0953125 0.075
3 0.32109375 0.33125 0.0921875 0.0875
3 0.19453125 0.0625 0.0515625 0.0453125
3 0.5015625 0.509375 0.0984375 0.1015625
3 0.23046875 0.16328125 0.075 0.065625
3 0.58359375 0.07265625 0.0671875 0.0515625
3 0.87890625 0.4703125 0.0578125 0.134375
3 0.740625 0.3125 0.0515625 0.0984375
3 0.84921875 0.31171875 0.1 0.0890625
3 0.8609375 0.11015625 0.0453125 0.0859375
3 0.9203125 0.15859375 0.0453125 0.084375
3 0.7578125 0.028125 0.040625 0.05625
3 0.70859375 0.01484375 0.0390625 0.0296875
3 0.54765625 0.9140625 0.1421875 0.159375
3 0.275 0.97109375 0.134375 0.0578125
3 0.13203125 0.26640625 0.0453125 0.078125
3 0.07109375 0.21015625 0.046875 0.078125
3 0.01015625 0.23515625 0.0203125 0.0828125