3 0.94765625 0.30546875 0.078125 0.0875
3 0.5796875 0.3203125 0.065625 0.0890625
3 0.796875 0.2828125 0.08125 0.06875
3 0.88203125 0.21875 0.084375 0.1125
3 0.47421875 0.2703125 0.0546875 0.08125
3 0.7625 0.11796875 0.059375 0.0625
3 0.434375 0.3375 0.0828125 0.0703125
3 0.4328125 0.56328125 0.0953125 0.0890625
3 0.5296875 0.24453125 0.0609375 0.090625
3 0.48046875 0.67421875 0.1140625 0.103125
3 0.43046875 0.1203125 0.0484375 0.0640625
3 0.30234375 0.25546875 0.0859375 0.0671875
3 0.57890625 0.03203125 0.0625 0.0546875
3 0.35625 0.39375 0.08125 0.0859375
3 0.39921875 0.27890625 0.0828125 0.071875
3 0.23359375 0.10859375 0.0625 0.0609375
3 0.34375 0.159375 0.0765625 0.0625
3 0.5234375 0.79765625 0.115625 0.128125
3 0.465625 0.4046875 0.0859375 0.071875
3 0.925 0.42109375 0.09375 0.0796875
3 0.484375 0.18046875 0.06875 0.09375
3 0.28515625 0.034375 0.0671875 0.0484375
3 0.25546875 0.61328125 0.075 0.1453125
3 0.3328125 0.3203125 0.0828125 0.078125
3 0.390625 0.47890625 0.0875 0.0890625
3 0.653125 0.11171875 0.0671875 0.0609375
3 0.70234375 0.278125 0.0484375 0.0796875
3 0.31640625 0.11953125 0.0671875 0.05
3 0.2796875 0.19921875 0.0703125 0.0671875
3 0.1671875 0.31484375 0.0515625 0.0984375
3 0.53046875 0.07265625 0.04375 0.059375
3 0.20859375 0.071875 0.0578125 0.0515625
3 0.2796875 0.07421875 0.075 0.05
3 0.69765625 0.1640625 0.08125 0.065625
3 0.36484375 0.2171875 0.075 0.071875
3 0.225 0.040625 0.0484375 0.0390625
3 0.5 0.5078125 0.09375 0.09375
3 0.253125 0.15078125 0.0703125 0.0609375
3 0.81484375 0.4140625 0.05625 0.1078125
3 0.834375 0.09921875 0.0328125 0.0625
3 0.01640625 0.21015625 0.0328125 0.0921875
3 0.45546875 0.02734375 0.0640625 0.053125
3 0.22109375 0.49453125 0.0578125 0.115625
3 0.59609375 0.16484375 0.0453125 0.0671875
3 0.884375 0.1390625 0.0359375 0.0609375
3 0.896875 0.51171875 0.05625 0.1328125
3 0.24140625 0.9625 0.1328125 0.075
3 0.009375 0.13984375 0.01875 0.0703125
3 0.09296875 0.175 0.040625 0.078125
3 0.74140625 0.021875 0.0265625 0.04375
3 0.79375 0.04609375 0.034375 0.06875
3 0.94375 0.18359375 0.0421875 0.090625
3 0.1671875 0.31484375 0.0515625 0.0984375
3 0.81484375 0.4140625 0.05625 0.1078125
3 0.834375 0.09921875 0.0328125 0.0625