3 0.940625 0.28984375 0.08125 0.090625
3 0.5734375 0.31796875 0.06875 0.090625
3 0.7890625 0.27265625 0.084375 0.071875
3 0.871875 0.20546875 0.0890625 0.1140625
3 0.465625 0.27109375 0.05625 0.0828125
3 0.74921875 0.109375 0.0609375 0.0640625
3 0.428125 0.33984375 0.0859375 0.0734375
3 0.43515625 0.565625 0.0984375 0.0921875
3 0.5203125 0.24375 0.0640625 0.0921875
3 0.48671875 0.675 0.1171875 0.10625
3 0.4171875 0.12265625 0.0515625 0.0640625
3 0.29375 0.2625 0.0875 0.0703125
3 0.5625 0.0296875 0.0640625 0.0578125
3 0.353125 0.39921875 0.084375 0.0875
3 0.39140625 0.2828125 0.084375 0.075
3 0.2203125 0.11796875 0.065625 0.0640625
3 0.33203125 0.16484375 0.0796875 0.065625
3 0.534375 0.796875 0.1203125 0.13125
3 0.4625 0.40625 0.0875 0.075
3 0.921875 0.40625 0.0953125 0.0828125
3 0.47265625 0.18125 0.0703125 0.0953125
3 0.26875 0.0421875 0.06875 0.05
3 0.259375 0.621875 0.0796875 0.1484375
3 0.3265625 0.3265625 0.084375 0.0796875
3 0.38984375 0.4828125 0.090625 0.0921875
3 0.6390625 0.10625 0.06875 0.0625
3 0.69453125 0.27109375 0.0515625 0.08125
3 0.303125 0.12578125 0.06875 0.0515625
3 0.26953125 0.20703125 0.0734375 0.06875
3 0.1609375 0.3265625 0.0546875 0.1
3 0.515625 0.071875 0.0453125 0.0609375
3 0.19375 0.08203125 0.059375 0.053125
3 0.26484375 0.08203125 0.0765625 0.053125
3 0.6859375 0.15703125 0.084375 0.0671875
3 0.35546875 0.221875 0.0765625 0.0734375
3 0.209375 0.05078125 0.05 0.040625
3 0.50078125 0.5078125 0.0953125 0.096875
3 0.24140625 0.159375 0.071875 0.0640625
3 0.81171875 0.403125 0.059375 0.109375
3 0.8203125 0.0875 0.0359375 0.0625
3 0.0125 0.2265625 0.025 0.09375
3 0.4390625 0.02890625 0.065625 0.0546875
3 0.22109375 0.5046875 0.0609375 0.1171875
3 0.584375 0.16171875 0.046875 0.06875
3 0.871875 0.12578125 0.0375 0.0609375
3 0.896875 0.4984375 0.0609375 0.134375
3 0.2578125 0.965625 0.134375 0.06875
3 0.08203125 0.1890625 0.0421875 0.0796875
3 0.725 0.0171875 0.028125 0.034375
3 0.77734375 0.0359375 0.0359375 0.0703125
3 0.9328125 0.16796875 0.0453125 0.0921875
3 0.1609375 0.3265625 0.0546875 0.1
3 0.81171875 0.403125 0.059375 0.109375
3 0.8203125 0.0875 0.0359375 0.0625