3 0.53515625 0.80546875 0.1171875 0.13515625
3 0.43828125 0.33125 0.075 0.06171875
3 0.428125 0.56875 0.09921875 0.10546875
3 0.22109375 0.48671875 0.05546875 0.1203125
3 0.584375 0.32578125 0.06171875 0.08515625
3 0.85703125 0.72265625 0.096875 0.14140625
3 0.73125 0.0703125 0.05390625 0.06015625
3 0.44375 0.11796875 0.04609375 0.0625
3 0.47890625 0.684375 0.103125 0.1078125
3 0.5953125 0.03515625 0.05859375 0.05078125
3 0.76328125 0.22265625 0.08359375 0.0671875
3 0.5390625 0.24453125 0.05703125 0.08984375
3 0.55625 0.59609375 0.09765625 0.09609375
3 0.8328125 0.1796875 0.0609375 0.065625
3 0.30546875 0.04609375 0.065625 0.08359375
3 0.496875 0.184375 0.0609375 0.08984375
3 0.33125 0.1171875 0.065625 0.0625
3 0.17265625 0.309375 0.04296875 0.09453125
3 0.71015625 0.28515625 0.04453125 0.08046875
3 0.24765625 0.0953125 0.0609375 0.05625
3 0.221875 0.06171875 0.053125 0.0515625
3 0.6125 0.71640625 0.1234375 0.1125
3 0.7734375 0.12890625 0.05546875 0.0578125
3 0.39140625 0.47421875 0.0828125 0.078125
3 0.465625 0.403125 0.084375 0.06953125
3 0.46953125 0.0234375 0.05703125 0.04609375
3 0.93203125 0.4359375 0.10234375 0.075
3 0.8046875 0.290625 0.07734375 0.07265625
3 0.81484375 0.42421875 0.04921875 0.10625
3 0.54453125 0.075 0.03984375 0.0578125
3 0.665625 0.1171875 0.06328125 0.05859375
3 0.27734375 0.190625 0.07734375 0.06171875
3 0.3796875 0.209375 0.0703125 0.0609375
3 0.68359375 0.02734375 0.0546875 0.0546875
3 0.06953125 0.9390625 0.1390625 0.11328125
3 0.8484375 0.11015625 0.0328125 0.06171875
3 0.409375 0.26796875 0.06875 0.0765625
3 0.51484375 0.0375 0.03984375 0.0578125
3 0.715625 0.16875 0.08203125 0.0609375
3 0.31875 0.24453125 0.08828125 0.06640625
3 0.33984375 0.31328125 0.08359375 0.0796875
3 0.2421875 0.0328125 0.0484375 0.03984375
3 0.50078125 0.509375 0.0890625 0.0921875
3 0.2671875 0.13671875 0.06875 0.05859375
3 0.628125 0.08359375 0.06328125 0.0453125
3 0.8796875 0.51015625 0.04453125 0.13046875
3 0.75859375 0.33828125 0.04140625 0.0953125
3 0.8671875 0.34921875 0.09140625 0.0796875
3 0.9 0.15 0.0375 0.08203125
3 0.95390625 0.2046875 0.0375 0.08125
3 0.80703125 0.0515625 0.03359375 0.06484375
3 0.76015625 0.0265625 0.034375 0.053125
3 0.50390625 0.91640625 0.128125 0.146875
3 0.225 0.9609375 0.1265625 0.078125
3 0.15859375 0.22890625 0.0375 0.07421875
3 0.10390625 0.1671875 0.03984375 0.07421875
3 0.0234375 0.184375 0.04609375 0.078125
3 0.01484375 0.12734375 0.0296875 0.06171875