3 0.96015625 0.32421875 0.075 0.084375
3 0.80390625 0.29296875 0.0796875 0.06953125
3 0.2203125 0.48828125 0.05546875 0.11640625
3 0.584375 0.32578125 0.06171875 0.08515625
3 0.89140625 0.23203125 0.08203125 0.109375
3 0.42890625 0.565625 0.0921875 0.090625
3 0.55625 0.5953125 0.09765625 0.0953125
3 0.30859375 0.25 0.084375 0.06484375
3 0.44375 0.11875 0.04609375 0.06171875
3 0.71171875 0.2859375 0.04765625 0.08203125
3 0.775 0.128125 0.05703125 0.0625
3 0.44140625 0.3390625 0.07734375 0.06875
3 0.5953125 0.0359375 0.059375 0.05390625
3 0.925 0.434375 0.0890625 0.07578125
3 0.35625 0.15390625 0.0734375 0.059375
3 0.53828125 0.24453125 0.0578125 0.08984375
3 0.6828125 0.02734375 0.04765625 0.0546875
3 0.40390625 0.26953125 0.08515625 0.071875
3 0.4671875 0.4046875 0.08515625 0.0703125
3 0.36171875 0.38515625 0.07890625 0.08046875
3 0.24765625 0.10234375 0.0609375 0.06640625
3 0.546875 0.075 0.0453125 0.0578125
3 0.4890625 0.1875 0.06328125 0.0953125
3 0.225 0.06171875 0.05703125 0.05
3 0.665625 0.1171875 0.065625 0.05859375
3 0.17578125 0.30859375 0.05234375 0.10078125
3 0.33984375 0.31640625 0.0828125 0.07421875
3 0.32890625 0.1140625 0.0671875 0.05234375
3 0.50078125 0.50859375 0.08984375 0.09453125
3 0.30390625 0.04609375 0.075 0.08515625
3 0.290625 0.19140625 0.0703125 0.06328125
3 0.709375 0.17109375 0.08046875 0.0625
3 0.47421875 0.02421875 0.0609375 0.0484375
3 0.26328125 0.14296875 0.0671875 0.0546875
3 0.39296875 0.475 0.08515625 0.08671875
3 0.8484375 0.1109375 0.03125 0.0609375
3 0.24140625 0.03203125 0.0484375 0.0390625
3 0.37578125 0.21328125 0.07109375 0.06640625
3 0.81875 0.425 0.053125 0.10625
3 0.50625 0.79921875 0.1109375 0.1234375
4 0.6234375 0.2328125 0.01640625 0.05390625
3 0.61015625 0.17421875 0.03984375 0.06953125
3 0.1046875 0.1671875 0.04609375 0.08359375
3 0.22421875 0.96484375 0.1234375 0.0703125
3 0.8796875 0.50390625 0.046875 0.115625
3 0.8078125 0.05546875 0.03125 0.06953125
3 0.89765625 0.14765625 0.03046875 0.07421875
3 0.95703125 0.203125 0.03515625 0.090625
3 0.76015625 0.028125 0.03125 0.05625
3 0.65859375 0.22109375 0.03671875 0.0828125
3 0.16015625 0.23125 0.04140625 0.07890625
3 0.01796875 0.1265625 0.0359375 0.0609375
3 0.0234375 0.18828125 0.046875 0.08828125
3 0.8484375 0.1109375 0.03125 0.0609375
3 0.81875 0.425 0.053125 0.10625