3 0.95390625 0.321875 0.075 0.0859375
3 0.89140625 0.2328125 0.08203125 0.11015625
3 0.48828125 0.18125 0.0671875 0.09375
3 0.80546875 0.2921875 0.078125 0.06953125
3 0.59453125 0.0359375 0.059375 0.05390625
3 0.77421875 0.128125 0.05625 0.06015625
3 0.2515625 0.603125 0.0703125 0.15
3 0.31015625 0.2484375 0.08359375 0.06640625
3 0.3546875 0.15390625 0.0765625 0.06015625
3 0.44375 0.1171875 0.04609375 0.0609375
3 0.4296875 0.56484375 0.09296875 0.0875
3 0.92578125 0.43515625 0.0921875 0.0765625
3 0.303125 0.02734375 0.06640625 0.04609375
3 0.2890625 0.19140625 0.065625 0.0640625
3 0.440625 0.3390625 0.0765625 0.06953125
3 0.40390625 0.26953125 0.08671875 0.071875
3 0.709375 0.28515625 0.0453125 0.07890625
3 0.33046875 0.1140625 0.0671875 0.04921875
3 0.2921875 0.06640625 0.07890625 0.0484375
3 0.4703125 0.02265625 0.0578125 0.0453125
3 0.66640625 0.1171875 0.065625 0.059375
3 0.375 0.2125 0.0734375 0.06640625
3 0.3609375 0.3875 0.08046875 0.08203125
3 0.47421875 0.675 0.109375 0.103125
3 0.390625 0.47109375 0.08203125 0.0796875
3 0.4734375 0.40234375 0.06875 0.0671875
3 0.70859375 0.1703125 0.0796875 0.0640625
3 0.2625 0.140625 0.0671875 0.05703125
3 0.25234375 0.09609375 0.06484375 0.06328125
3 0.81640625 0.425 0.04921875 0.10625
3 0.8484375 0.11171875 0.03046875 0.05859375
3 0.23671875 0.0484375 0.08046875 0.06953125
3 0.3390625 0.3171875 0.08125 0.08046875
3 0.10703125 0.16875 0.04296875 0.07109375
3 0.225 0.959375 0.11796875 0.08046875
3 0.63828125 0.7234375 0.10234375 0.11875
3 0.5078125 0.7984375 0.1171875 0.11484375
3 0.50390625 0.4953125 0.0875 0.084375
3 0.9015625 0.51875 0.040625 0.128125
3 0.95234375 0.19140625 0.0359375 0.0828125
3 0.896875 0.1515625 0.02890625 0.07734375
3 0.80859375 0.05703125 0.0328125 0.0640625
3 0.759375 0.02578125 0.03125 0.0515625
3 0.021875 0.18984375 0.04375 0.07265625
3 0.015625 0.13125 0.03125 0.0515625
3 0.6125 0.171875 0.03984375 0.0828125
3 0.75625 0.34609375 0.0421875 0.0953125