3 0.946875 0.29140625 0.08125 0.090625
3 0.22109375 0.50859375 0.0640625 0.11875
3 0.871875 0.20546875 0.0890625 0.115625
3 0.5734375 0.31875 0.06875 0.0890625
3 0.790625 0.271875 0.08125 0.0734375
3 0.3015625 0.1296875 0.071875 0.0625
3 0.7 0.05546875 0.059375 0.0640625
3 0.51640625 0.071875 0.0515625 0.0640625
3 0.9203125 0.40546875 0.09375 0.08125
3 0.2890625 0.26484375 0.0890625 0.06875
3 0.4171875 0.12265625 0.0484375 0.065625
3 0.353125 0.39609375 0.084375 0.0875
3 0.56171875 0.0296875 0.0625 0.05625
3 0.7484375 0.11171875 0.0578125 0.0625
3 0.6375 0.10625 0.06875 0.0640625
3 0.5640625 0.58984375 0.1046875 0.1015625
3 0.390625 0.4796875 0.090625 0.0859375
3 0.6953125 0.27109375 0.053125 0.0828125
3 0.2203125 0.1140625 0.0640625 0.05625
3 0.5203125 0.24609375 0.0625 0.09375
3 0.26953125 0.20703125 0.071875 0.0671875
3 0.2640625 0.08203125 0.0765625 0.0515625
3 0.1625 0.33515625 0.0578125 0.0984375
3 0.4390625 0.03046875 0.0640625 0.059375
3 0.64921875 0.021875 0.0515625 0.04375
3 0.46640625 0.1859375 0.0703125 0.1
3 0.45859375 0.40546875 0.0875 0.075
3 0.19375 0.0828125 0.0609375 0.0546875
3 0.628125 0.7078125 0.13125 0.1203125
3 0.359375 0.2203125 0.0765625 0.06875
4 0.6234375 0.253125 0.0234375 0.0484375
3 0.5890625 0.16796875 0.046875 0.06875
3 0.2703125 0.04296875 0.06875 0.0515625
3 0.8203125 0.0875 0.0359375 0.0625
3 0.32578125 0.32421875 0.084375 0.075
3 0.80859375 0.4015625 0.0578125 0.109375
3 0.52890625 0.79765625 0.11875 0.1328125
3 0.765625 0.60703125 0.046875 0.05625
4 0.71875 0.4484375 0.0171875 0.0546875
3 0.2421875 0.1546875 0.071875 0.0609375
4 0.6984375 0.45625 0.0171875 0.053125
3 0.59921875 0.08828125 0.0640625 0.071875
3 0.50390625 0.503125 0.09375 0.096875
3 0.69140625 0.15703125 0.084375 0.0703125
3 0.21171875 0.0546875 0.053125 0.0484375
3 0.87265625 0.1265625 0.04375 0.0671875
3 0.778125 0.03828125 0.0375 0.059375
3 0.93671875 0.17265625 0.0375 0.0703125
3 0.640625 0.20859375 0.04375 0.075
3 0.74375 0.321875 0.04375 0.1
3 0.88046875 0.4796875 0.0578125 0.125
3 0.26015625 0.96640625 0.1296875 0.0671875
3 0.0828125 0.1921875 0.0390625 0.071875
3 0.14140625 0.25546875 0.046875 0.08125
3 0.01328125 0.22421875 0.0265625 0.0890625
3 0.00703125 0.16484375 0.0140625 0.0578125