3 0.9640625 0.3484375 0.071875 0.0875
3 0.8140625 0.309375 0.0828125 0.0734375
3 0.22109375 0.4734375 0.0609375 0.11875
3 0.59375 0.33046875 0.065625 0.0875
3 0.9046875 0.253125 0.0875 0.1140625
3 0.42578125 0.56171875 0.096875 0.0953125
3 0.5515625 0.5984375 0.103125 0.1
3 0.321875 0.240625 0.0875 0.06875
3 0.4640625 0.11640625 0.05 0.0640625
3 0.72265625 0.29765625 0.0515625 0.084375
3 0.79375 0.14296875 0.0609375 0.065625
3 0.45 0.3359375 0.08125 0.0734375
3 0.61953125 0.04140625 0.0625 0.05625
3 0.928125 0.45703125 0.0921875 0.0796875
3 0.37421875 0.146875 0.0765625 0.0625
3 0.5515625 0.246875 0.0625 0.0921875
3 0.70703125 0.0375 0.05 0.0578125
3 0.41640625 0.26484375 0.0890625 0.0765625
3 0.471875 0.403125 0.0890625 0.075
3 0.36796875 0.378125 0.0828125 0.084375
3 0.26875 0.08984375 0.0640625 0.06875
3 0.56875 0.078125 0.0484375 0.059375
3 0.50546875 0.1875 0.06875 0.0984375
3 0.2484375 0.04765625 0.059375 0.053125
3 0.68515625 0.1265625 0.06875 0.0625
3 0.1859375 0.2921875 0.0578125 0.103125
3 0.35 0.30859375 0.0859375 0.078125
3 0.34921875 0.10546875 0.0703125 0.05625
3 0.5 0.50859375 0.0953125 0.0984375
3 0.32734375 0.040625 0.0796875 0.08125
3 0.30703125 0.18125 0.0734375 0.0671875
3 0.7265625 0.1828125 0.084375 0.0671875
3 0.49921875 0.02421875 0.0640625 0.0484375
3 0.28203125 0.13125 0.0703125 0.0578125
3 0.39453125 0.46953125 0.0890625 0.090625
3 0.86796875 0.1296875 0.034375 0.0625
3 0.265625 0.01953125 0.05 0.0390625
3 0.390625 0.20703125 0.075 0.0703125
3 0.821875 0.44140625 0.059375 0.109375
3 0.490625 0.79921875 0.1171875 0.1296875
4 0.6375 0.23984375 0.01875 0.0546875
3 0.62734375 0.18046875 0.04375 0.071875
3 0.12265625 0.146875 0.05 0.0859375
3 0.2 0.95 0.1265625 0.0765625
3 0.87890625 0.5234375 0.053125 0.1171875
3 0.83046875 0.071875 0.034375 0.0703125
3 0.915625 0.16875 0.034375 0.075
3 0.971875 0.22734375 0.040625 0.0921875
3 0.784375 0.0421875 0.034375 0.0578125
3 0.67265625 0.2296875 0.040625 0.084375
3 0.175 0.2140625 0.0453125 0.08125
3 0.03828125 0.1015625 0.0390625 0.0625
3 0.040625 0.1640625 0.0515625 0.090625
3 0.86796875 0.1296875 0.034375 0.0625
3 0.821875 0.44140625 0.059375 0.109375