3 0.9671875 0.4109375 0.065625 0.096875
3 0.22890625 0.434375 0.078125 0.128125
3 0.93515625 0.3125 0.1015625 0.1234375
3 0.20703125 0.05546875 0.05625 0.078125
3 0.615625 0.34609375 0.0765625 0.0953125
3 0.9296875 0.51796875 0.103125 0.09375
3 0.51796875 0.1140625 0.0578125 0.0703125
3 0.80859375 0.121875 0.065625 0.0703125
3 0.68125 0.0625 0.0671875 0.0640625
3 0.58671875 0.2578125 0.0734375 0.1
3 0.4734375 0.81171875 0.1421875 0.1546875
3 0.8109375 0.27890625 0.0953125 0.0828125
3 0.84140625 0.1859375 0.065625 0.06875
3 0.8078125 0.78671875 0.1234375 0.1609375
3 0.3609375 0.2171875 0.0953125 0.0765625
3 0.5484375 0.1890625 0.0796875 0.1015625
3 0.4078125 0.09140625 0.0765625 0.071875
3 0.33125 0.05703125 0.06875 0.065625
3 0.56953125 0.734375 0.1421875 0.134375
3 0.4328125 0.19453125 0.0828125 0.0765625
3 0.7375 0.15625 0.075 0.0703125
3 0.53984375 0.603125 0.1140625 0.1125
3 0.39921875 0.4515625 0.0953125 0.09375
3 0.48359375 0.3984375 0.096875 0.084375
3 0.6265625 0.09140625 0.0546875 0.065625
3 0.44453125 0.67578125 0.121875 0.128125
3 0.7703125 0.07109375 0.0546875 0.0609375
3 0.7453125 0.3296875 0.0578125 0.084375
3 0.21640625 0.246875 0.0734375 0.115625
3 0.35546875 0.1578125 0.0828125 0.0765625
3 0.559375 0.02578125 0.0625 0.0515625
3 0.31328125 0.0234375 0.0640625 0.046875
3 0.9171875 0.184375 0.0453125 0.0671875
3 0.390625 0.03125 0.090625 0.0625
3 0.7015625 0.12109375 0.071875 0.0640625
3 0.603125 0.04921875 0.046875 0.0625
3 0.3359375 0.01015625 0.05625 0.0203125
3 0.34140625 0.1015625 0.078125 0.0703125
3 0.37734375 0.2859375 0.0921875 0.0859375
3 0.82421875 0.48671875 0.0671875 0.1125
3 0.775 0.21640625 0.0921875 0.075
3 0.95390625 0.23828125 0.0421875 0.0640625
3 0.8390625 0.3578125 0.0890625 0.0890625
3 0.0875 0.1078125 0.05625 0.090625
3 0.50234375 0.503125 0.10625 0.1078125
3 0.2171875 0.16953125 0.059375 0.0890625
3 0.175 0.0953125 0.0546875 0.08125
3 0.0984375 0.0375 0.0453125 0.0640625
3 0.03828125 0.853125 0.0765625 0.1375
3 0.14296875 0.9 0.1375 0.1
3 0.8734375 0.57890625 0.0703125 0.128125
3 0.784375 0.3875 0.05 0.0875
4 0.7828125 0.42734375 0.0296875 0.071875
4 0.65546875 0.1890625 0.0234375 0.046875
4 0.6859375 0.26015625 0.0296875 0.0640625
3 0.9875 0.28984375 0.025 0.0890625
3 0.8890625 0.11875 0.0484375 0.0765625
3 0.84609375 0.08515625 0.0375 0.0578125
3 0.8859375 0.41796875 0.1140625 0.09375
3 0.67578125 0.2015625 0.053125 0.0875
3 0.71015625 0.25703125 0.0453125 0.0875