3 0.9625 0.33046875 0.075 0.0859375
3 0.22109375 0.484375 0.0578125 0.1171875
3 0.89609375 0.2390625 0.084375 0.1109375
3 0.5890625 0.32578125 0.0640625 0.0859375
3 0.809375 0.2984375 0.078125 0.0703125
3 0.33515625 0.11328125 0.06875 0.059375
3 0.73828125 0.07421875 0.05625 0.0625
3 0.55390625 0.075 0.0484375 0.0609375
3 0.9265625 0.44296875 0.0890625 0.0765625
3 0.3109375 0.24765625 0.0859375 0.0640625
3 0.45078125 0.1171875 0.0453125 0.0625
3 0.36328125 0.38359375 0.0796875 0.084375
3 0.60234375 0.03671875 0.0609375 0.053125
3 0.78125 0.134375 0.0546875 0.0609375
3 0.671875 0.1203125 0.065625 0.0609375
3 0.55625 0.59453125 0.1 0.096875
3 0.39296875 0.4703125 0.0859375 0.08125
3 0.71484375 0.2890625 0.0484375 0.0796875
3 0.2546875 0.090625 0.0625 0.053125
3 0.54296875 0.24921875 0.059375 0.0921875
3 0.29609375 0.1875 0.06875 0.0640625
3 0.3015625 0.0625 0.075 0.0484375
3 0.178125 0.30625 0.053125 0.0953125
3 0.4796875 0.02734375 0.0625 0.0546875
3 0.6921875 0.03046875 0.0484375 0.0546875
3 0.49375 0.184375 0.065625 0.096875
3 0.4671875 0.40234375 0.084375 0.0703125
3 0.23125 0.0578125 0.0578125 0.0515625
3 0.609375 0.71796875 0.125 0.1140625
3 0.38359375 0.20859375 0.0734375 0.0640625
4 0.64453125 0.26484375 0.0203125 0.0484375
3 0.6171875 0.17734375 0.04375 0.0671875
3 0.31171875 0.025 0.0671875 0.0484375
3 0.85546875 0.1171875 0.0328125 0.0609375
3 0.34140625 0.309375 0.0796875 0.071875
3 0.81640625 0.42890625 0.053125 0.10625
3 0.50234375 0.79921875 0.1125 0.1265625
3 0.75546875 0.6296875 0.0453125 0.053125
4 0.72265625 0.46796875 0.015625 0.0546875
3 0.2734375 0.13359375 0.0703125 0.0578125
4 0.7015625 0.4734375 0.015625 0.053125
3 0.634375 0.0984375 0.0609375 0.06875
3 0.50390625 0.503125 0.090625 0.0921875
3 0.7203125 0.175 0.08125 0.0671875
3 0.2515625 0.03125 0.0515625 0.0453125
3 0.90390625 0.16015625 0.040625 0.0640625
3 0.8171875 0.0640625 0.034375 0.0578125
3 0.9640625 0.21171875 0.034375 0.06875
3 0.665625 0.221875 0.040625 0.071875
3 0.75859375 0.34375 0.0390625 0.096875
3 0.88125 0.51328125 0.0515625 0.1234375
3 0.2203125 0.9546875 0.1265625 0.0828125
3 0.11171875 0.15703125 0.0359375 0.0703125
3 0.1640625 0.225 0.04375 0.078125
3 0.028125 0.18203125 0.0453125 0.0875
3 0.025 0.12265625 0.0375 0.0546875