3 0.95390625 0.32109375 0.0765625 0.084375
3 0.22109375 0.4875 0.05625 0.11953125
3 0.89140625 0.2328125 0.0828125 0.109375
3 0.12734375 0.11953125 0.04375 0.071875
3 0.584375 0.3265625 0.0609375 0.08515625
3 0.925 0.4359375 0.08984375 0.07734375
3 0.44375 0.11796875 0.04609375 0.0625
3 0.73046875 0.0703125 0.05546875 0.0609375
3 0.59453125 0.0359375 0.05859375 0.053125
3 0.5390625 0.2453125 0.05703125 0.09140625
3 0.53359375 0.8109375 0.11796875 0.13515625
3 0.76328125 0.2234375 0.084375 0.06875
3 0.775 0.1265625 0.05546875 0.059375
3 0.85703125 0.72265625 0.09765625 0.14453125
3 0.309375 0.24921875 0.084375 0.06171875
3 0.48828125 0.18515625 0.06328125 0.090625
3 0.33125 0.11640625 0.065625 0.0609375
3 0.25 0.09765625 0.059375 0.05546875
3 0.61328125 0.71640625 0.1234375 0.1125
3 0.37578125 0.21328125 0.07109375 0.06484375
3 0.6671875 0.1171875 0.06484375 0.05859375
3 0.55859375 0.59375 0.096875 0.09609375
3 0.3921875 0.471875 0.08203125 0.07890625
3 0.46484375 0.403125 0.0859375 0.06875
3 0.54609375 0.075 0.04453125 0.0578125
3 0.47890625 0.6828125 0.103125 0.1109375
3 0.68359375 0.02734375 0.04609375 0.053125
3 0.70859375 0.2859375 0.04296875 0.078125
3 0.1734375 0.30546875 0.0546875 0.10703125
3 0.29296875 0.19140625 0.07265625 0.0640625
3 0.46796875 0.02265625 0.0546875 0.0453125
3 0.22421875 0.06171875 0.05625 0.04921875
3 0.84921875 0.1109375 0.034375 0.06171875
3 0.30078125 0.04375 0.0765625 0.08515625
3 0.62578125 0.08984375 0.0625 0.05234375
3 0.51484375 0.0375 0.0375 0.05625
3 0.24296875 0.03515625 0.04921875 0.0453125
3 0.26796875 0.1390625 0.06875 0.05859375
3 0.3390625 0.31328125 0.08046875 0.071875
3 0.815625 0.425 0.0484375 0.1046875
3 0.715625 0.16953125 0.08203125 0.0609375
3 0.8953125 0.15625 0.03203125 0.05859375
3 0.80546875 0.29609375 0.0765625 0.0765625
3 0.0203125 0.19375 0.040625 0.08515625
3 0.503125 0.50234375 0.08984375 0.0921875
3 0.159375 0.2296875 0.04375 0.08203125
3 0.10390625 0.16484375 0.04140625 0.075
3 0.0171875 0.12265625 0.034375 0.0578125
3 0.071875 0.94375 0.14296875 0.1125
3 0.22578125 0.9609375 0.12421875 0.078125
3 0.88203125 0.50625 0.04765625 0.121875
3 0.7578125 0.33515625 0.03515625 0.0828125
4 0.7640625 0.375 0.0171875 0.06953125
4 0.59296875 0.16484375 0.01484375 0.0453125
4 0.63671875 0.22890625 0.01875 0.06171875
3 0.95390625 0.19765625 0.03984375 0.0828125
3 0.809375 0.0515625 0.03515625 0.07109375
3 0.76015625 0.0265625 0.028125 0.053125
3 0.86328125 0.34609375 0.10078125 0.0765625
3 0.615625 0.1734375 0.0390625 0.08125
3 0.66015625 0.22109375 0.0296875 0.0828125