3 0.9546875 0.32109375 0.0765625 0.0859375
3 0.89140625 0.23203125 0.08125 0.11015625
3 0.8046875 0.29296875 0.0796875 0.06796875
3 0.58359375 0.3265625 0.06171875 0.0859375
3 0.7734375 0.128125 0.05703125 0.06171875
3 0.5390625 0.24453125 0.05625 0.0890625
3 0.25234375 0.60234375 0.0703125 0.15
3 0.59453125 0.03515625 0.059375 0.053125
3 0.35546875 0.15390625 0.07421875 0.06015625
3 0.31015625 0.2484375 0.08515625 0.065625
3 0.44375 0.11796875 0.046875 0.06171875
3 0.4890625 0.184375 0.06328125 0.09453125
3 0.3609375 0.3875 0.078125 0.08046875
3 0.40390625 0.27109375 0.0859375 0.0734375
3 0.43984375 0.33828125 0.0765625 0.06875
3 0.42890625 0.56328125 0.0921875 0.0875
3 0.47109375 0.0234375 0.0578125 0.046875
3 0.9265625 0.434375 0.09140625 0.075
3 0.02109375 0.16640625 0.040625 0.13125
3 0.2484375 0.10078125 0.0625 0.06484375
3 0.3015625 0.028125 0.065625 0.04765625
3 0.71171875 0.284375 0.04921875 0.07890625
3 0.47421875 0.675 0.109375 0.10234375
3 0.47265625 0.403125 0.0703125 0.06796875
3 0.2609375 0.1421875 0.0640625 0.05546875
3 0.66640625 0.1171875 0.065625 0.05859375
3 0.2921875 0.19140625 0.07109375 0.065625
3 0.2265625 0.06171875 0.06171875 0.04921875
3 0.390625 0.4734375 0.08203125 0.084375
3 0.3296875 0.11328125 0.06484375 0.05078125
3 0.70859375 0.1703125 0.0796875 0.065625
3 0.375 0.2125 0.07421875 0.06640625
3 0.8484375 0.1109375 0.03125 0.06015625
3 0.29453125 0.065625 0.07421875 0.04765625
3 0.8125 0.4234375 0.0546875 0.10703125
3 0.63828125 0.73203125 0.109375 0.1109375
3 0.50703125 0.79921875 0.10859375 0.12421875
3 0.24296875 0.0328125 0.0515625 0.04140625
3 0.17421875 0.30390625 0.0484375 0.096875
3 0.33984375 0.32109375 0.08203125 0.0890625
3 0.6078125 0.16796875 0.04296875 0.06796875
3 0.1046875 0.16875 0.0390625 0.07734375
3 0.01953125 0.19375 0.03828125 0.08125
3 0.01640625 0.1296875 0.03203125 0.0453125
3 0.22421875 0.96640625 0.121875 0.0671875
3 0.896875 0.52421875 0.046875 0.13359375
3 0.95546875 0.19609375 0.0296875 0.0734375
3 0.89453125 0.14296875 0.0359375 0.07109375
3 0.8125 0.05703125 0.0375 0.07578125
3 0.76015625 0.03046875 0.03515625 0.0609375
3 0.50546875 0.503125 0.0921875 0.0859375