3 0.9390625 0.27734375 0.0828125 0.0921875
3 0.78046875 0.2625 0.0859375 0.078125
3 0.2203125 0.51796875 0.0671875 0.121875
3 0.565625 0.31796875 0.0703125 0.090625
3 0.8609375 0.19296875 0.09375 0.1171875
3 0.4359375 0.57265625 0.1015625 0.1
3 0.565625 0.5890625 0.1078125 0.1046875
3 0.28359375 0.27109375 0.090625 0.0734375
3 0.40390625 0.1265625 0.0515625 0.065625
3 0.68828125 0.26484375 0.05625 0.0859375
3 0.734375 0.1015625 0.0625 0.06875
3 0.425 0.34609375 0.084375 0.0765625
3 0.54609375 0.02890625 0.0640625 0.0578125
3 0.915625 0.390625 0.096875 0.084375
3 0.32109375 0.17109375 0.0796875 0.0671875
3 0.51171875 0.2421875 0.0671875 0.0953125
3 0.63125 0.0203125 0.053125 0.040625
3 0.38046875 0.28046875 0.0921875 0.0796875
3 0.45703125 0.40859375 0.0921875 0.078125
3 0.35078125 0.4 0.0875 0.0875
3 0.2078125 0.13125 0.0671875 0.071875
3 0.50234375 0.07265625 0.0515625 0.0625
3 0.45625 0.190625 0.0734375 0.1015625
3 0.18046875 0.09296875 0.0625 0.05625
3 0.625 0.10234375 0.071875 0.065625
3 0.1578125 0.34375 0.0625 0.10625
3 0.321875 0.334375 0.090625 0.0828125
3 0.28984375 0.134375 0.071875 0.059375
3 0.5015625 0.50859375 0.1 0.103125
3 0.2578125 0.06875 0.0828125 0.0921875
3 0.259375 0.21484375 0.0765625 0.0703125
3 0.67421875 0.15078125 0.0859375 0.0703125
3 0.425 0.0296875 0.065625 0.0546875
3 0.22734375 0.16953125 0.071875 0.0609375
3 0.390625 0.4859375 0.09375 0.0953125
3 0.80625 0.0765625 0.0375 0.0640625
3 0.19375 0.06171875 0.0515625 0.04375
3 0.346875 0.228125 0.078125 0.0734375
3 0.809375 0.3921875 0.0640625 0.1109375
3 0.5375 0.796875 0.1234375 0.134375
4 0.59453125 0.22109375 0.021875 0.0546875
3 0.57578125 0.16484375 0.046875 0.0734375
3 0.071875 0.21015625 0.0546875 0.0875
3 0.27421875 0.975 0.1296875 0.05
3 0.878125 0.4640625 0.059375 0.1203125
3 0.75859375 0.03046875 0.0390625 0.0609375
3 0.85859375 0.1078125 0.0375 0.0765625
3 0.9234375 0.15703125 0.04375 0.09375
3 0.709375 0.01640625 0.0375 0.0328125
3 0.62890625 0.20625 0.0453125 0.0859375
3 0.13359375 0.26796875 0.05 0.0828125
3 0.0109375 0.23984375 0.021875 0.0921875
3 0.80625 0.0765625 0.0375 0.0640625
3 0.809375 0.3921875 0.0640625 0.1109375