3 0.5875 0.79453125 0.1390625 0.153125
3 0.41015625 0.34453125 0.084375 0.0734375
3 0.44140625 0.58046875 0.115625 0.121875
3 0.22265625 0.53515625 0.075 0.128125
3 0.553125 0.3140625 0.075 0.0953125
3 0.890625 0.65703125 0.1203125 0.15625
3 0.653125 0.03671875 0.0640625 0.06875
3 0.378125 0.13359375 0.05625 0.0703125
3 0.5109375 0.68515625 0.1203125 0.1234375
3 0.51328125 0.028125 0.0671875 0.05625
3 0.7109375 0.18125 0.09375 0.08125
3 0.49375 0.24140625 0.071875 0.0984375
3 0.571875 0.58515625 0.1125 0.1109375
3 0.771875 0.1265625 0.071875 0.075
3 0.2296875 0.08671875 0.0796875 0.09375
3 0.4421875 0.18984375 0.075 0.0984375
3 0.2671875 0.15234375 0.075 0.0734375
3 0.14453125 0.36875 0.059375 0.1
3 0.66953125 0.2515625 0.0578125 0.0875
3 0.18125 0.1453125 0.0703125 0.065625
3 0.15 0.11640625 0.0609375 0.059375
3 0.6484375 0.69375 0.140625 0.1328125
3 0.7046875 0.08671875 0.0640625 0.0671875
3 0.38828125 0.49375 0.0953125 0.090625
3 0.44921875 0.4109375 0.0953125 0.0828125
3 0.3875 0.0359375 0.0640625 0.0546875
3 0.9140625 0.36171875 0.1140625 0.0921875
3 0.7640625 0.240625 0.0890625 0.084375
3 0.796875 0.3703125 0.0671875 0.1125
3 0.4703125 0.0734375 0.05 0.0640625
3 0.596875 0.09453125 0.071875 0.06875
3 0.22734375 0.234375 0.0875 0.0734375
3 0.33125 0.234375 0.0796875 0.071875
3 0.59765625 0.0171875 0.0640625 0.034375
3 0.1515625 0.96953125 0.15625 0.0609375
3 0.77578125 0.05546875 0.04375 0.0671875
3 0.3703125 0.2875 0.08125 0.0875
3 0.434375 0.0421875 0.05 0.0640625
3 0.6546875 0.13671875 0.090625 0.075
3 0.27734375 0.2796875 0.0984375 0.08125
3 0.31015625 0.34375 0.096875 0.09375
3 0.16484375 0.084375 0.0546875 0.046875
3 0.50234375 0.509375 0.103125 0.10625
3 0.2078125 0.1828125 0.078125 0.0703125
3 0.55390625 0.06796875 0.0703125 0.05625
3 0.87578125 0.44375 0.0671875 0.1359375
3 0.7265625 0.29609375 0.0578125 0.1015625
3 0.83515625 0.2875 0.103125 0.09375
3 0.8328125 0.0859375 0.0515625 0.0875
3 0.89609375 0.13046875 0.0515625 0.0859375
3 0.7234375 0.01953125 0.04375 0.0390625
3 0.6734375 0.00859375 0.04375 0.0171875
3 0.57578125 0.909375 0.1515625 0.1671875
3 0.309375 0.97578125 0.1375 0.0484375
3 0.11640625 0.2921875 0.05 0.0796875
3 0.05234375 0.24140625 0.0515625 0.0796875