3 0.94296875 0.284375 0.08125 0.090625
3 0.4703125 0.29765625 0.06875 0.0921875
3 0.2203125 0.51171875 0.065625 0.1234375
3 0.56875 0.31953125 0.06875 0.0890625
3 0.56015625 0.80625 0.1296875 0.1453125
3 0.86640625 0.19921875 0.090625 0.115625
3 0.515625 0.24375 0.0640625 0.0953125
3 0.63203125 0.70546875 0.134375 0.1234375
3 0.3515625 0.4 0.084375 0.0875
3 0.39140625 0.48125 0.090625 0.0875
3 0.28515625 0.26875 0.090625 0.06875
3 0.68828125 0.05546875 0.059375 0.065625
3 0.55390625 0.0296875 0.0640625 0.059375
3 0.78671875 0.26796875 0.0828125 0.0734375
3 0.91796875 0.39765625 0.09375 0.08125
3 0.690625 0.2671875 0.0515625 0.0828125
3 0.8734375 0.6890625 0.109375 0.1515625
3 0.640625 0.02109375 0.05 0.0421875
3 0.4109375 0.125 0.0515625 0.065625
3 0.2140625 0.11796875 0.0640625 0.053125
3 0.259375 0.2046875 0.0765625 0.06875
3 0.4609375 0.184375 0.071875 0.096875
3 0.3515625 0.225 0.0765625 0.0703125
3 0.63125 0.10390625 0.0703125 0.0640625
3 0.87890625 0.47109375 0.0640625 0.13125
3 0.29765625 0.13359375 0.071875 0.065625
3 0.56640625 0.5875 0.1046875 0.103125
3 0.50703125 0.07265625 0.046875 0.0625
3 0.73828125 0.10546875 0.0640625 0.065625
3 0.45703125 0.40625 0.090625 0.078125
3 0.32265625 0.32734375 0.0859375 0.0765625
3 0.4953125 0.68359375 0.1125 0.1203125
3 0.4265625 0.02734375 0.05625 0.0484375
3 0.1875 0.08828125 0.0625 0.0546875
3 0.81328125 0.08203125 0.0375 0.0640625
3 0.2625 0.0453125 0.06875 0.0484375
3 0.5015625 0.50859375 0.096875 0.0984375
3 0.23671875 0.16015625 0.0734375 0.0671875
3 0.68515625 0.1546875 0.0875 0.0734375
3 0.58203125 0.1671875 0.0484375 0.071875
3 0.4734375 0.03828125 0.0453125 0.059375
3 0.59140625 0.08046875 0.0671875 0.0578125
3 0.2015625 0.059375 0.0515625 0.0484375
3 0.8078125 0.396875 0.059375 0.109375
3 0.7703125 0.03046875 0.040625 0.0609375
4 0.41875 0.859375 0.034375 0.06875
3 0.26484375 0.08203125 0.0703125 0.0546875
3 0.928125 0.1640625 0.04375 0.0921875
3 0.8640625 0.1109375 0.0328125 0.0734375
3 0.71640625 0.01015625 0.0234375 0.0203125
3 0.07890625 0.2015625 0.0515625 0.0859375
3 0.16015625 0.33359375 0.059375 0.1125
3 0.1375 0.2609375 0.046875 0.0765625
3 0.73984375 0.31640625 0.0453125 0.0859375
3 0.6296875 0.20625 0.0390625 0.075
3 0.0109375 0.225 0.021875 0.06875
3 0.26328125 0.96796875 0.1234375 0.0640625