3 0.96015625 0.3234375 0.07421875 0.084375
3 0.48828125 0.29609375 0.0609375 0.0875
3 0.2203125 0.4875 0.05625 0.11875
3 0.584375 0.3265625 0.06171875 0.084375
3 0.53359375 0.81015625 0.11875 0.1359375
3 0.89140625 0.23203125 0.08125 0.109375
3 0.53828125 0.24609375 0.05625 0.09140625
3 0.61328125 0.71640625 0.12421875 0.11328125
3 0.3609375 0.3875 0.078125 0.08046875
3 0.39375 0.471875 0.084375 0.08046875
3 0.30625 0.25078125 0.0859375 0.0609375
3 0.7265625 0.0734375 0.0546875 0.0609375
3 0.59453125 0.0359375 0.059375 0.05390625
3 0.80546875 0.29375 0.07734375 0.0671875
3 0.925 0.434375 0.0875 0.07421875
3 0.71015625 0.284375 0.0453125 0.07890625
3 0.85546875 0.72109375 0.09765625 0.14375
3 0.68359375 0.02734375 0.04609375 0.05390625
3 0.44375 0.11875 0.04609375 0.0625
3 0.2484375 0.09453125 0.06015625 0.0484375
3 0.2859375 0.18515625 0.071875 0.0625
3 0.48828125 0.18203125 0.0640625 0.09140625
3 0.37578125 0.21328125 0.07109375 0.06484375
3 0.665625 0.1171875 0.06484375 0.05859375
3 0.8796875 0.50390625 0.053125 0.12734375
3 0.33046875 0.1171875 0.06640625 0.059375
3 0.55859375 0.59296875 0.096875 0.0953125
3 0.54453125 0.075 0.0421875 0.05859375
3 0.771875 0.128125 0.059375 0.06015625
3 0.465625 0.403125 0.08515625 0.0703125
3 0.33828125 0.3125 0.0796875 0.0703125
3 0.4796875 0.6828125 0.10390625 0.1109375
3 0.46796875 0.02265625 0.053125 0.04453125
3 0.22421875 0.0625 0.0578125 0.04921875
3 0.8484375 0.1109375 0.0328125 0.0609375
3 0.303125 0.0265625 0.06484375 0.04296875
3 0.50078125 0.50859375 0.08984375 0.09140625
3 0.2671875 0.13828125 0.06875 0.06171875
3 0.71484375 0.171875 0.08125 0.06640625
3 0.6109375 0.17578125 0.0421875 0.06796875
3 0.5140625 0.0375 0.040625 0.05625
3 0.62734375 0.08984375 0.06328125 0.05234375
3 0.24140625 0.03515625 0.04765625 0.04375
3 0.815625 0.42421875 0.05078125 0.10546875
3 0.8109375 0.05625 0.03515625 0.059375
4 0.3875 0.85078125 0.02890625 0.06640625
3 0.30234375 0.06328125 0.06640625 0.04921875
3 0.95546875 0.20234375 0.0359375 0.0890625
3 0.896875 0.14453125 0.0265625 0.071875
3 0.76015625 0.0203125 0.0203125 0.03984375
3 0.10625 0.165625 0.04375 0.0828125
3 0.17578125 0.3046875 0.05 0.1078125
3 0.159375 0.23046875 0.04140625 0.0734375
3 0.7546875 0.33828125 0.0375 0.0828125
3 0.6546875 0.21875 0.03359375 0.071875
3 0.02265625 0.1828125 0.0453125 0.06484375
3 0.221875 0.959375 0.1171875 0.08125
3 0.01875 0.12734375 0.03671875 0.053125