3 0.93125 0.2609375 0.0859375 0.09375
3 0.559375 0.31640625 0.0734375 0.0921875
3 0.22109375 0.52578125 0.071875 0.1265625
3 0.85 0.18046875 0.0953125 0.1203125
3 0.71953125 0.09375 0.065625 0.06875
3 0.7734375 0.25234375 0.0875 0.0796875
3 0.19609375 0.134375 0.0671875 0.0625
3 0.4375 0.5734375 0.1015625 0.1
3 0.2765625 0.278125 0.0921875 0.0734375
3 0.9125 0.37578125 0.096875 0.0875
3 0.52890625 0.03046875 0.065625 0.0609375
3 0.2765625 0.1421875 0.0765625 0.0703125
4 0.57734375 0.221875 0.0203125 0.0484375
3 0.68046875 0.25625 0.0609375 0.0859375
3 0.503125 0.24140625 0.0703125 0.0984375
3 0.34609375 0.40546875 0.0890625 0.0921875
3 0.48671875 0.071875 0.053125 0.0640625
3 0.14765625 0.35390625 0.0609375 0.1046875
3 0.61171875 0.096875 0.071875 0.0671875
3 0.61484375 0.01796875 0.0546875 0.0359375
3 0.5703125 0.58515625 0.109375 0.109375
3 0.24921875 0.2234375 0.078125 0.0734375
3 0.45234375 0.1875 0.075 0.0984375
3 0.38984375 0.490625 0.0953125 0.0953125
3 0.40703125 0.03359375 0.0671875 0.0578125
3 0.16484375 0.10546875 0.0625 0.05625
3 0.3390625 0.23046875 0.08125 0.075
3 0.5640625 0.16015625 0.05 0.0734375
3 0.4515625 0.40859375 0.0953125 0.0796875
3 0.6421875 0.69765625 0.1375 0.128125
3 0.23828125 0.06015625 0.071875 0.0546875
3 0.23671875 0.1 0.078125 0.05625
3 0.80546875 0.38203125 0.0640625 0.1125
3 0.39140625 0.13125 0.059375 0.0703125
3 0.5484375 0.7953125 0.1265625 0.1375
3 0.5015625 0.5078125 0.1015625 0.103125
3 0.6671875 0.14453125 0.0890625 0.0765625
3 0.56640625 0.0671875 0.0703125 0.05625
3 0.1796875 0.07421875 0.05625 0.0484375
3 0.78984375 0.06640625 0.0390625 0.065625
3 0.3125 0.3359375 0.0875 0.08125
3 0.0625 0.2203125 0.0515625 0.084375
3 0.12734375 0.2765625 0.0515625 0.078125
3 0.29609375 0.97265625 0.1390625 0.0546875
3 0.9078125 0.140625 0.0453125 0.078125
3 0.8765625 0.4546875 0.0625 0.14375
3 0.7296875 0.3078125 0.053125 0.0921875
3 0.74375 0.0265625 0.040625 0.053125
3 0.84609375 0.090625 0.0484375 0.0765625
3 0.690625 0.0171875 0.034375 0.034375
3 0.628125 0.19140625 0.0515625 0.071875