7 0.3628571428571429 0.5708446866485014 0.04857142857142857 0.08991825613079019
7 0.3006285714285714 0.5992098092643051 0.05302857142857143 0.09313351498637604
7 0.07214285714285715 0.5381471389645777 0.05285714285714286 0.10626702997275204
7 0.42214285714285715 0.776566757493188 0.09857142857142857 0.1907356948228883
4 0.11395714285714283 0.42158038147138965 0.13648571428571424 0.13779291553133513
4 0.40285714285714286 0.7070844686648501 0.18571428571428572 0.19346049046321526
4 0.6957142857142857 0.8242506811989101 0.2542857142857143 0.26430517711171664
4 0.5157142857142857 0.45776566757493187 0.13142857142857142 0.10899182561307902
4 0.5785714285714286 0.5599455040871935 0.1457142857142857 0.16076294277929154
4 0.6630285714285714 0.5156130790190735 0.1482285714285714 0.16768392370572213
4 0.405 0.510899182561308 0.1442857142857143 0.1226158038147139
4 0.4114285714285714 0.4482288828337875 0.15428571428571428 0.13896457765667575
4 0.34 0.3896457765667575 0.11428571428571428 0.12534059945504086
4 0.24142857142857144 0.4250681198910082 0.13714285714285715 0.15258855585831063
4 0.9085714285714286 0.502724795640327 0.13428571428571429 0.18256130790190736
4 0.835 0.42779291553133514 0.08714285714285715 0.08174386920980926
4 0.8378571428571429 0.3419618528610354 0.06142857142857143 0.08446866485013624
4 0.91 0.388283378746594 0.05714285714285714 0.08446866485013624
4 0.7964285714285714 0.3760217983651226 0.06142857142857143 0.09264305177111716
8 0.7092857142857143 0.6825613079019074 0.11285714285714285 0.21525885558583105
4 0.7319714285714286 0.36356948228882835 0.04718571428571425 0.13738419618528613
4 0.4094142857142857 0.7282561307901907 0.04518571428571428 0.08918256130790196
4 0.8495857142857144 0.753024523160763 0.0375571428571428 0.09414168937329688
4 0.22178571428571428 0.9211171662125341 0.04641428571428573 0.15776566757493182
4 0.7561 0.9177656675749318 0.04271428571428584 0.12138964577656663
4 0.20035714285714284 0.667574931880109 0.04509999999999991 0.10651226158038156
4 0.5772285714285714 0.7694005449591281 0.04649999999999994 0.11043596730245224
4 0.9545 0.2694822888283379 0.04890000000000003 0.04989100817438693
4 0.28890000000000005 0.5418528610354224 0.03381428571428566 0.07193460490463209
4 0.8303 0.6858038147138964 0.16530000000000006 0.2031880108991827