3 0.48203125 0.53359375 0.1140625 0.2984375
3 0.68515625 0.75703125 0.1671875 0.1484375
3 0.240625 0.721875 0.2 0.128125
3 0.703125 0.60546875 0.2109375 0.134375
3 0.92265625 0.446875 0.1546875 0.1125
3 0.92109375 0.6328125 0.1578125 0.121875
3 0.89296875 0.7703125 0.19453125 0.11796875
3 0.8734375 0.928125 0.215625 0.13359375
3 0.640625 0.90625 0.2 0.13203125
3 0.190625 0.83984375 0.18515625 0.1140625
3 0.04765625 0.828125 0.0953125 0.0953125
3 0.065625 0.696875 0.13046875 0.12265625
3 0.2609375 0.5703125 0.1765625 0.1375
3 0.065625 0.55234375 0.13125 0.1140625
3 0.25703125 0.42109375 0.19765625 0.1046875
3 0.0734375 0.3546875 0.140625 0.12265625
3 0.303125 0.19375 0.18359375 0.128125
3 0.0828125 0.1703125 0.165625 0.115625
3 0.74765625 0.22109375 0.18984375 0.11796875
3 0.7296875 0.43125 0.18984375 0.13203125
3 0.93046875 0.23515625 0.1390625 0.11484375
3 0.77421875 0.05625 0.1828125 0.08515625
3 0.31328125 0.03359375 0.19453125 0.06640625
3 0.94921875 0.0703125 0.1015625 0.0796875