3 0.48125 0.53359375 0.11875 0.3
3 0.68046875 0.76015625 0.1703125 0.1515625
3 0.23671875 0.7171875 0.2015625 0.13125
3 0.7015625 0.609375 0.2125 0.1375
3 0.92265625 0.453125 0.1546875 0.115625
3 0.91875 0.63984375 0.159375 0.125
3 0.88828125 0.77734375 0.196875 0.121875
3 0.86484375 0.9328125 0.2171875 0.134375
3 0.63359375 0.90859375 0.2015625 0.1359375
3 0.184375 0.834375 0.1875 0.1171875
3 0.0453125 0.8203125 0.090625 0.096875
3 0.0640625 0.6890625 0.128125 0.125
3 0.259375 0.56640625 0.1796875 0.140625
3 0.065625 0.54375 0.13125 0.115625
3 0.25859375 0.4171875 0.2 0.1078125
3 0.07578125 0.346875 0.1421875 0.125
3 0.30859375 0.190625 0.1859375 0.13125
3 0.08828125 0.16328125 0.1671875 0.11875
3 0.75234375 0.22578125 0.1921875 0.121875
3 0.73046875 0.43515625 0.1921875 0.1359375
3 0.93203125 0.24296875 0.1359375 0.1171875
3 0.78203125 0.0609375 0.184375 0.0890625
3 0.32109375 0.0328125 0.1953125 0.065625
3 0.95234375 0.078125 0.0953125 0.08125