3 0.4875 0.5359375 0.159375 0.3125
3 0.7234375 0.725 0.1890625 0.1734375
3 0.27890625 0.759375 0.2171875 0.1578125
3 0.7171875 0.57265625 0.2296875 0.165625
3 0.909375 0.38125 0.1703125 0.1359375
3 0.92421875 0.56484375 0.1515625 0.1453125
3 0.9125 0.7046875 0.175 0.146875
3 0.909375 0.8640625 0.18125 0.165625
3 0.70234375 0.87890625 0.21875 0.1609375
3 0.24765625 0.884375 0.2 0.1421875
3 0.1046875 0.89453125 0.109375 0.109375
3 0.1015625 0.7625 0.1484375 0.1421875
3 0.275 0.60703125 0.1953125 0.1640625
3 0.07890625 0.61953125 0.146875 0.1328125
3 0.24765625 0.46015625 0.2109375 0.134375
3 0.0671875 0.4234375 0.134375 0.14375
3 0.2578125 0.228125 0.2015625 0.1546875
3 0.06328125 0.2390625 0.1265625 0.140625
3 0.70078125 0.1859375 0.20625 0.146875
3 0.71640625 0.39609375 0.2078125 0.159375
3 0.88359375 0.17109375 0.1546875 0.1359375
3 0.7015625 0.0375 0.19375 0.075
3 0.24296875 0.06875 0.203125 0.0953125
3 0.8765625 0.0265625 0.1125 0.053125