4 0.5126973232669869 0.17041015625 0.04461221688400824 0.0283203125
8 0.14138641043239533 0.7578125 0.24090597117364448 0.23046875
7 0.0789293067947838 0.6484375 0.1578586135895676 0.078125
4 0.7398764584763212 0.90087890625 0.15030885380919698 0.19140625
4 0.9293067947838023 0.8271484375 0.14070006863417983 0.1962890625
7 0.37199725463280714 0.6162109375 0.06108442004118051 0.06298828125
7 0.45778997940974603 0.6396484375 0.0720658888126287 0.0654296875
7 0.5545641729581332 0.54052734375 0.07755662319835278 0.09033203125
4 0.456417295813315 0.50048828125 0.06657515442690459 0.0751953125
4 0.40356897735072067 0.4541015625 0.055593685655456415 0.10107421875
7 0.37199725463280714 0.4091796875 0.04118050789293068 0.041015625
7 0.48249828414550444 0.22900390625 0.024708304735758406 0.03466796875
7 0.4708304735758408 0.22021484375 0.02059025394646534 0.0205078125
7 0.4303363074811256 0.25927734375 0.03706245710363761 0.0380859375
7 0.3864104323953329 0.27685546875 0.028826355525051476 0.03466796875
7 0.6561427590940289 0.26171875 0.03088538091969801 0.04443359375
4 0.5161290322580645 0.17333984375 0.024708304735758406 0.02099609375
7 0.6019217570350034 0.1845703125 0.014413177762525738 0.0166015625
4 0.8661633493479753 0.58251953125 0.2669869595058339 0.21142578125
4 0.23472889498970487 0.4873046875 0.2052161976664379 0.140625
8 0.6650652024708305 0.44775390625 0.12491420727522307 0.12890625
8 0.5277968428277282 0.43603515625 0.11256005490734386 0.1083984375
2 0.9375428963623885 0.43505859375 0.12491420727522307 0.20703125
4 0.5099519560741249 0.37451171875 0.1448181194234729 0.09375
8 0.6739876458476322 0.37353515625 0.12010981468771448 0.1015625
6 0.8586135895676047 0.3388671875 0.11805078929306795 0.115234375
4 0.7638984214138641 0.28466796875 0.1153054221002059 0.05419921875
8 0.6177076183939602 0.30517578125 0.08167467398764584 0.07666015625
4 0.4776938915579959 0.2890625 0.10226492793411118 0.08203125
4 0.3617021276595745 0.2412109375 0.11324639670555937 0.052734375
6 0.5950583390528483 0.25439453125 0.10706932052161977 0.06787109375
2 0.7014413177762526 0.18994140625 0.16746739876458477 0.1259765625
4 0.6177076183939602 0.15869140625 0.029512697323266987 0.03076171875
4 0.605353466026081 0.14208984375 0.0363761153054221 0.02294921875
8 0.5724090597117364 0.12744140625 0.026767330130404943 0.0185546875
4 0.5964310226492794 0.123046875 0.023335621139327384 0.0185546875
2 0.5202470830473576 0.1259765625 0.053534660260809885 0.0537109375
4 0.5277968428277282 0.1552734375 0.041866849691146193 0.0263671875
4 0.5682910089224433 0.11279296875 0.028140013726835965 0.0185546875
4 0.5531914893617021 0.1240234375 0.012354152367879203 0.02099609375
2 0.5078929306794784 0.09375 0.041866849691146193 0.01953125
6 0.5415236787920384 0.09912109375 0.02539464653397392 0.02392578125
2 0.5490734385724091 0.091796875 0.03088538091969801 0.0224609375
2 0.5394646533973919 0.078125 0.03706245710363761 0.01025390625
2 0.514070006863418 0.07666015625 0.029512697323266987 0.01220703125
2 0.4934797529169526 0.07177734375 0.022649279341111873 0.0126953125
2 0.48112560054907344 0.064453125 0.02196293754289636 0.00927734375
2 0.5010295126973233 0.0615234375 0.017158544955387784 0.00830078125
2 0.5669183253260124 0.07958984375 0.017844886753603295 0.0126953125
4 0.2594371997254633 0.56884765625 0.08442004118050789 0.1318359375
4 0.16197666437886069 0.591796875 0.08579272477693892 0.091796875
4 0.28757721345229925 0.36328125 0.043239533287577216 0.0869140625
4 0.22237474262182566 0.37451171875 0.04941660947151681 0.07421875
4 0.2621825669183253 0.33203125 0.033630748112560054 0.06591796875
4 0.36719286204529855 0.7890625 0.10020590253946465 0.10302734375
4 0.11256005490734386 0.28271484375 0.030199039121482498 0.04736328125
4 0.08098833218943034 0.35546875 0.03774879890185312 0.0458984375
4 0.035003431708991076 0.61083984375 0.05216197666437886 0.08447265625