2 0.44632894736842105 0.488922077922078 0.2064473684210526 0.17827272727272725
2 0.47103947368421056 0.3596103896103896 0.14319736842105268 0.08425974025974026
2 0.5206052631578948 0.27211688311688315 0.1188552631578948 0.07559740259740257
2 0.6479736842105264 0.481025974025974 0.20169736842105265 0.17597402597402598
2 0.20980263157894735 0.7371558441558441 0.30468421052631584 0.13089610389610384
2 0.5726184210526316 0.7947532467532468 0.2668026315789474 0.3695714285714285
2 0.21669736842105264 0.8989220779220779 0.4333947368421053 0.20215584415584426
7 0.29736842105263156 0.5136363636363637 0.04736842105263158 0.048051948051948054
7 0.32763157894736844 0.5662337662337662 0.02368421052631579 0.07532467532467532
2 0.6842105263157895 0.8993506493506493 0.37894736842105264 0.19090909090909092
7 0.5835526315789473 0.561038961038961 0.05131578947368421 0.08571428571428572
2 0.6291842105263157 0.34385714285714286 0.18981578947368413 0.0971818181818182
2 0.8111842105263158 0.2603896103896104 0.0881578947368421 0.048051948051948054
2 0.8072368421052631 0.32402597402597405 0.10921052631578948 0.06623376623376623
4 0.7977763157894736 0.6674935064935066 0.13503947368421068 0.06502597402597401
6 0.4485789473684211 0.6311948051948052 0.2026184210526316 0.13050649350649351
6 0.7032894736842106 0.5311688311688312 0.07236842105263158 0.03896103896103896
4 0.7023684210526315 0.6005454545454546 0.13697368421052628 0.08248051948051947
4 0.7769736842105263 0.5902597402597403 0.10657894736842105 0.08181818181818182
4 0.8427631578947369 0.5512987012987013 0.11447368421052631 0.07662337662337662
4 0.8394736842105263 0.7415584415584415 0.11842105263157894 0.07792207792207792
4 0.8934210526315789 0.8428571428571429 0.11842105263157894 0.12467532467532468
4 0.9453947368421053 0.9518051948051948 0.10921052631578948 0.09638961038961043
4 0.7644736842105263 0.4038961038961039 0.05263157894736842 0.05194805194805195
4 0.24923684210526315 0.45714285714285713 0.0766184210526316 0.06493506493506493
4 0.9710526315789474 0.7766233766233767 0.05526315789473684 0.19220779220779222
4 0.9513157894736842 0.6227272727272727 0.09473684210526316 0.12857142857142856
4 0.9546052631578947 0.5285714285714286 0.0881578947368421 0.06233766233766234
4 0.8276315789473684 0.4922077922077922 0.1 0.06493506493506493
4 0.7592105263157894 0.4824675324675325 0.031578947368421054 0.07142857142857142
4 0.9644736842105263 0.4649350649350649 0.06842105263157895 0.06233766233766234
4 0.9559210526315789 0.4448051948051948 0.08552631578947369 0.09220779220779221
4 0.9078947368421053 0.36168831168831167 0.06578947368421052 0.06363636363636363
4 0.7276315789473684 0.3525974025974026 0.05263157894736842 0.048051948051948054
2 0.975 0.3551948051948052 0.05 0.08701298701298701
2 0.9019736842105263 0.2545454545454545 0.08026315789473684 0.033766233766233764
2 0.6046052631578948 0.19155844155844157 0.05131578947368421 0.032467532467532464
2 0.6059210526315789 0.2344155844155844 0.075 0.048051948051948054
2 0.6723684210526316 0.24155844155844156 0.06578947368421052 0.05454545454545454
4 0.6861315789473684 0.7391818181818182 0.0732368421052632 0.1277012987012986
4 0.6055526315789475 0.7364675324675325 0.0765526315789473 0.11363636363636363
4 0.08373684210526317 0.6655844155844156 0.04189473684210527 0.12012987012987013
4 0.16226315789473683 0.44115584415584413 0.027881578947368417 0.07874025974025974
4 0.09607894736842104 0.472 0.04023684210526317 0.07224675324675324
4 0.1371842105263158 0.545051948051948 0.035289473684210516 0.08361038961038961
4 0.24243421052631578 0.487012987012987 0.035250000000000024 0.0698051948051948
4 0.23914473684210527 0.5576363636363636 0.03052631578947367 0.10551948051948051
4 0.0820921052631579 0.5487012987012987 0.03202631578947369 0.10064935064935066
4 0.03769736842105263 0.6732987012987014 0.04190789473684211 0.11120779220779227
8 0.8213947368421053 0.42006493506493503 0.06463157894736828 0.07679220779220779
4 0.13380263157894737 0.6518701298701299 0.04298684210526318 0.07050649350649353
4 0.20132894736842105 0.6175714285714285 0.036236842105263185 0.1106493506493507