2 0.625 0.667 0.19533333333333333 0.388
2 0.7143333333333334 0.477 0.15933333333333333 0.25
6 0.9246666666666666 0.8705 0.14933333333333335 0.247
4 0.13073333333333334 0.907 0.21986666666666668 0.186
4 0.2149866666666667 0.7154299999999999 0.16829333333333335 0.20477999999999996
4 0.30566666666666664 0.5811499999999999 0.1459066666666667 0.17770000000000005
4 0.333 0.46526999999999996 0.096 0.095
4 0.43533333333333335 0.669 0.088 0.222
4 0.422 0.699 0.104 0.18
4 0.39366666666666666 0.849 0.118 0.3
4 0.36133333333333334 0.904 0.17466666666666666 0.19
4 0.7163333333333334 0.9305 0.194 0.137
2 0.3458733333333333 0.35087999999999997 0.1135866666666667 0.24376
4 0.51 0.4425 0.07866666666666666 0.123
4 0.5843333333333334 0.406 0.078 0.108
4 0.559 0.3455 0.066 0.073
4 0.456 0.3095 0.016 0.079
4 0.4156666666666667 0.3285 0.027333333333333334 0.099
4 0.49366666666666664 0.333 0.059333333333333335 0.09
4 0.453 0.238 0.03266666666666666 0.064
2 0.5336666666666666 0.245 0.07133333333333333 0.126
6 0.617 0.2725 0.08466666666666667 0.157
6 0.73 0.32 0.09066666666666667 0.16
4 0.8236666666666667 0.33 0.051333333333333335 0.088
2 0.577 0.165 0.051333333333333335 0.064
4 0.4593333333333333 0.1885 0.032 0.037
2 0.5346666666666666 0.1125 0.02666666666666667 0.041
2 0.6153333333333333 0.1465 0.04 0.049
4 0.543 0.1735 0.011333333333333334 0.025
4 0.4696666666666667 0.174 0.026 0.052
4 0.5 0.1475 0.029333333333333333 0.037
4 0.5396666666666666 0.1575 0.020666666666666667 0.043
2 0.5766666666666667 0.1155 0.04133333333333333 0.031
4 0.505 0.101 0.018 0.022
4 0.48633333333333334 0.12 0.020666666666666667 0.02
4 0.5403333333333333 0.0755 0.014 0.019
4 0.6240266666666666 0.38017 0.018946666666666716 0.07588999999999999
4 0.41234666666666664 0.42125 0.02571333333333329 0.12416999999999996
4 0.9373666666666667 0.50958 0.027666666666666666 0.11083000000000004
4 0.96736 0.5233300000000001 0.026546666666666777 0.135
4 0.91404 0.47917000000000004 0.025453333333333224 0.11166999999999996
4 0.8137800000000001 0.40667000000000003 0.022713333333333443 0.09333000000000004
4 0.85294 0.43833 0.023253333333333407 0.105
4 0.8854333333333334 0.42917 0.0226866666666668 0.08
4 0.7876733333333333 0.37667 0.02161333333333338 0.09166999999999996
4 0.7848733333333333 0.28542 0.017133333333333212 0.06083000000000001
4 0.6923933333333333 0.21042 0.012166666666666666 0.050829999999999986
4 0.7355799999999999 0.22441999999999998 0.013533333333333454 0.04269