7 0.5614634146341463 0.6059962406015037 0.03779862414008759 0.03048872180451133
4 0.50093808630394 0.6019736842105263 0.07129455909943715 0.1099624060150376
4 0.555972482801751 0.6917293233082706 0.0675422138836773 0.15789473684210525
6 0.6666666666666666 0.8148496240601504 0.1801125703564728 0.36466165413533835
2 0.3993495934959349 0.7915883458646616 0.19082551594746724 0.4168233082706767
4 0.2858036272670419 0.5794172932330827 0.05628517823639775 0.09304511278195489
4 0.7779862414008756 0.6959586466165414 0.11632270168855535 0.1212406015037594
6 0.8807629768605378 0.5861466165413534 0.1192808005003127 0.11256578947368419
6 0.8055034396497811 0.5455827067669173 0.10756722951844903 0.08928571428571429
8 0.6504065040650406 0.49906015037593987 0.03877423389618512 0.06390977443609022
4 0.6275797373358349 0.5465225563909775 0.07317073170731707 0.09868421052631579
4 0.7564102564102564 0.4906015037593985 0.04940587867417136 0.06203007518796992
4 0.6785490931832395 0.45864661654135336 0.05128205128205128 0.046992481203007516
6 0.5706691682301438 0.4755639097744361 0.05565978736710444 0.05451127819548872
4 0.5372107567229518 0.4393796992481203 0.016260162601626018 0.040413533834586464
4 0.6316447779862414 0.424812030075188 0.03377110694183865 0.020676691729323307
4 0.6038148843026891 0.4158834586466165 0.03189493433395872 0.02913533834586466
4 0.5778611632270169 0.40366541353383456 0.027517198248905566 0.02913533834586466
4 0.5637898686679175 0.3933270676691729 0.021888680425265792 0.02725563909774436
4 0.5465916197623515 0.38721804511278196 0.0300187617260788 0.03007518796992481
8 0.5059412132582864 0.42387218045112784 0.02626641651031895 0.03383458646616541
4 0.48717948717948717 0.39849624060150374 0.035021888680425266 0.02819548872180451
4 0.44029393370856784 0.4234304511278195 0.030644152595372107 0.044172932330827065
2 0.40431519699812385 0.4741541353383459 0.060662914321450906 0.13815789473684212
4 0.3649155722326454 0.47133458646616544 0.029393370856785492 0.05921052631578947
7 0.32877423389618515 0.5006109022556391 0.01287054409005624 0.03824248120300757
4 0.3445903689806129 0.4440789473684211 0.028767979987492184 0.042293233082706765
4 0.37367104440275173 0.42528195488721804 0.024390243902439025 0.03477443609022556
4 0.34803001876172607 0.42105263157894735 0.023139462163852407 0.02819548872180451
4 0.35678549093183237 0.41118421052631576 0.02564102564102564 0.03477443609022556
4 0.150093808630394 0.5206766917293233 0.11006879299562226 0.06203007518796992
4 0.05096935584740463 0.4957706766917293 0.10068792995622264 0.09116541353383459
8 0.10475297060662914 0.48637218045112784 0.016885553470919325 0.05357142857142857
8 0.2776735459662289 0.506109022556391 0.05753595997498437 0.06672932330827068
4 0.2557848655409631 0.4600563909774436 0.043777360850531584 0.042293233082706765
4 0.274859287054409 0.4351503759398496 0.029393370856785492 0.02819548872180451
4 0.28486554096310196 0.4201127819548872 0.028142589118198873 0.02631578947368421
6 0.3699186991869919 0.3693609022556391 0.015634771732332707 0.013157894736842105
2 0.42057535959974984 0.3801691729323308 0.02564102564102564 0.03853383458646616
4 0.3861788617886179 0.3848684210526316 0.01813633520950594 0.019736842105263157
4 0.5375234521575984 0.4276315789473684 0.03814884302689181 0.039473684210526314
4 0.12836147592245153 0.8383458646616542 0.033008130081300935 0.17293233082706766
4 0.07928080050031268 0.9177631578947368 0.03736710444027517 0.16071428571428573
4 0.283739837398374 0.8143796992481203 0.0299374609130706 0.07424812030075188
4 0.23966228893058164 0.9215225563909775 0.04555347091932467 0.106203007518797
4 0.22934333958724204 0.7189849624060151 0.02241400875547226 0.046992481203007516
4 0.15118198874296435 0.6893796992481203 0.02613508442776733 0.05169172932330827
4 0.06083176985616009 0.7551691729323309 0.02672920575359586 0.1174812030075188
4 0.08552845528455284 0.7453007518796992 0.021113195747342224 0.10526315789473684
4 0.872245153220763 0.6047932330827067 0.028661663539712275 0.06109022556390977
4 0.9751031894934334 0.7462406015037594 0.03182614133833638 0.06766917293233082
4 0.7743464665415886 0.8220582706766917 0.04242026266416506 0.11654135338345864
4 0.5612320200125078 0.5792763157894737 0.025115697310819314 0.03609962406015045
4 0.9389868667917449 0.6302255639097744 0.021463414634146444 0.08249999999999998
6 0.41806128830519074 0.6137218045112782 0.07193871169480924 0.19548872180451127