4 0.04311008468052348 0.29873125720876587 0.08622016936104696 0.06228373702422145
4 0.11547344110854503 0.29930795847750863 0.06466512702078522 0.04728950403690888
6 0.11431870669745958 0.2704728950403691 0.08545034642032333 0.05651672433679354
4 0.21401077752117012 0.2935409457900807 0.08314087759815242 0.049596309111880045
6 0.3468052347959969 0.28027681660899656 0.0731331793687452 0.06920415224913495
8 0.4080061585835258 0.2918108419838524 0.044649730561970746 0.04152249134948097
6 0.4545804464973056 0.27970011534025374 0.05157813702848345 0.05190311418685121
4 0.485373364126251 0.2906574394463668 0.06235565819861432 0.0392156862745098
4 0.5477290223248653 0.29123414071510956 0.057736720554272515 0.03344867358708189
8 0.5685142417244033 0.27450980392156865 0.026943802925327175 0.01384083044982699
8 0.5969976905311778 0.2750865051903114 0.02386451116243264 0.014994232987312572
4 0.6158583525789069 0.2889273356401384 0.05234795996920708 0.02883506343713956
7 0.6520400307929176 0.2895040369088812 0.013856812933025405 0.02768166089965398
4 0.6693610469591994 0.28662053056516723 0.03002309468822171 0.0265282583621684
7 0.6951501154734411 0.28604382929642447 0.015396458814472672 0.025374855824682813
4 0.6474210931485759 0.27277970011534025 0.03695150115473441 0.02191464821222607
8 0.7074672825250192 0.2825836216839677 0.015396458814472672 0.029988465974625143
8 0.7197844495765974 0.2808535178777393 0.018475750577367205 0.02883506343713956
8 0.7397998460354118 0.2831603229527105 0.018475750577367205 0.0265282583621684
8 0.7575057736720554 0.2820069204152249 0.020015396458814474 0.02883506343713956
2 0.798306389530408 0.27335640138408307 0.04157043879907621 0.03690888119953864
4 0.39530408006158585 0.4532871972318339 0.05003849114703618 0.02768166089965398
7 0.4449576597382602 0.4354094579008074 0.015396458814472672 0.0196078431372549
4 0.42455735180908394 0.4717416378316032 0.04695919938414165 0.025374855824682813
4 0.5414549653579677 0.43416378316032295 0.01177829099307156 0.024417531718569734
4 0.5469591993841416 0.4140715109573241 0.011547344110854504 0.020761245674740483
8 0.5658198614318707 0.43367935409457903 0.020015396458814474 0.02306805074971165
4 0.5615858352578906 0.458477508650519 0.037721324095458045 0.031141868512110725
4 0.5973826020015397 0.41522491349480967 0.016936104695919937 0.02306805074971165
2 0.13895304080061585 0.7502883506343714 0.18706697459584296 0.16032295271049596
2 0.3321785989222479 0.6032295271049596 0.17013086989992302 0.1637831603229527
7 0.1215704387990762 0.9685582468281431 0.05400307929176291 0.06057670126874277
4 0.20323325635103925 0.9267589388696655 0.1447267128560431 0.14186851211072665
7 0.29869130100076985 0.9590542099192618 0.03541185527328714 0.049596309111880045
8 0.3094688221709007 0.8292964244521338 0.06774441878367975 0.0922722029988466
4 0.4095458044649731 0.8696655132641292 0.09237875288683603 0.11995386389850057
4 0.3806774441878368 0.7739331026528259 0.08852963818321787 0.10841983852364476
2 0.46779830638953035 0.8981891580161476 0.20220939183987688 0.20132641291810838
4 0.5388760585065435 0.7860438292964245 0.06620477290223249 0.07497116493656286
4 0.4534257120862202 0.6978085351787774 0.07698229407236336 0.05074971164936563
4 0.4719014626635874 0.7641291810841984 0.08314087759815242 0.1118800461361015
8 0.5434949961508853 0.6787773933102653 0.04157043879907621 0.0657439446366782
8 0.5554272517321016 0.7272202998846597 0.04541955350269438 0.06113033448673587
4 0.5423402617397999 0.6320645905420992 0.056197074672825253 0.05997693194925029
4 0.6189376443418014 0.870242214532872 0.06774441878367975 0.13264129181084197
4 0.596612779060816 0.6764705882352942 0.06004618937644342 0.058823529411764705
4 0.6116243264049269 0.740484429065744 0.06543494996150885 0.09688581314878893
4 0.5800615858352579 0.596885813148789 0.054657428791377985 0.05190311418685121
8 0.6439568899153195 0.6424452133794695 0.033102386451116246 0.06228373702422145
6 0.623941493456505 0.5963091118800461 0.06081601231716705 0.1061130334486736
8 0.7902232486528099 0.6395617070357554 0.01770592763664357 0.04728950403690888
2 0.7117013086989993 0.6937716262975778 0.13471901462663588 0.22722029988465975
2 0.7167051578137028 0.5859284890426759 0.1031562740569669 0.14302191464821223
6 0.6855273287143957 0.5530565167243368 0.059276366435719784 0.08881199538638986
6 0.7240184757505773 0.4936562860438293 0.036181678214010776 0.04152249134948097
6 0.7925327174749808 0.4590542099192618 0.026943802925327175 0.03229527104959631
6 0.783679753656659 0.5611303344867359 0.03233256351039261 0.06113033448673587
2 0.8190916089299461 0.5709342560553633 0.08314087759815242 0.1314878892733564
2 0.836027713625866 0.4659746251441753 0.029253271747498075 0.06689734717416378
4 0.7509622786759046 0.48500576701268744 0.02386451116243264 0.03344867358708189
8 0.8052347959969207 0.4798154555940023 0.015396458814472672 0.02768166089965398
8 0.8133179368745188 0.4953863898500577 0.01924557351809084 0.02191464821222607
4 0.6581986143187067 0.5432525951557093 0.02771362586605081 0.04152249134948097
6 0.7686682063125481 0.4400230680507497 0.053117782909930716 0.058823529411764705
6 0.8714395688991532 0.4371395617070358 0.03233256351039261 0.06228373702422145
4 0.8071593533487298 0.5201845444059977 0.026943802925327175 0.03229527104959631
8 0.8171670515781371 0.41522491349480967 0.01308698999230177 0.025374855824682813
2 0.7913779830638953 0.4019607843137255 0.04772902232486528 0.05651672433679354
2 0.8985373364126251 0.36331026528258364 0.023410315627405583 0.04154555940023066
4 0.8409776751347191 0.40707035755478665 0.02155504234026174 0.0265282583621684
4 0.8968437259430331 0.40945790080738176 0.020015396458814474 0.02306805074971165
4 0.48892224788298694 0.46905420991926183 0.008198614318706767 0.02768166089965398
4 0.47686682063125485 0.46693194925028836 0.007690531177829106 0.02806228373702427
4 0.5846189376443418 0.395040369088812 0.008160123171670445 0.025755478662053105
4 0.523941493456505 0.4131141868512111 0.0074133949191686754 0.02191464821222607
4 0.5162432640492687 0.4013840830449827 0.009468822170900658 0.022295271049596357
4 0.4896689761354889 0.41234140715109574 0.006096997690531234 0.0196078431372549