4 0.07077752117013086 0.5833179190751445 0.01556581986143187 0.0449364161849711
8 0.0873749037721324 0.39942196531791907 0.036181678214010776 0.06127167630057803
4 0.07929176289453425 0.9849710982658959 0.06004618937644342 0.027745664739884393
7 0.041185527328714396 0.6994219653179191 0.05003849114703618 0.046242774566473986
4 0.10892994611239415 0.12427745664739884 0.05003849114703618 0.05433526011560694
2 0.12047729022324866 0.03699421965317919 0.08852963818321787 0.07398843930635839
2 0.17282525019245573 0.11676300578034682 0.09314857582755966 0.09710982658959537
2 0.18899153194765203 0.09132947976878612 0.07929176289453425 0.09248554913294797
2 0.26982294072363355 0.12716763005780346 0.09776751347190146 0.13641618497109825
2 0.3872209391839877 0.19653179190751446 0.1308698999230177 0.12023121387283237
7 0.37194765204003083 0.25484393063583816 0.02334103156274061 0.024416184971098272
6 0.3333333333333333 0.22716763005780347 0.06004618937644342 0.056647398843930635
6 0.2540415704387991 0.20867052023121388 0.07390300230946882 0.06589595375722543
6 0.19438029253271746 0.18554913294797687 0.054657428791377985 0.06127167630057803
8 0.4630484988452656 0.1815028901734104 0.03002309468822171 0.03005780346820809
6 0.5257890685142417 0.1884393063583815 0.06620477290223249 0.046242774566473986
8 0.6358737490377213 0.23872832369942196 0.030792917628945343 0.04971098265895954
2 0.6235565819861432 0.1907514450867052 0.10469591993841416 0.09710982658959537
8 0.7371054657428792 0.10115606936416185 0.022324865280985373 0.035838150289017344
2 0.7548113933795227 0.05202312138728324 0.054657428791377985 0.08092485549132948
2 0.5454195535026943 0.25722543352601157 0.12548113933795227 0.08208092485549133
4 0.4399538106235566 0.3202312138728324 0.05157813702848345 0.03699421965317919
7 0.1543418013856813 0.6082312138728324 0.039284064665127 0.03791907514450862
7 0.2060969976905312 0.5924508670520231 0.01737490377213245 0.03821965317919069
7 0.3506543494996151 0.8109826589595376 0.04387990762124711 0.04277456647398844
4 0.1367975365665897 0.35058959537572254 0.049268668206312545 0.07283236994219654
7 0.21709006928406466 0.3265895953757225 0.020015396458814474 0.03815028901734104
7 0.15011547344110854 0.4161849710982659 0.02771362586605081 0.03930635838150289
4 0.30177059276366436 0.2682080924855491 0.061585835257890686 0.06242774566473988
2 0.3187066974595843 0.4705202312138728 0.12779060816012316 0.18728323699421964
4 0.4476520400307929 0.4815028901734104 0.020785219399538105 0.04046242774566474
8 0.48768283294842185 0.4549132947976879 0.04387990762124711 0.06820809248554913
4 0.5127328714395689 0.3282543352601156 0.01921478060046192 0.03944508670520232
4 0.529253271747498 0.43815028901734104 0.07621247113163972 0.08786127167630058
4 0.4488067744418784 0.5884393063583815 0.0800615858352579 0.09710982658959537
4 0.3710546574287914 0.6526011560693642 0.07082371054657428 0.10982658959537572
4 0.30600461893764436 0.7294797687861272 0.06235565819861432 0.14335260115606938
8 0.5773672055427251 0.7179190751445087 0.05388760585065435 0.06936416184971098
4 0.5962278675904542 0.6647398843930635 0.08852963818321787 0.10173410404624278
4 0.535796766743649 0.530635838150289 0.0800615858352579 0.09248554913294797
4 0.5387374903772133 0.6404046242774567 0.02436489607390307 0.05330635838150277
8 0.6066204772902233 0.584393063583815 0.049268668206312545 0.07745664739884393
6 0.6173979984603541 0.5393063583815029 0.09853733641262509 0.1260115606936416
4 0.8140877598152425 0.715606936416185 0.09314857582755966 0.11098265895953757
4 0.8460354118552733 0.6815028901734104 0.09853733641262509 0.12138728323699421
2 0.7744418783679754 0.3202312138728324 0.09853733641262509 0.15722543352601157
2 0.863356428021555 0.18265895953757225 0.07621247113163972 0.15028901734104047
2 0.745958429561201 0.1861271676300578 0.06774441878367975 0.13641618497109825
2 0.6770592763664357 0.2809248554913295 0.09776751347190146 0.15722543352601157
6 0.7232486528098537 0.32543352601156067 0.057736720554272515 0.08901734104046242
2 0.8025404157043879 0.1976878612716763 0.06851424172440339 0.10635838150289018
2 0.9183987682832948 0.10404624277456648 0.04772902232486528 0.10404624277456648
2 0.8183217859892224 0.06878612716763005 0.061585835257890686 0.10057803468208093
2 0.8895304080061586 0.03815028901734104 0.05003849114703618 0.07630057803468208
4 0.04053887605850654 0.793063583815029 0.025365665896843723 0.047398843930635835
4 0.16458814472671288 0.9479768786127167 0.02993071593533487 0.048554913294797684
4 0.17190146266358738 0.9121387283236995 0.03224018475750577 0.04393063583815029
4 0.0907005388760585 0.7242774566473988 0.02534257120862203 0.04971098265895954
4 0.022147806004618936 0.5652023121387283 0.021377983063895305 0.04168786127167624
4 0.18306389530408007 0.7028901734104046 0.02376443418013857 0.03699421965317919
4 0.21000000000000002 0.48034682080924856 0.026836027713625876 0.047398843930635835
4 0.09488837567359507 0.5953757225433526 0.021408775981524242 0.048554913294797684
4 0.07414934565050038 0.4918728323699422 0.016905311778291 0.04035838150289014
4 0.18883756735950732 0.41040462427745666 0.0168437259430331 0.03468208092485549
4 0.2500230946882217 0.35722543352601155 0.01451116243264051 0.03236994219653179
4 0.3261585835257891 0.3287976878612717 0.013494996150885275 0.040127167630057844
4 0.3512933025404157 0.31213872832369943 0.009414934565050052 0.04760693641618494
4 0.24964588144726715 0.33594219653179186 0.012617397998460343 0.03536416184971102
4 0.282247882986913 0.3216647398843931 0.009892224788298709 0.04216184971098269
4 0.28926866820631253 0.32811560693641617 0.01682063125481141 0.03196531791907512
4 0.5206928406466512 0.36722543352601156 0.014926866820631332 0.044878612716763064
4 0.6164357197844496 0.42060115606936416 0.015319476520400378 0.04692485549132951
4 0.6159815242494227 0.4665086705202312 0.013510392609699735 0.040797687861271636
4 0.5949345650500385 0.45902890173410404 0.018498845265588894 0.044878612716763064
4 0.48740569668976136 0.3774219653179191 0.014464973056197046 0.044878612716763064
4 0.5559969207082371 0.6705202312138728 0.016705157813702885 0.040797687861271636
4 0.794141647421093 0.5746358381502891 0.01752117013086998 0.03944508670520232
4 0.9222940723633564 0.681063583815029 0.01663587374903782 0.041479768786127295
4 0.5813394919168591 0.38410404624277455 0.013063895304080083 0.039884393063583816
4 0.015904541955350265 0.7846820809248555 0.02749807544264819 0.051063583815028984
4 0.17259430331023864 0.5499190751445087 0.019507313317936856 0.046763005780346874
4 0.06693610469591994 0.11771098265895953 0.018144726712856038 0.03678612716763005
4 0.36749037721324096 0.31135260115606933 0.012486528098537357 0.04781502890173412
4 0.3391454965357968 0.2832369942196532 0.01459584295612012 0.03573410404624277
4 0.35628945342571205 0.2811329479768786 0.01458814472671289 0.026277456647398865
4 0.2354195535026944 0.32527167630057807 0.018483448806774435 0.04098265895953763
4 0.2838722093918399 0.6967976878612717 0.02021555042340261 0.03889017341040474
4 0.8822401847575058 0.5052601156069364 0.020215550423402784 0.038358381502890115
4 0.8556505003849115 0.3092485549132948 0.011832178598922164 0.029953757225433524
4 0.8880061585835258 0.24277456647398843 0.013571978444957744 0.03152601156069362
4 0.8853810623556582 0.6279537572254335 0.0188221709006927 0.033630057803468116
2 0.6971530969976905 0.9954315699421965 0.7346183248652809 0.897379450867052 0.5418387721324095 0.709556971098266 0.4996579099307159 0.7848606265895954 0.6971530969976905 0.9954315699421965
2 0.940968987682833 1 0.9589108714395688 0.9120409260115606 0.7428108260200154 0.7396100786127167 0.7115593687451885 0.7570856312138727 0.6861942032332563 0.825226765317919 0.8883394257120862 1 0.940968987682833 1
4 0.5472979214780601 0.9661502890173411 0.01645881447267137 0.03036994219653177
4 0.4353887605850655 0.7464046242774567 0.014695919938414102 0.04010404624277463
4 0.04842956120092379 0.4243121387283237 0.019476520400307933 0.0477803468208093
4 0.4517782909930716 0.28633526011560695 0.009684372594303254 0.04046242774566474
4 0.4754041570438799 0.25248554913294796 0.012217090069283981 0.041052023121387275
4 0.07656658968437259 0.6521849710982659 0.01792147806004619 0.04156069364161855
4 0.46214010777521175 0.9545780346820809 0.021162432640492692 0.031537572254335226
4 0.41685142417244037 0.9034450867052023 0.01770592763664357 0.03347976878612721
4 0.3464896073903002 0.9593988439306358 0.019615088529638197 0.02728323699421955
4 0.33987682832948424 0.8604277456647399 0.016404926866820588 0.0377456647398845
4 0.29297921478060046 0.8424855491329479 0.022848344880677406 0.025017341040462545
4 0.2865511932255581 0.8930289017341041 0.01925327174749807 0.042751445086705225
4 0.25210931485758276 0.8032138728323699 0.020531177829099276 0.03564161849710974
4 0.20303310238645111 0.5650751445086706 0.017451886066204764 0.02374566473988435
4 0.19454965357967668 0.5209595375722543 0.017367205542725174 0.037710982658959544
4 0.20243264049268667 0.38551445086705205 0.015234795996920703 0.035040462427745604
4 0.8096997690531178 0.5627167630057803 0.011070053887605935 0.0332601156069364
4 0.5814241724403387 0.9012485549132948 0.011277906081601301 0.031260115606936374
4 0.371139337952271 0.9651676300578035 0.01799076212471132 0.03746820809248565
4 0.7052193995381063 0.6900693641618497 0.014788298691301029 0.029341040462427873
4 0.7008698999230176 0.7315606936416185 0.019137798306389453 0.03721387283237001
4 0.6635411855273288 0.624485549132948 0.015704387990762195 0.03368786127167642
4 0.5120246343341032 0.6288439306358382 0.015996920708237085 0.04076300578034681
4 0.2575134719014627 0.26053179190751447 0.01307929176289454 0.03314450867052025
4 0.2442417244033872 0.2548208092485549 0.008829869130100098 0.03315606936416186
4 0.2073749037721324 0.22298265895953756 0.011193225558121604 0.03262427745664743
4 0.14784449576597383 0.5942774566473988 0.016081601231716695 0.02877456647398849
4 0.02916089299461124 0.336971098265896 0.017174749807544267 0.03085549132947983