4 0.9292224788298691 0.5833179190751445 0.015565819861431717 0.0449364161849711
8 0.9126250962278676 0.39942196531791907 0.036181678214010776 0.06127167630057803
4 0.9207082371054658 0.9849710982658959 0.06004618937644342 0.027745664739884393
7 0.9588144726712856 0.6994219653179191 0.05003849114703618 0.046242774566473986
4 0.8910700538876059 0.12427745664739884 0.05003849114703618 0.05433526011560694
2 0.8795227097767514 0.03699421965317919 0.08852963818321787 0.07398843930635839
2 0.8271747498075442 0.11676300578034682 0.09314857582755966 0.09710982658959537
2 0.8110084680523479 0.09132947976878612 0.07929176289453425 0.09248554913294797
2 0.7301770592763664 0.12716763005780346 0.09776751347190146 0.13641618497109825
2 0.6127790608160123 0.19653179190751446 0.1308698999230177 0.12023121387283237
7 0.6280523479599691 0.25484393063583816 0.023341031562740696 0.024416184971098272
6 0.6666666666666666 0.22716763005780347 0.06004618937644342 0.056647398843930635
6 0.745958429561201 0.20867052023121388 0.07390300230946882 0.06589595375722543
6 0.8056197074672825 0.18554913294797687 0.054657428791377985 0.06127167630057803
8 0.5369515011547344 0.1815028901734104 0.03002309468822171 0.03005780346820809
6 0.47421093148575827 0.1884393063583815 0.06620477290223249 0.046242774566473986
8 0.3641262509622787 0.23872832369942196 0.030792917628945343 0.04971098265895954
2 0.37644341801385683 0.1907514450867052 0.10469591993841416 0.09710982658959537
8 0.26289453425712084 0.10115606936416185 0.022324865280985373 0.035838150289017344
2 0.24518860662047728 0.05202312138728324 0.054657428791377985 0.08092485549132948
2 0.4545804464973056 0.25722543352601157 0.12548113933795227 0.08208092485549133
4 0.5600461893764435 0.3202312138728324 0.05157813702848345 0.03699421965317919
7 0.8456581986143187 0.6082312138728324 0.039284064665127176 0.03791907514450862
7 0.7939030023094688 0.5924508670520231 0.017374903772132536 0.03821965317919069
7 0.649345650500385 0.8109826589595376 0.04387990762124711 0.04277456647398844
4 0.8632024634334102 0.35058959537572254 0.049268668206312545 0.07283236994219654
7 0.7829099307159353 0.3265895953757225 0.020015396458814474 0.03815028901734104
7 0.8498845265588915 0.4161849710982659 0.02771362586605081 0.03930635838150289
4 0.6982294072363356 0.2682080924855491 0.061585835257890686 0.06242774566473988
2 0.6812933025404158 0.4705202312138728 0.12779060816012316 0.18728323699421964
4 0.552347959969207 0.4815028901734104 0.020785219399538105 0.04046242774566474
8 0.5123171670515781 0.4549132947976879 0.04387990762124711 0.06820809248554913
4 0.48726712856043114 0.3282543352601156 0.01921478060046192 0.03944508670520232
4 0.4707467282525019 0.43815028901734104 0.07621247113163972 0.08786127167630058
4 0.5511932255581217 0.5884393063583815 0.0800615858352579 0.09710982658959537
4 0.6289453425712086 0.6526011560693642 0.07082371054657428 0.10982658959537572
4 0.6939953810623557 0.7294797687861272 0.06235565819861432 0.14335260115606938
8 0.4226327944572748 0.7179190751445087 0.05388760585065435 0.06936416184971098
4 0.4037721324095458 0.6647398843930635 0.08852963818321787 0.10173410404624278
4 0.46420323325635104 0.530635838150289 0.0800615858352579 0.09248554913294797
4 0.4612625096227867 0.6404046242774567 0.02436489607390307 0.05330635838150277
8 0.3933795227097768 0.584393063583815 0.049268668206312545 0.07745664739884393
6 0.3826020015396459 0.5393063583815029 0.09853733641262509 0.1260115606936416
4 0.1859122401847575 0.715606936416185 0.09314857582755966 0.11098265895953757
4 0.15396458814472672 0.6815028901734104 0.09853733641262509 0.12138728323699421
2 0.22555812163202463 0.3202312138728324 0.09853733641262509 0.15722543352601157
2 0.13664357197844496 0.18265895953757225 0.07621247113163972 0.15028901734104047
2 0.2540415704387991 0.1861271676300578 0.06774441878367975 0.13641618497109825
2 0.3229407236335643 0.2809248554913295 0.09776751347190146 0.15722543352601157
6 0.27675134719014627 0.32543352601156067 0.057736720554272515 0.08901734104046242
2 0.197459584295612 0.1976878612716763 0.06851424172440339 0.10635838150289018
2 0.08160123171670516 0.10404624277456648 0.04772902232486528 0.10404624277456648
2 0.18167821401077752 0.06878612716763005 0.061585835257890686 0.10057803468208093
2 0.11046959199384142 0.03815028901734104 0.05003849114703618 0.07630057803468208
4 0.9594611239414934 0.793063583815029 0.025365665896843585 0.047398843930635835
4 0.8354118552732872 0.9479768786127167 0.029930715935334955 0.048554913294797684
4 0.8280985373364127 0.9121387283236995 0.032240184757505855 0.04393063583815029
4 0.9092994611239416 0.7242774566473988 0.025342571208622072 0.04971098265895954
4 0.977852193995381 0.5652023121387283 0.02137798306389529 0.04168786127167624
4 0.8169361046959199 0.7028901734104046 0.023764434180138485 0.03699421965317919
4 0.79 0.48034682080924856 0.026836027713625966 0.047398843930635835
4 0.9051116243264049 0.5953757225433526 0.021408775981524207 0.048554913294797684
4 0.9258506543494996 0.4918728323699422 0.01690531177829102 0.04035838150289014
4 0.8111624326404927 0.41040462427745666 0.016843725943033187 0.03468208092485549
4 0.7499769053117783 0.35722543352601155 0.014511162432640423 0.03236994219653179
4 0.6738414164742109 0.3287976878612717 0.013494996150885275 0.040127167630057844
4 0.6487066974595843 0.31213872832369943 0.009414934565050052 0.047606936416184915
4 0.7503541185527329 0.33594219653179186 0.012617397998460256 0.03536416184971102
4 0.717752117013087 0.3216647398843931 0.009892224788298796 0.04216184971098269
4 0.7107313317936874 0.32811560693641617 0.016820631254811324 0.03196531791907512
4 0.4793071593533487 0.36722543352601156 0.014926866820631332 0.044878612716763064
4 0.38356428021555045 0.42060115606936416 0.015319476520400378 0.04692485549132951
4 0.3840184757505774 0.4665086705202312 0.013510392609699735 0.040797687861271636
4 0.40506543494996144 0.45902890173410404 0.018498845265588894 0.044878612716763064
4 0.5125943033102387 0.3774219653179191 0.014464973056197046 0.044878612716763064
4 0.4440030792917629 0.6705202312138728 0.016705157813702885 0.040797687861271636
4 0.20585835257890692 0.5746358381502891 0.01752117013086998 0.03944508670520232
4 0.07770592763664362 0.681063583815029 0.01663587374903782 0.041479768786127295
4 0.4186605080831409 0.38410404624277455 0.013063895304080083 0.039884393063583816
4 0.9840954580446497 0.7846820809248555 0.027498075442648037 0.051063583815028984
4 0.8274056966897613 0.5499190751445087 0.019507313317936988 0.046763005780346874
4 0.9330638953040801 0.11771098265895953 0.01814472671285617 0.03678612716763005
4 0.632509622786759 0.31135260115606933 0.012486528098537357 0.04781502890173412
4 0.6608545034642033 0.2832369942196532 0.01459584295612012 0.035734104046242735
4 0.643710546574288 0.2811329479768786 0.01458814472671289 0.026277456647398865
4 0.7645804464973056 0.32527167630057807 0.018483448806774435 0.04098265895953763
4 0.7161277906081601 0.6967976878612717 0.02021555042340261 0.03889017341040474
4 0.11775981524249425 0.5052601156069364 0.020215550423402784 0.038358381502890115
4 0.14434949961508853 0.3092485549132948 0.011832178598922164 0.02995375722543349
4 0.11199384141647423 0.24277456647398843 0.013571978444957744 0.03152601156069362
4 0.11461893764434188 0.6279537572254335 0.0188221709006927 0.033630057803468116
2 0.265381675134719 0.897379450867052 0.3028469030023095 0.9954315699421965 0.5003420900692841 0.7848606265895954 0.45816122786759045 0.709556971098266 0.265381675134719 0.897379450867052
2 0.11166057428791379 1 0.31380579676674364 0.825226765317919 0.2884406312548114 0.7570856312138727 0.2571891739799846 0.7396100786127167 0.0410891285604311 0.9120409260115606 0.05903101231716705 1 0.11166057428791379 1
4 0.4527020785219399 0.9661502890173411 0.01645881447267137 0.03036994219653177
4 0.5646112394149345 0.7464046242774567 0.014695919938414102 0.04010404624277463
4 0.9515704387990761 0.4243121387283237 0.01947652040030807 0.0477803468208093
4 0.5482217090069283 0.28633526011560695 0.009684372594303254 0.04046242774566474
4 0.5245958429561202 0.25248554913294796 0.012217090069283981 0.041052023121387275
4 0.9234334103156274 0.6521849710982659 0.017921478060046344 0.04156069364161855
4 0.5378598922247882 0.9545780346820809 0.021162432640492692 0.031537572254335226
4 0.5831485758275596 0.9034450867052023 0.01770592763664357 0.03347976878612721
4 0.6535103926096998 0.9593988439306358 0.019615088529638197 0.02728323699421955
4 0.6601231716705158 0.8604277456647399 0.016404926866820588 0.0377456647398845
4 0.7070207852193996 0.8424855491329479 0.02284834488067732 0.025017341040462545
4 0.7134488067744419 0.8930289017341041 0.01925327174749807 0.042751445086705225
4 0.7478906851424172 0.8032138728323699 0.020531177829099363 0.03564161849710974
4 0.7969668976135489 0.5650751445086706 0.01745188606620483 0.02374566473988435
4 0.8054503464203233 0.5209595375722543 0.017367205542725132 0.037710982658959544
4 0.7975673595073133 0.38551445086705205 0.01523479599692068 0.035040462427745604
4 0.19030023094688225 0.5627167630057803 0.011070053887605935 0.0332601156069364
4 0.4185758275596613 0.9012485549132948 0.011277906081601301 0.031260115606936374
4 0.6288606620477291 0.9651676300578035 0.01799076212471141 0.03746820809248565
4 0.29478060046189375 0.6900693641618497 0.014788298691301029 0.029341040462427873
4 0.2991301000769823 0.7315606936416185 0.019137798306389453 0.03721387283237001
4 0.33645881447267123 0.624485549132948 0.015704387990762195 0.03368786127167642
4 0.48797536566589683 0.6288439306358382 0.015996920708237085 0.04076300578034681
4 0.7424865280985373 0.26053179190751447 0.01307929176289454 0.03314450867052025
4 0.7557582755966128 0.2548208092485549 0.008829869130100098 0.03315606936416186
4 0.7926250962278675 0.22298265895953756 0.011193225558121604 0.03262427745664743
4 0.8521555042340262 0.5942774566473988 0.01608160123171661 0.028774566473988555
4 0.9708391070053887 0.336971098265896 0.017174749807544222 0.03085549132947983