2 0.08968437259430331 0.7517401392111369 0.17936874518860663 0.45707656612529
4 0.49461123941493457 0.9535962877030162 0.1562740569668976 0.09048723897911833
4 0.2913779830638953 0.877030162412993 0.13933795227097767 0.1925754060324826
4 0.47998460354118555 0.8010440835266821 0.12240184757505773 0.16357308584686775
4 0.20092378752886836 0.6647331786542924 0.05850654349499615 0.14385150812064965
4 0.49653579676674364 0.675754060324826 0.10161662817551963 0.12645011600928074
6 0.2763664357197845 0.7082366589327146 0.10007698229407236 0.1728538283062645
6 0.30600461893764436 0.6467517401392111 0.09776751347190146 0.13109048723897912
6 0.1997690531177829 0.5568445475638051 0.07467282525019246 0.1136890951276102
4 0.3737490377213241 0.5910672853828306 0.08391070053887606 0.10092807424593968
8 0.48036951501154734 0.5771461716937355 0.06774441878367975 0.08932714617169374
2 0.34757505773672054 0.47041763341067283 0.10546574287913779 0.16357308584686775
4 0.4857582755966128 0.5394431554524362 0.07852193995381063 0.11600928074245939
4 0.4719014626635874 0.511600928074246 0.06774441878367975 0.08584686774941995
6 0.23710546574287913 0.48259860788863107 0.07082371054657428 0.09744779582366589
4 0.47305619707467284 0.4593967517401392 0.06235565819861432 0.03480278422273782
6 0.25558121632024633 0.43445475638051045 0.06312548113933796 0.08700696055684455
8 0.2155504234026174 0.4037122969837587 0.029253271747498075 0.08352668213457076
4 0.21093148575827558 0.31960556844547566 0.03541185527328714 0.04524361948955916
2 0.28290993071593534 0.37354988399071926 0.10854503464203233 0.15777262180974477
4 0.37798306389530406 0.3834106728538283 0.06774441878367975 0.11716937354988399
4 0.4576597382602002 0.4466357308584687 0.057736720554272515 0.06728538283062645
4 0.46227867590454197 0.4066125290023202 0.06389530408006158 0.06380510440835267
2 0.36605080831408776 0.3138051044083527 0.06543494996150885 0.04060324825986079
4 0.45842956120092376 0.361368909512761 0.04849884526558892 0.02668213457076566
2 0.2979214780600462 0.28248259860788866 0.06620477290223249 0.029002320185614848
6 0.45381062355658197 0.2691415313225058 0.05003849114703618 0.06960556844547564
2 0.37528868360277134 0.19721577726218098 0.037721324095458045 0.05104408352668213
2 0.4095458044649731 0.18909512761020883 0.03541185527328714 0.04176334106728538
4 0.38183217859892227 0.24071925754060325 0.029253271747498075 0.022041763341067284
2 0.3406466512702079 0.2273781902552204 0.04080061585835258 0.04176334106728538
6 0.8598922247882987 0.9327146171693735 0.18629715165511931 0.13225058004640372
4 0.8044649730561971 0.7801624129930395 0.1462663587374904 0.20765661252900233
4 0.9080061585835257 0.7784222737819025 0.13933795227097767 0.19489559164733178
4 0.9665127020785219 0.7470997679814385 0.06543494996150885 0.16241299303944315
4 0.7274826789838337 0.6948955916473318 0.10469591993841416 0.14617169373549885
6 0.8352578906851424 0.6374709976798144 0.1308698999230177 0.11252900232018562
4 0.9322555812163202 0.644431554524362 0.1077752117013087 0.10092807424593968
4 0.9692070823710547 0.5638051044083526 0.06004618937644342 0.11600928074245939
4 0.6797536566589685 0.5939675174013921 0.08929946112394149 0.08352668213457076
4 0.7852193995381063 0.5568445475638051 0.09083910700538876 0.11136890951276102
4 0.8914549653579676 0.5817865429234339 0.08929946112394149 0.06844547563805105
4 0.6593533487297921 0.5243619489559165 0.09314857582755966 0.1136890951276102
4 0.7328714395688991 0.5290023201856149 0.06774441878367975 0.0951276102088167
4 0.8560431100846805 0.5423433874709976 0.08468052347959969 0.07308584686774942
4 0.8610469591993841 0.5040603248259861 0.08545034642032333 0.0777262180974478
4 0.7170900692840647 0.4605568445475638 0.0731331793687452 0.0765661252900232
4 0.8198614318706697 0.4547563805104408 0.07390300230946882 0.07424593967517401
4 0.6959199384141648 0.4147331786542923 0.050808314087759814 0.08236658932714618
4 0.7959969207082371 0.42691415313225056 0.06004618937644342 0.09280742459396751
4 0.7551963048498845 0.4025522041763341 0.03541185527328714 0.07192575406032482
4 0.6177829099307159 0.43213457076566125 0.04387990762124711 0.06612529002320186
4 0.6285604311008468 0.4779582366589327 0.057736720554272515 0.04408352668213457
4 0.5862201693610469 0.4037122969837587 0.04387990762124711 0.058004640371229696
4 0.6578137028483448 0.40835266821345706 0.03464203233256351 0.06496519721577726
2 0.6566589684372595 0.3404872389791183 0.07852193995381063 0.11716937354988399
2 0.5727482678983834 0.32308584686774944 0.07082371054657428 0.0962877030162413
2 0.567359507313318 0.20823665893271462 0.03849114703618168 0.06612529002320186
4 0.10049268668206313 0.3762529002320185 0.02509622786759046 0.08430394431554519
4 0.15949961508852964 0.37122969837587005 0.02404926866820632 0.07734338747099763
4 0.19439568899153198 0.35537122969837587 0.019930715935334884 0.061102088167053314
4 0.9565050038491147 0.4481786542923434 0.020923787528868233 0.08738979118329471
4 0.9016012317167053 0.41415313225058004 0.015812163202463404 0.07346867749419958
4 0.9236643571978445 0.4160904872389791 0.019083910700538848 0.07424593967517401
4 0.8379753656658968 0.37935034802784223 0.017890685142417075 0.07346867749419958
4 0.8800461893764435 0.40680974477958237 0.01787528868360262 0.06960556844547564
4 0.4012471131639723 0.11204176334106729 0.013741339491916789 0.05190255220417635
4 0.43709776751347185 0.11204176334106729 0.01008468052347953 0.05312064965197215
4 0.029753656658968435 0.4791183294663573 0.02761354888375673 0.08584686774941995