2 0.9103156274056967 0.7517401392111369 0.17936874518860663 0.45707656612529
4 0.5053887605850654 0.9535962877030162 0.1562740569668976 0.09048723897911833
4 0.7086220169361047 0.877030162412993 0.13933795227097767 0.1925754060324826
4 0.5200153964588144 0.8010440835266821 0.12240184757505773 0.16357308584686775
4 0.7990762124711316 0.6647331786542924 0.05850654349499615 0.14385150812064965
4 0.5034642032332564 0.675754060324826 0.10161662817551963 0.12645011600928074
6 0.7236335642802155 0.7082366589327146 0.10007698229407236 0.1728538283062645
6 0.6939953810623557 0.6467517401392111 0.09776751347190146 0.13109048723897912
6 0.8002309468822171 0.5568445475638051 0.07467282525019246 0.1136890951276102
4 0.6262509622786759 0.5910672853828306 0.08391070053887606 0.10092807424593968
8 0.5196304849884527 0.5771461716937355 0.06774441878367975 0.08932714617169374
2 0.6524249422632794 0.47041763341067283 0.10546574287913779 0.16357308584686775
4 0.5142417244033872 0.5394431554524362 0.07852193995381063 0.11600928074245939
4 0.5280985373364127 0.511600928074246 0.06774441878367975 0.08584686774941995
6 0.7628945342571208 0.48259860788863107 0.07082371054657428 0.09744779582366589
4 0.5269438029253272 0.4593967517401392 0.06235565819861432 0.03480278422273782
6 0.7444187836797537 0.43445475638051045 0.06312548113933796 0.08700696055684455
8 0.7844495765973826 0.4037122969837587 0.029253271747498075 0.08352668213457076
4 0.7890685142417244 0.31960556844547566 0.03541185527328714 0.04524361948955916
2 0.7170900692840647 0.37354988399071926 0.10854503464203233 0.15777262180974477
4 0.6220169361046959 0.3834106728538283 0.06774441878367975 0.11716937354988399
4 0.5423402617397999 0.4466357308584687 0.057736720554272515 0.06728538283062645
4 0.537721324095458 0.4066125290023202 0.06389530408006158 0.06380510440835267
2 0.6339491916859122 0.3138051044083527 0.06543494996150885 0.04060324825986079
4 0.5415704387990762 0.361368909512761 0.04849884526558892 0.02668213457076566
2 0.7020785219399538 0.28248259860788866 0.06620477290223249 0.029002320185614848
6 0.546189376443418 0.2691415313225058 0.05003849114703618 0.06960556844547564
2 0.6247113163972287 0.19721577726218098 0.037721324095458045 0.05104408352668213
2 0.590454195535027 0.18909512761020883 0.03541185527328714 0.04176334106728538
4 0.6181678214010777 0.24071925754060325 0.029253271747498075 0.022041763341067284
2 0.6593533487297921 0.2273781902552204 0.04080061585835258 0.04176334106728538
6 0.1401077752117013 0.9327146171693735 0.18629715165511931 0.13225058004640372
4 0.19553502694380293 0.7801624129930395 0.1462663587374904 0.20765661252900233
4 0.09199384141647421 0.7784222737819025 0.13933795227097767 0.19489559164733178
4 0.03348729792147806 0.7470997679814385 0.06543494996150885 0.16241299303944315
4 0.27251732101616627 0.6948955916473318 0.10469591993841416 0.14617169373549885
6 0.16474210931485758 0.6374709976798144 0.1308698999230177 0.11252900232018562
4 0.06774441878367975 0.644431554524362 0.1077752117013087 0.10092807424593968
4 0.030792917628945343 0.5638051044083526 0.06004618937644342 0.11600928074245939
4 0.3202463433410316 0.5939675174013921 0.08929946112394149 0.08352668213457076
4 0.21478060046189376 0.5568445475638051 0.09083910700538876 0.11136890951276102
4 0.10854503464203233 0.5817865429234339 0.08929946112394149 0.06844547563805105
4 0.3406466512702079 0.5243619489559165 0.09314857582755966 0.1136890951276102
4 0.26712856043110084 0.5290023201856149 0.06774441878367975 0.0951276102088167
4 0.14395688991531946 0.5423433874709976 0.08468052347959969 0.07308584686774942
4 0.13895304080061585 0.5040603248259861 0.08545034642032333 0.0777262180974478
4 0.28290993071593534 0.4605568445475638 0.0731331793687452 0.0765661252900232
4 0.18013856812933027 0.4547563805104408 0.07390300230946882 0.07424593967517401
4 0.3040800615858353 0.4147331786542923 0.050808314087759814 0.08236658932714618
4 0.2040030792917629 0.42691415313225056 0.06004618937644342 0.09280742459396751
4 0.24480369515011546 0.4025522041763341 0.03541185527328714 0.07192575406032482
4 0.38221709006928406 0.43213457076566125 0.04387990762124711 0.06612529002320186
4 0.3714395688991532 0.4779582366589327 0.057736720554272515 0.04408352668213457
4 0.413779830638953 0.4037122969837587 0.04387990762124711 0.058004640371229696
4 0.3421862971516551 0.40835266821345706 0.03464203233256351 0.06496519721577726
2 0.3433410315627406 0.3404872389791183 0.07852193995381063 0.11716937354988399
2 0.42725173210161665 0.32308584686774944 0.07082371054657428 0.0962877030162413
2 0.4326404926866821 0.20823665893271462 0.03849114703618168 0.06612529002320186
4 0.8995073133179369 0.3762529002320185 0.025096227867590384 0.08430394431554519
4 0.8405003849114703 0.37122969837587005 0.024049268668206145 0.07734338747099763
4 0.8056043110084681 0.35537122969837587 0.019930715935334777 0.061102088167053314
4 0.0434949961508853 0.4481786542923434 0.020923787528868233 0.08738979118329471
4 0.09839876828329479 0.41415313225058004 0.015812163202463404 0.07346867749419958
4 0.07633564280215557 0.4160904872389791 0.019083910700538848 0.07424593967517401
4 0.1620246343341032 0.37935034802784223 0.017890685142417075 0.07346867749419958
4 0.11995381062355653 0.40680974477958237 0.01787528868360262 0.06960556844547564
4 0.5987528868360277 0.11204176334106729 0.013741339491916789 0.05190255220417635
4 0.5629022324865282 0.11204176334106729 0.01008468052347953 0.05312064965197215
4 0.9702463433410315 0.4791183294663573 0.027613548883756653 0.08584686774941995