2 0.8156274056966898 0.8791907514450867 0.13933795227097767 0.2115606936416185
2 0.6404926866820632 0.846242774566474 0.11855273287143957 0.19421965317919074
8 0.6204772902232486 0.9635838150289018 0.06928406466512702 0.058959537572254334
8 0.5823710546574288 0.9364161849710982 0.06697459584295612 0.11329479768786127
8 0.5296381832178599 0.8653179190751445 0.050808314087759814 0.10751445086705202
4 0.45842956120092376 0.8456647398843931 0.07159353348729793 0.11445086705202312
2 0.6920708237105466 0.769364161849711 0.08622016936104696 0.15375722543352602
2 0.485373364126251 0.6976878612716763 0.06081601231716705 0.12369942196531791
6 0.5592763664357198 0.8011560693641618 0.054657428791377985 0.12023121387283237
4 0.4753656658968437 0.7728323699421965 0.053117782909930716 0.06589595375722543
2 0.5916089299461124 0.7057803468208093 0.07467282525019246 0.07514450867052024
4 0.5415704387990762 0.7098265895953757 0.02848344880677444 0.05086705202312139
4 0.5350269438029254 0.6820809248554913 0.03387220939183987 0.04161849710982659
2 0.6828329484218629 0.7005780346820809 0.10931485758275597 0.09017341040462427
2 0.6601231716705158 0.653757225433526 0.07621247113163972 0.03121387283236994
2 0.6339491916859122 0.6375722543352601 0.04541955350269438 0.056647398843930635
2 0.5989222478829869 0.6028901734104046 0.04311008468052348 0.047398843930635835
2 0.577752117013087 0.6098265895953757 0.03926096997690531 0.035838150289017344
4 0.531562740569669 0.6601156069364161 0.03156274056966898 0.020809248554913295
6 0.5331023864511163 0.630635838150289 0.03464203233256351 0.04971098265895954
4 0.02617397998460354 0.9219653179190751 0.050808314087759814 0.06820809248554913
4 0.09507313317936875 0.9601156069364162 0.09930715935334873 0.07745664739884393
4 0.1901462663587375 0.9763005780346821 0.1077752117013087 0.04508670520231214
4 0.15204003079291764 0.8763005780346821 0.0869899923017706 0.09248554913294797
4 0.2228637413394919 0.9138728323699422 0.10392609699769054 0.1606936416184971
4 0.0939183987682833 0.8260115606936416 0.09545804464973057 0.14682080924855492
4 0.2294072363356428 0.7913294797687861 0.08468052347959969 0.09364161849710982
4 0.1724403387220939 0.7832369942196532 0.07082371054657428 0.10520231213872833
4 0.21401077752117012 0.707514450867052 0.04003079291762895 0.048554913294797684
4 0.24942263279445728 0.7427745664739884 0.06312548113933796 0.07514450867052024
4 0.2852193995381062 0.869942196531792 0.0731331793687452 0.11445086705202312
4 0.3083140877598152 0.8213872832369942 0.07467282525019246 0.08439306358381503
4 0.3391070053887606 0.7728323699421965 0.059276366435719784 0.07514450867052024
4 0.3533487297921478 0.7260115606936416 0.05542725173210162 0.07398843930635839
8 0.2513471901462664 0.6930635838150289 0.03156274056966898 0.028901734104046242
8 0.28329484218629714 0.6867052023121387 0.023094688221709007 0.055491329479768786
4 0.33371824480369516 0.684971098265896 0.042340261739799843 0.06358381502890173
4 0.3852963818321786 0.7167630057803468 0.02848344880677444 0.06011560693641618
4 0.38953040800615857 0.6965317919075145 0.03849114703618168 0.047398843930635835
4 0.405635103926097 0.6566473988439306 0.047859892224788356 0.04161849710982659
4 0.35873749037721325 0.6358381502890174 0.03233256351039261 0.03236994219653179
8 0.3972286374133949 0.5936416184971098 0.015396458814472672 0.026589595375722544
4 0.3745188606620477 0.6179190751445087 0.025404157043879907 0.026589595375722544
4 0.4311008468052348 0.6219653179190752 0.024634334103156273 0.03468208092485549
4 0.4337952270977675 0.5913294797687861 0.020785219399538105 0.026589595375722544
2 0.36605080831408776 0.5901734104046242 0.02386451116243264 0.04971098265895954
8 0.39145496535796764 0.5861271676300578 0.01308698999230177 0.025433526011560695
2 0.3302540415704388 0.5959537572254335 0.03233256351039261 0.056647398843930635
2 0.2925327174749808 0.630057803468208 0.049268668206312545 0.07167630057803469
2 0.5792917628945342 0.576300578034682 0.03156274056966898 0.019653179190751446
2 0.5161662817551963 0.5549132947976878 0.01924557351809084 0.020809248554913295
2 0.546189376443418 0.5497109826589596 0.025404157043879907 0.04971098265895954
4 0.476905311778291 0.5895953757225434 0.022324865280985373 0.020809248554913295
4 0.5092378752886836 0.6294797687861272 0.01308698999230177 0.03121387283236994
6 0.4869130100076982 0.6213872832369942 0.02848344880677444 0.035838150289017344
4 0.40877598152424943 0.5780346820809249 0.012317167051578136 0.020809248554913295
4 0.5458044649730562 0.584971098265896 0.013856812933025405 0.009248554913294798
4 0.7460354118552733 0.6856184971098265 0.014926866820631332 0.05973410404624286
4 0.6707775211701308 0.6159306358381502 0.012332563510392596 0.02697109826589587
4 0.7141801385681293 0.6496416184971099 0.011070053887605935 0.03018497109826578
4 0.6314395688991532 0.5966589595375723 0.011462663587374806 0.025687861271676334
4 0.1359430331023864 0.6858265895953757 0.012155504234026147 0.03876300578034679
4 0.19253271747498069 0.6718843930635837 0.010361816782140135 0.040127167630057844
4 0.10623556581986143 0.7287398843930636 0.013433410315627265 0.05284393063583819
4 0.08740569668976132 0.7312138728323699 0.019199384141647464 0.055329479768786015
4 0.056204772902232476 0.75 0.013964588144726614 0.059872832369942154
4 0.22830638953040805 0.6315028901734104 0.012894534257120862 0.028485549132948092
4 0.8943879907621247 0.8030867052023121 0.018914549653579804 0.07861271676300578
4 0.8651347190146266 0.7699421965317919 0.02301000769822931 0.038531791907514365
4 0.15693610469591987 0.669606936416185 0.013294842186297137 0.027375722543352674