8 0.75 0.7915708812260537 0.16666666666666666 0.18850574712643678
8 0.6597222222222222 0.6068965517241379 0.08333333333333333 0.08888888888888889
8 0.4398148148148148 0.6007662835249042 0.08333333333333333 0.0735632183908046
8 0.24768518518518517 0.9019157088122606 0.2222222222222222 0.1946360153256705
4 0.3645833333333333 0.6973180076628352 0.17824074074074073 0.13486590038314175
2 0.6159722222222223 0.5090191570881226 0.10385416666666669 0.09951724137931026
4 0.11458333333333333 0.825287356321839 0.22916666666666666 0.23141762452107278
4 0.22569444444444445 0.617624521072797 0.14583333333333334 0.11647509578544062
4 0.5347222222222222 0.617624521072797 0.125 0.12873563218390804
4 0.4849537037037037 0.8199233716475096 0.24305555555555555 0.31264367816091954
4 0.36342592592592593 0.5877394636015326 0.10648148148148148 0.07509578544061303
6 0.4837962962962963 0.5026819923371647 0.0787037037037037 0.07049808429118774
4 0.38039351851851855 0.5279540229885058 0.07622685185185187 0.0449042145593869
4 0.05324074074074074 0.6076628352490422 0.10648148148148148 0.07203065134099616
7 0.014768518518518518 0.5590727969348659 0.029537037037037035 0.024321839080459776
8 0.03847222222222223 0.505264367816092 0.046689814814814816 0.030367816091954106
4 0.17476851851851852 0.514176245210728 0.05787037037037037 0.03524904214559387
4 0.2523148148148148 0.4888888888888889 0.05092592592592592 0.03984674329501916
8 0.542974537037037 0.49144061302681996 0.034722222222222224 0.038620689655172485
2 0.48032407407407407 0.43831417624521074 0.03935185185185185 0.0367816091954023
4 0.3715277777777778 0.4789272030651341 0.04861111111111111 0.03218390804597701
7 0.2013888888888889 0.47509578544061304 0.027777777777777776 0.027586206896551724
4 0.778136574074074 0.5246283524904214 0.032858796296296414 0.04324137931034488
4 0.08623842592592593 0.4975402298850574 0.019768518518518532 0.02627586206896549
4 0.16393518518518516 0.4700842911877395 0.018622685185185155 0.02062835249042151
4 0.19119212962962961 0.4648199233716475 0.010810185185185157 0.018781609195402293
4 0.6591898148148148 0.4616858237547893 0.015520833333333428 0.02210727969348652
4 0.013217592592592593 0.5417471264367816 0.026435185185185187 0.021111111111111077