3 0.65703125 0.32890625 0.153125 0.1125
3 0.834375 0.3375 0.146875 0.0984375
3 0.83359375 0.44609375 0.16875 0.1109375
3 0.6625 0.55390625 0.1578125 0.1015625
3 0.64765625 0.659375 0.1625 0.09375
3 0.6453125 0.76640625 0.153125 0.0984375
3 0.81953125 0.7640625 0.1640625 0.1
3 0.26953125 0.75546875 0.1609375 0.10625
3 0.11171875 0.759375 0.1515625 0.08125
3 0.11015625 0.65546875 0.1515625 0.065625
3 0.27109375 0.64453125 0.1625 0.103125
3 0.1078125 0.53359375 0.1609375 0.090625
3 0.284375 0.5390625 0.1703125 0.096875
3 0.11328125 0.4078125 0.1578125 0.1046875
3 0.28515625 0.20859375 0.178125 0.1171875
3 0.29140625 0.10078125 0.1671875 0.1015625