3 0.65078125 0.3234375 0.15 0.10703125
3 0.828125 0.32578125 0.14296875 0.09375
3 0.83125 0.434375 0.16484375 0.10546875
3 0.6640625 0.5484375 0.15390625 0.09609375
3 0.653125 0.65390625 0.16015625 0.0875
3 0.6546875 0.7609375 0.15 0.09375
3 0.82890625 0.753125 0.16015625 0.09453125
3 0.27890625 0.76328125 0.1578125 0.1015625
3 0.12109375 0.77265625 0.1484375 0.07578125
3 0.115625 0.66875 0.15 0.0609375
3 0.2765625 0.65234375 0.159375 0.09765625
3 0.109375 0.546875 0.15859375 0.08515625
3 0.2859375 0.546875 0.16796875 0.090625
3 0.11015625 0.42109375 0.15390625 0.09921875
3 0.275 0.21640625 0.17421875 0.11171875
3 0.27734375 0.10859375 0.1640625 0.09609375