3 0.6046875 0.8515625 0.175 0.2390625
3 0.275 0.70078125 0.1546875 0.2015625
3 0.48828125 0.8390625 0.1921875 0.284375
3 0.1578125 0.67734375 0.196875 0.296875
3 0.9515625 0.34375 0.096875 0.265625
3 0.60546875 0.35 0.1875 0.2515625
3 0.896875 0.26953125 0.1765625 0.2875
3 0.79296875 0.2015625 0.1671875 0.265625
3 0.5765625 0.11328125 0.15625 0.2265625
3 0.475 0.0796875 0.128125 0.159375
3 0.3671875 0.0671875 0.15 0.134375
3 0.2609375 0.0359375 0.125 0.071875
3 0.03671875 0.5171875 0.0734375 0.196875
3 0.09609375 0.60546875 0.1921875 0.3265625
3 0.37578125 0.765625 0.1859375 0.3140625
3 0.7046875 0.89765625 0.15625 0.2046875
3 0.79921875 0.90859375 0.1859375 0.1828125