3 0.65234375 0.83359375 0.1453125 0.2203125
3 0.30546875 0.73046875 0.1296875 0.1859375
3 0.5359375 0.8375 0.15625 0.265625
3 0.1859375 0.7234375 0.159375 0.278125
3 0.94609375 0.28046875 0.10390625 0.25390625
3 0.58359375 0.33671875 0.15703125 0.23203125
3 0.8609375 0.21640625 0.140625 0.27109375
3 0.7484375 0.1640625 0.134375 0.24921875
3 0.52265625 0.10625 0.128125 0.2125
3 0.415625 0.08046875 0.10703125 0.1609375
3 0.30625 0.07421875 0.13046875 0.1484375
3 0.1953125 0.0515625 0.11171875 0.103125
3 0.034375 0.58359375 0.06796875 0.18984375
3 0.0953125 0.66328125 0.190625 0.30234375
3 0.4140625 0.78046875 0.1453125 0.296875
3 0.7609375 0.88359375 0.12578125 0.225
3 0.8578125 0.890625 0.15625 0.21875