3 0.634375 0.84140625 0.15625 0.228125
3 0.29375 0.7203125 0.1390625 0.1921875
3 0.51796875 0.8390625 0.1703125 0.2734375
3 0.175 0.70703125 0.1734375 0.2859375
3 0.94921875 0.303125 0.1015625 0.259375
3 0.5921875 0.34140625 0.16875 0.240625
3 0.875 0.2359375 0.1546875 0.278125
3 0.765625 0.17734375 0.146875 0.25625
3 0.54296875 0.10859375 0.1390625 0.2171875
3 0.4375 0.0796875 0.115625 0.159375
3 0.328125 0.07109375 0.1375 0.1421875
3 0.21953125 0.0453125 0.1171875 0.090625
3 0.034375 0.559375 0.06875 0.19375
3 0.0953125 0.6421875 0.190625 0.3125
3 0.39921875 0.77578125 0.1609375 0.3046875
3 0.740625 0.890625 0.1375 0.21875
3 0.83671875 0.89765625 0.1671875 0.2046875