3 0.353125 0.875 0.125 0.2140625
3 0.703125 0.72578125 0.13125 0.1828125
3 0.26015625 0.2265625 0.1 0.175
3 0.82421875 0.4734375 0.11875 0.1796875
3 0.43359375 0.70859375 0.1328125 0.18125
3 0.61640625 0.7046875 0.1234375 0.165625
3 0.49375 0.40625 0.1109375 0.14375
3 0.64296875 0.29453125 0.096875 0.1578125
3 0.0609375 0.81171875 0.121875 0.2265625
3 0.88515625 0.77421875 0.13125 0.159375
3 0.884375 0.33828125 0.10625 0.1328125
3 0.56875 0.28828125 0.096875 0.1390625
3 0.0796875 0.3125 0.1171875 0.2203125
3 0.4546875 0.88125 0.13125 0.228125
3 0.15625 0.640625 0.115625 0.2015625
3 0.15546875 0.0359375 0.0828125 0.071875
3 0.34921875 0.68359375 0.1296875 0.20625
3 0.95546875 0.15 0.0890625 0.134375
3 0.54375 0.07265625 0.090625 0.1453125
3 0.3796875 0.05859375 0.1 0.1171875
3 0.6640625 0.43515625 0.109375 0.1921875
3 0.8296875 0.1234375 0.0984375 0.1546875
3 0.09921875 0.03203125 0.0578125 0.0640625
3 0.46875 0.06484375 0.09375 0.1296875
3 0.75546875 0.11015625 0.10625 0.15625
3 0.98828125 0.384375 0.0234375 0.14375
3 0.2515625 0.83828125 0.1359375 0.2375
3 0.23125 0.04140625 0.0875 0.0828125
3 0.72265625 0.328125 0.1109375 0.1453125
3 0.578125 0.428125 0.10625 0.1609375
3 0.1578125 0.82890625 0.125 0.2265625
3 0.68984375 0.1015625 0.0953125 0.15
3 0.91328125 0.49609375 0.125 0.1890625
4 0.8828125 0.64453125 0.05 0.1171875
3 0.471875 0.28515625 0.1265625 0.15
3 0.80078125 0.3234375 0.1140625 0.1671875
3 0.90078125 0.90859375 0.0984375 0.1828125
3 0.80625 0.75390625 0.1328125 0.1703125
3 0.93671875 0.78203125 0.0671875 0.1515625
3 0.54140625 0.86875 0.1375 0.2140625
3 0.63828125 0.8875 0.1390625 0.215625
3 0.7328125 0.90390625 0.134375 0.1921875
3 0.81875 0.90390625 0.1375 0.1921875
3 0.61875 0.09296875 0.0875 0.1578125
3 0.9703125 0.5328125 0.059375 0.178125