3 0.38671875 0.884375 0.109375 0.2125
3 0.6328125 0.69296875 0.1140625 0.1625
3 0.2375 0.2484375 0.0859375 0.171875
3 0.8234375 0.44609375 0.10625 0.175
3 0.45234375 0.71328125 0.11875 0.171875
3 0.9046875 0.74140625 0.1140625 0.1453125
3 0.48515625 0.40625 0.1 0.1390625
3 0.65703125 0.42109375 0.096875 0.1875
3 0.08671875 0.84921875 0.1125 0.221875
3 0.065625 0.3484375 0.0984375 0.2171875
3 0.625 0.2828125 0.084375 0.153125
3 0.91171875 0.459375 0.1109375 0.1859375
3 0.55078125 0.2828125 0.0875 0.1359375
3 0.1140625 0.05078125 0.071875 0.1015625
3 0.87109375 0.30390625 0.09375 0.125
3 0.3640625 0.69609375 0.1171875 0.2
3 0.92890625 0.11015625 0.090625 0.1265625
3 0.50703125 0.0703125 0.0765625 0.140625
3 0.48671875 0.88359375 0.1171875 0.221875
3 0.0546875 0.0484375 0.04375 0.096875
3 0.340625 0.06328125 0.090625 0.1265625
3 0.1875 0.05390625 0.075 0.1078125
3 0.171875 0.66875 0.103125 0.1984375
3 0.43046875 0.065625 0.0859375 0.13125
3 0.9796875 0.115625 0.040625 0.128125
3 0.98515625 0.34140625 0.0296875 0.1453125
3 0.45859375 0.2859375 0.10625 0.1375
3 0.27890625 0.85859375 0.121875 0.23125
3 0.70625 0.309375 0.1 0.1390625
3 0.72265625 0.08984375 0.090625 0.15
3 0.79453125 0.09765625 0.0921875 0.153125
3 0.57109375 0.42109375 0.096875 0.1578125
3 0.653125 0.0859375 0.0921875 0.1515625
3 0.18515625 0.8578125 0.1125 0.221875
3 0.7859375 0.30078125 0.1046875 0.1609375
4 0.0109375 0.540625 0.021875 0.121875
3 0.93671875 0.89453125 0.0796875 0.2109375
3 0.82578125 0.734375 0.1328125 0.1734375
3 0.5734375 0.86796875 0.1171875 0.2125
3 0.6703125 0.8765625 0.11875 0.2125
3 0.7671875 0.896875 0.115625 0.20625
3 0.86328125 0.89296875 0.125 0.2140625
3 0.93984375 0.31484375 0.0953125 0.134375
3 0.9625 0.73828125 0.0484375 0.140625