3 0.4203125 0.89296875 0.09140625 0.2046875
3 0.64921875 0.68046875 0.10078125 0.15390625
3 0.21640625 0.27265625 0.071875 0.165625
3 0.8171875 0.41796875 0.09140625 0.16796875
3 0.47109375 0.71640625 0.10546875 0.16328125
3 0.92421875 0.70546875 0.103125 0.13671875
3 0.47734375 0.4078125 0.0890625 0.13203125
3 0.64921875 0.4078125 0.08203125 0.18046875
3 0.11875 0.88359375 0.09375 0.2140625
3 0.05390625 0.38671875 0.0796875 0.21171875
3 0.60546875 0.27265625 0.071875 0.146875
3 0.90625 0.4234375 0.09609375 0.178125
3 0.53125 0.27890625 0.0765625 0.1296875
3 0.0765625 0.0796875 0.0625 0.1109375
3 0.85234375 0.27265625 0.084375 0.11796875
3 0.38203125 0.70703125 0.10078125 0.1921875
3 0.89296875 0.07421875 0.0796875 0.1203125
3 0.4703125 0.07109375 0.06484375 0.13671875
3 0.5203125 0.88359375 0.0984375 0.2140625
3 0.0171875 0.078125 0.03359375 0.11796875
3 0.30390625 0.07578125 0.0796875 0.12734375
3 0.15 0.0734375 0.06484375 0.12265625
3 0.1875 0.696875 0.08671875 0.1921875
3 0.39296875 0.06953125 0.07421875 0.134375
3 0.96484375 0.0734375 0.06953125 0.12265625
3 0.98046875 0.29921875 0.03828125 0.1421875
3 0.43984375 0.290625 0.09609375 0.1296875
3 0.3109375 0.8765625 0.103125 0.2234375
3 0.6890625 0.2921875 0.0890625 0.13203125
3 0.6859375 0.071875 0.078125 0.14375
3 0.75859375 0.0734375 0.07890625 0.146875
3 0.5640625 0.41484375 0.084375 0.1515625
3 0.61640625 0.07421875 0.0796875 0.14453125
3 0.2171875 0.88359375 0.09375 0.2140625
3 0.7671875 0.2765625 0.09140625 0.15390625
4 0.0109375 0.584375 0.021875 0.1203125
3 0.96953125 0.85859375 0.0609375 0.2140625
3 0.8453125 0.7046875 0.11953125 0.16328125
3 0.60546875 0.86015625 0.09921875 0.2046875
3 0.70234375 0.86015625 0.10078125 0.2046875
3 0.80078125 0.875 0.09765625 0.2046875
3 0.89609375 0.86015625 0.10703125 0.20546875
3 0.921875 0.27734375 0.08515625 0.12734375
3 0.98125 0.696875 0.03671875 0.1375