3 0.40703125 0.88984375 0.0984375 0.2078125
3 0.64296875 0.6859375 0.10625 0.1578125
3 0.22421875 0.26328125 0.078125 0.16875
3 0.81953125 0.42890625 0.096875 0.1703125
3 0.46328125 0.715625 0.1109375 0.1671875
3 0.91640625 0.7203125 0.1078125 0.140625
3 0.48046875 0.40703125 0.09375 0.134375
3 0.65234375 0.41328125 0.0875 0.1828125
3 0.10546875 0.8703125 0.1015625 0.2171875
3 0.0578125 0.37109375 0.0875 0.2140625
3 0.61328125 0.2765625 0.0765625 0.15
3 0.90859375 0.4375 0.1015625 0.18125
3 0.5390625 0.28046875 0.08125 0.1328125
3 0.09140625 0.06484375 0.065625 0.1125
3 0.86015625 0.28515625 0.0890625 0.1203125
3 0.375 0.703125 0.1078125 0.1953125
3 0.9078125 0.08828125 0.084375 0.1234375
3 0.48515625 0.0703125 0.0703125 0.1390625
3 0.50703125 0.884375 0.10625 0.2171875
3 0.03203125 0.06171875 0.0375 0.11875
3 0.31875 0.06953125 0.084375 0.1296875
3 0.1640625 0.06171875 0.06875 0.1234375
3 0.18046875 0.6859375 0.09375 0.1953125
3 0.4078125 0.0671875 0.078125 0.134375
3 0.97109375 0.0890625 0.0578125 0.125
3 0.9828125 0.315625 0.034375 0.14375
3 0.446875 0.28828125 0.1 0.1328125
3 0.29765625 0.86953125 0.1109375 0.2265625
3 0.69609375 0.29921875 0.09375 0.134375
3 0.70078125 0.07890625 0.0828125 0.146875
3 0.7734375 0.0828125 0.084375 0.15
3 0.5671875 0.4171875 0.0890625 0.1546875
3 0.63125 0.07890625 0.084375 0.146875
3 0.20390625 0.8734375 0.1015625 0.2171875
3 0.775 0.2859375 0.096875 0.15625
4 0.0109375 0.56640625 0.021875 0.1203125
3 0.95703125 0.875 0.06875 0.215625
3 0.83828125 0.71640625 0.125 0.1671875
3 0.59296875 0.86328125 0.10625 0.2078125
3 0.68984375 0.8671875 0.1078125 0.2078125
3 0.7875 0.88515625 0.1046875 0.2078125
3 0.88359375 0.8734375 0.1140625 0.209375
3 0.9296875 0.2921875 0.0890625 0.1296875
3 0.97421875 0.71328125 0.0421875 0.1390625