3 0.4609375 0.89609375 0.1125 0.2078125
3 0.6671875 0.6640625 0.115625 0.1640625
3 0.19453125 0.30390625 0.0890625 0.171875
3 0.80703125 0.38515625 0.1078125 0.1765625
3 0.49375 0.71796875 0.121875 0.1734375
3 0.9421875 0.659375 0.115625 0.146875
3 0.46796875 0.4109375 0.103125 0.140625
3 0.6390625 0.39296875 0.1 0.1875
3 0.1609375 0.9046875 0.115625 0.190625
3 0.04765625 0.4328125 0.0953125 0.21875
3 0.58125 0.2625 0.0875 0.153125
3 0.89609375 0.38125 0.1140625 0.1875
3 0.5078125 0.2765625 0.0890625 0.1375
3 0.0359375 0.12578125 0.071875 0.1171875
3 0.8265625 0.23671875 0.096875 0.1265625
3 0.4046875 0.71796875 0.1203125 0.2015625
3 0.84609375 0.04921875 0.0921875 0.0984375
3 0.42578125 0.0765625 0.078125 0.1421875
3 0.56015625 0.8796875 0.1203125 0.2234375
3 0.2609375 0.0984375 0.0921875 0.134375
3 0.10703125 0.1125 0.0765625 0.128125
3 0.21015625 0.728125 0.10625 0.2
3 0.3484375 0.0828125 0.0875 0.140625
3 0.9171875 0.04609375 0.08125 0.0921875
3 0.95703125 0.25 0.053125 0.1453125
3 0.41796875 0.2984375 0.109375 0.1390625
3 0.35078125 0.8890625 0.1265625 0.221875
3 0.66640625 0.2734375 0.103125 0.140625
3 0.63984375 0.06484375 0.0921875 0.1296875
3 0.7125 0.0625 0.09375 0.125
3 0.5546875 0.40859375 0.1 0.159375
3 0.5703125 0.06953125 0.09375 0.1390625
3 0.2578125 0.89921875 0.115625 0.2015625
3 0.7421875 0.25 0.10625 0.1625
4 0.02265625 0.63515625 0.034375 0.121875
3 0.98125 0.8078125 0.0375 0.21875
3 0.86484375 0.6671875 0.1359375 0.175
3 0.6421875 0.846875 0.1203125 0.2140625
3 0.7390625 0.83671875 0.121875 0.2140625
3 0.83828125 0.84140625 0.11875 0.2140625
3 0.93125 0.81640625 0.128125 0.215625
3 0.89609375 0.234375 0.0984375 0.1359375
3 0.98671875 0.6453125 0.0265625 0.140625