3 0.4203125 0.89453125 0.09140625 0.2015625
3 0.7390625 0.6875 0.103125 0.16796875
3 0.21640625 0.27265625 0.071875 0.165625
3 0.81484375 0.4171875 0.09140625 0.165625
3 0.47109375 0.7171875 0.10546875 0.165625
3 0.65 0.68125 0.0984375 0.1515625
3 0.47734375 0.40859375 0.0890625 0.1296875
3 0.60546875 0.27265625 0.071875 0.146875
3 0.11875 0.88359375 0.09375 0.2140625
3 0.9265625 0.703125 0.1078125 0.1421875
3 0.85078125 0.27421875 0.08671875 0.1203125
3 0.53125 0.2796875 0.0765625 0.12734375
3 0.053125 0.38828125 0.08203125 0.209375
3 0.521875 0.88359375 0.09609375 0.2140625
3 0.1859375 0.6984375 0.084375 0.18984375
3 0.07578125 0.078125 0.06484375 0.11328125
3 0.38359375 0.70703125 0.0984375 0.1921875
3 0.89453125 0.07578125 0.08203125 0.12265625
3 0.46875 0.07109375 0.0671875 0.13671875
3 0.30390625 0.0765625 0.0796875 0.125
3 0.65 0.4078125 0.0796875 0.18046875
3 0.96484375 0.071875 0.06953125 0.125
3 0.759375 0.071875 0.075 0.14375
3 0.01796875 0.07578125 0.0359375 0.12734375
3 0.3921875 0.06953125 0.071875 0.134375
3 0.68359375 0.071875 0.0828125 0.14375
3 0.98046875 0.2984375 0.03828125 0.1390625
3 0.3140625 0.8765625 0.0984375 0.2234375
3 0.1515625 0.07109375 0.0671875 0.12265625
3 0.6890625 0.2921875 0.0890625 0.13203125
3 0.56484375 0.415625 0.08203125 0.14921875
3 0.2203125 0.88359375 0.0890625 0.2140625
3 0.61796875 0.07421875 0.071875 0.1390625
3 0.90625 0.42421875 0.09609375 0.17578125
4 0.90234375 0.57578125 0.03125 0.11328125
3 0.43515625 0.29296875 0.10546875 0.134375
3 0.765625 0.27421875 0.0890625 0.15390625
3 0.96953125 0.85703125 0.0609375 0.2234375
3 0.8453125 0.696875 0.10859375 0.153125
3 0.97890625 0.7015625 0.0421875 0.14609375
3 0.6046875 0.85625 0.1046875 0.19921875
3 0.703125 0.8578125 0.10546875 0.2
3 0.80234375 0.86953125 0.10078125 0.203125
3 0.88828125 0.86328125 0.10078125 0.21953125
3 0.54609375 0.07890625 0.06328125 0.14921875
3 0.9765625 0.45 0.04609375 0.17265625