3 0.44765625 0.89765625 0.1046875 0.2046875
3 0.7515625 0.6703125 0.1140625 0.175
3 0.2015625 0.29296875 0.0828125 0.1703125
3 0.80859375 0.3953125 0.103125 0.171875
3 0.4859375 0.71875 0.1171875 0.171875
3 0.6625 0.6703125 0.109375 0.1578125
3 0.47109375 0.41015625 0.0984375 0.1359375
3 0.5890625 0.265625 0.08125 0.1515625
3 0.14609375 0.89921875 0.1078125 0.2015625
3 0.93984375 0.67265625 0.1171875 0.15
3 0.834375 0.25 0.0953125 0.1265625
3 0.515625 0.278125 0.0859375 0.1328125
3 0.046875 0.41953125 0.09375 0.2140625
3 0.5484375 0.88125 0.1109375 0.2203125
3 0.20078125 0.71953125 0.096875 0.1953125
3 0.04765625 0.10859375 0.071875 0.1171875
3 0.3984375 0.71484375 0.1109375 0.1984375
3 0.8640625 0.05625 0.090625 0.1125
3 0.4390625 0.07421875 0.0765625 0.140625
3 0.275 0.09140625 0.0875 0.1296875
3 0.64296875 0.39765625 0.0921875 0.1859375
3 0.9328125 0.05234375 0.078125 0.1046875
3 0.728125 0.0640625 0.084375 0.128125
3 0.00625 0.11015625 0.0125 0.1296875
3 0.3625 0.078125 0.08125 0.1390625
3 0.65234375 0.0671875 0.0921875 0.134375
3 0.965625 0.265625 0.0484375 0.140625
3 0.33984375 0.88671875 0.1140625 0.2265625
3 0.12265625 0.09609375 0.075 0.1265625
3 0.67421875 0.2796875 0.0984375 0.1375
3 0.55859375 0.4109375 0.0921875 0.1546875
3 0.246875 0.89609375 0.103125 0.2078125
3 0.5875 0.06953125 0.08125 0.1390625
3 0.9 0.39609375 0.1078125 0.1828125
4 0.90703125 0.54765625 0.0390625 0.115625
3 0.42109375 0.29765625 0.1140625 0.140625
3 0.74921875 0.25625 0.1 0.159375
3 0.97734375 0.82265625 0.0453125 0.2265625
3 0.85859375 0.67265625 0.11875 0.1609375
3 0.9828125 0.66796875 0.034375 0.1484375
3 0.62890625 0.8484375 0.11875 0.20625
3 0.72734375 0.84296875 0.11875 0.20625
3 0.82734375 0.84765625 0.1140625 0.209375
3 0.9125 0.83515625 0.115625 0.2265625
3 0.51640625 0.0765625 0.0734375 0.153125
3 0.97109375 0.4171875 0.0578125 0.175