6 0.37421875 0.51953125 0.090625 0.1734375
7 0.166140625 0.5614375 0.03073437499999998 0.07710937500000004
7 0.458859375 0.58696875 0.06145312500000007 0.08857812499999991
7 0.56484375 0.635390625 0.0578125 0.11203125000000007
6 0.0328125 0.58359375 0.065625 0.2234375
7 0.1015625 0.6541406249999999 0.0546875 0.13234375000000007
7 0.26875 0.68590625 0.0703125 0.15318749999999995
4 0.7546875 0.68203125 0.240625 0.3734375
4 0.611859375 0.640953125 0.06007812500000007 0.3579375000000001
4 0.27337500000000003 0.559734375 0.083109375 0.17676562499999998
4 0.56446875 0.5256406250000001 0.05281249999999993 0.11793750000000003
4 0.4569375 0.5308437500000001 0.04712499999999995 0.09710937499999997
4 0.10465625 0.5308437500000001 0.07067187499999998 0.12209374999999997