4 0.884765625 0.7535760728218466 0.109375 0.0611183355006502
4 0.76611328125 0.7048114434330299 0.0751953125 0.06501950585175553
4 0.70556640625 0.6710013003901171 0.0419921875 0.05201560468140442
4 0.6575585937499999 0.6345903771131339 0.0234375 0.031209362808842653
4 0.59716796875 0.6618985695708712 0.0380859375 0.03901170351105332
4 0.60693359375 0.7100130039011704 0.0322265625 0.05721716514954486
4 0.6614550781249999 0.7664759427828348 0.0576171875 0.07802340702210664
4 0.720703125 0.8777633289986996 0.109375 0.11963589076723016
4 0.62255859375 0.61703511053316 0.0341796875 0.014304291287386216
2 0.4521484375 0.5903771131339401 0.03125 0.06241872561768531
2 0.5380859375 0.6085825747724317 0.05078125 0.07022106631989597
6 0.453125 0.6664499349804941 0.033203125 0.07152145643693109
4 0.2815234375 0.7794148244473342 0.021455078125000027 0.06881664499349814
4 0.33990234374999995 0.7493498049414824 0.01619140624999993 0.05418725617685315
4 0.15863281250000005 0.7163589076723017 0.016621093749999982 0.04283485045513661
4 0.192265625 0.6592457737321197 0.011210937500000018 0.045227568270481106
4 0.5249902343749999 0.6478153446033811 0.017490234374999858 0.04291287386215865
4 0.5816210937499999 0.6075032509752926 0.010351562499999911 0.029037711313394072
4 0.7219140625 0.6974382314694408 0.015019531250000107 0.0511443433029908
4 0.475205078125 0.600299089726918 0.010634765625000098 0.028426527958387533