6 0.04372990353697749 0.6128254580520733 0.08745980707395498 0.19382835101253615
4 0.142443729903537 0.3524590163934426 0.06752411575562701 0.05689488910318226
4 0.20385852090032155 0.32256509161041463 0.04887459807073955 0.026036644165863067
8 0.21543408360128619 0.3592092574734812 0.033440514469453377 0.04918032786885246
8 0.2581993569131833 0.35294117647058826 0.03408360128617363 0.05400192864030858
4 0.40160771704180065 0.29508196721311475 0.031511254019292605 0.03857280617164899
4 0.1022508038585209 0.8982642237222758 0.2045016077170418 0.20154291224686596
4 0.2562700964630225 0.6702025072324012 0.13569131832797426 0.22757955641272903
4 0.34372990353697747 0.5821311475409836 0.07652733118971061 0.12343297974927676
4 0.36205787781350485 0.48553519768563164 0.07845659163987138 0.10703953712632594
4 0.40964630225080384 0.4570877531340405 0.027009646302250803 0.08100289296046287
4 0.4115755627009646 0.3939247830279653 0.05144694533762058 0.04725168756027001
4 0.4363344051446945 0.3659594985535198 0.04051446945337621 0.027965284474445518
4 0.447588424437299 0.33413693346190937 0.04244372990353698 0.04725168756027001
4 0.4787781350482315 0.3206364513018322 0.02122186495176849 0.054966248794599805
4 0.48038585209003215 0.2859209257473481 0.02572347266881029 0.01639344262295082
4 0.4890675241157556 0.26711668273866923 0.02508038585209003 0.02892960462873674
4 0.34019292604501605 0.9455159112825458 0.18006430868167203 0.10703953712632594
4 0.40192926045016075 0.7883317261330762 0.14919614147909968 0.23240115718418514
4 0.4237942122186495 0.6412729026036644 0.10032154340836012 0.07714561234329798
4 0.4495176848874598 0.5612343297974928 0.07845659163987138 0.08678881388621022
4 0.4453376205787781 0.4951783992285439 0.06109324758842444 0.05689488910318226
4 0.4816720257234727 0.4363548698167792 0.054019292604501605 0.06460945033751206
4 0.5041800643086817 0.38958534233365477 0.041157556270096464 0.040501446480231434
4 0.4919614147909968 0.3553519768563163 0.04372990353697749 0.027965284474445518
4 0.5215434083601286 0.34570877531340405 0.030868167202572346 0.041465766634522665
4 0.5186495176848874 0.30906460945033754 0.03536977491961415 0.027965284474445518
4 0.5315112540192926 0.2815814850530376 0.022508038585209004 0.02700096432015429
4 0.5289389067524116 0.25843780135004824 0.017363344051446947 0.013500482160077145
2 0.6022508038585209 0.24108003857280616 0.036655948553054665 0.044358727097396335
2 0.5762057877813505 0.274831243972999 0.04501607717041801 0.03664416586306654
2 0.5765273311897106 0.32786885245901637 0.05594855305466238 0.06943105110896818
2 0.6112540192926045 0.289778206364513 0.019935691318327974 0.05110896817743491
2 0.6469453376205788 0.3037608486017358 0.052733118971061095 0.04628736740597879
2 0.6646302250803858 0.381870781099325 0.08553054662379421 0.07328833172613308
2 0.7302250803858521 0.5004821600771456 0.10610932475884244 0.1677917068466731
4 0.8160771704180064 0.4648023143683703 0.0707395498392283 0.07714561234329798
8 0.8061093247588424 0.5631629701060752 0.04180064308681672 0.11957569913211186
8 0.8662379421221865 0.5424300867888139 0.05144694533762058 0.0626808100289296
8 0.8614147909967845 0.6012536162005786 0.06881028938906752 0.05110896817743491
8 0.8270096463022508 0.6706846673095468 0.0797427652733119 0.09739633558341369
8 0.917684887459807 0.6755062680810029 0.08745980707395498 0.1128254580520733
8 0.8707395498392283 0.7733847637415622 0.11446945337620579 0.10221793635486982
8 0.8993569131832797 0.8982642237222758 0.11511254019292605 0.15911282545805208
8 0.9196141479099679 0.9893924783027965 0.11189710610932475 0.019286403085824494
8 0.727652733118971 0.7647058823529411 0.08295819935691319 0.11186113789778207
8 0.7254019292604501 0.8510125361620058 0.08874598070739549 0.06075216972034716
4 0.9485530546623794 0.5520732883317261 0.09003215434083602 0.11668273866923819
4 0.8836012861736334 0.49662487945998074 0.06045016077170418 0.03085824493731919
4 0.702572347266881 0.6470588235294118 0.09581993569131833 0.13114754098360656
4 0.5688102893890675 0.40019286403085824 0.05852090032154341 0.06171648987463838
7 0.5752411575562701 0.44696239151398265 0.022508038585209004 0.024108003857280617
4 0.6077170418006431 0.4541947926711668 0.04630225080385852 0.02892960462873674
6 0.6006430868167203 0.4980713596914175 0.059163987138263666 0.033751205400192864
6 0.6270096463022508 0.5429122468659595 0.012861736334405145 0.055930568948891035
4 0.5887459807073955 0.5901639344262295 0.07395498392282958 0.15814850530376084
4 0.5270096463022508 0.5226615236258437 0.06366559485530547 0.10607521697203472
4 0.5839228295819936 0.7217936354869817 0.10546623794212219 0.09739633558341369
4 0.5707395498392283 0.837029893924783 0.13054662379421222 0.13114754098360656
8 0.6607717041800643 0.4927675988428158 0.03279742765273312 0.09643201542912247
2 0.7237942122186495 0.950337512054002 0.2771704180064309 0.09739633558341369
4 0.4408553054662379 0.43522661523625844 0.01709324758842439 0.05400192864030858
4 0.4575691318327974 0.4304050144648023 0.016225080385852103 0.0572131147540984
4 0.5780192926045017 0.4210896817743491 0.017897106109324712 0.02442622950819676
4 0.07772347266881029 0.4056605593056895 0.021376205787781346 0.06171648987463838
4 0.039144694533762056 0.43008678881388623 0.0137620578778135 0.05400192864030858
4 0.7939935691318328 0.8016972034715526 0.04028295819935683 0.06486981677917067
4 0.8102122186495178 0.8900192864030859 0.043491961414791065 0.05742526518804238
4 0.7606816720257235 0.42407907425265184 0.020418006430868166 0.0565477338476374