7 0.0961111111111111 0.775 0.19 0.44333333333333336
7 0.435 0.7758333333333334 0.25222222222222224 0.42833333333333334
7 0.25055555555555553 0.6358333333333334 0.10555555555555556 0.42833333333333334
7 0.6711111111111111 0.64 0.14888888888888888 0.37666666666666665
7 0.7966666666666666 0.585 0.10666666666666667 0.3466666666666667
7 0.8983333333333333 0.5025 0.08333333333333333 0.25833333333333336
7 0.98 0.4775 0.04 0.225
7 0.33055555555555555 0.43083333333333335 0.04777777777777778 0.095
4 0.8455555555555555 0.30083333333333334 0.07777777777777778 0.12166666666666667
4 0.45116666666666666 0.42618333333333336 0.1854 0.2857166666666667
4 0.10361111111111111 0.38689999999999997 0.16940000000000005 0.2738166666666666
4 0.677311111111111 0.3797666666666667 0.09185555555555563 0.1261833333333334
4 0.7765000000000001 0.3595166666666667 0.08078888888888892 0.11905000000000002
4 0.9002777777777777 0.33215 0.0649666666666667 0.11666666666666667
4 0.23215555555555561 0.3369 0.11232222222222213 0.1547666666666667
4 0.9740777777777777 0.3107166666666667 0.044355555555555634 0.11189999999999997
4 0.5932 0.2202333333333333 0.06008888888888906 0.13571666666666668