8 0.11143695014662756 0.8832116788321168 0.08602150537634409 0.14890510948905109
8 0.6427174975562072 0.5613138686131387 0.016617790811339198 0.030656934306569343
4 0.7800586510263929 0.8795620437956204 0.11730205278592376 0.1386861313868613
4 0.33528836754643204 0.7883211678832117 0.08211143695014662 0.10802919708029197
4 0.3396871945259042 0.6810218978102189 0.05180840664711633 0.06277372262773723
4 0.6314760508308895 0.6510948905109489 0.044965786901270774 0.049635036496350364
4 0.5791788856304986 0.5992700729927007 0.028347996089931573 0.03941605839416058
4 0.5161290322580645 0.5321167883211679 0.017595307917888565 0.01897810218978102
4 0.5972629521016618 0.5437956204379562 0.019550342130987292 0.021897810218978103
4 0.44623655913978494 0.6 0.022482893450635387 0.049635036496350364
4 0.5869990224828935 0.5116788321167883 0.01466275659824047 0.016058394160583942
4 0.5977517106549365 0.5255474452554745 0.016617790811339198 0.01167883211678832
7 0.6173020527859238 0.614963503649635 0.013685239491691105 0.01970802919708029
4 0.8260019550342131 0.7051094890510949 0.07233626588465299 0.08467153284671533
4 0.9418377321603129 0.6598540145985401 0.06744868035190615 0.049635036496350364
4 0.895405669599218 0.6306569343065693 0.043010752688172046 0.040875912408759124
4 0.7619745845552297 0.572992700729927 0.030303030303030304 0.030656934306569343
4 0.7365591397849462 0.5671532846715328 0.016617790811339198 0.027737226277372264
4 0.7639296187683284 0.5489051094890511 0.03225806451612903 0.014598540145985401
4 0.6173020527859238 0.7642335766423358 0.06744868035190615 0.11240875912408758
7 0.4682306940371456 0.5182481751824818 0.007820136852394917 0.017518248175182483
7 0.4521016617790811 0.5182481751824818 0.004887585532746823 0.020437956204379562
6 0.5625610948191594 0.5445255474452555 0.020527859237536656 0.029197080291970802
2 0.489247311827957 0.6109489051094891 0.06158357771260997 0.12700729927007298
2 0.5689149560117303 0.5167883211678832 0.019550342130987292 0.02335766423357664
2 0.5642619745845553 0.5021605839416059 0.019090909090909065 0.032058394160583994
6 0.5097751710654936 0.49562043795620436 0.016617790811339198 0.033576642335766425
4 0.7649071358748778 0.6140583941605839 0.018866080156402693 0.04562043795620438
4 0.7337536656891496 0.5999124087591241 0.012903225806451658 0.039240875912408754
4 0.8800488758553274 0.7098540145985401 0.017077223851417425 0.06386861313868614
4 0.894633431085044 0.7091824817518249 0.013841642228739083 0.06915328467153285
4 0.6164516129032258 0.5956204379562043 0.013069403714565121 0.021897810218978103
4 0.2620332355816226 0.5925255474452554 0.008983382209188715 0.032481751824817516
4 0.3159139784946236 0.5706277372262774 0.00826979472140766 0.02664233576642336
4 0.3243401759530791 0.5695328467153284 0.009002932551319684 0.025912408759124088
4 0.08073313782991205 0.7465693430656934 0.019276637341153497 0.07808759124087593
4 0.01595307917888568 0.7156642335766423 0.016979472140762356 0.052963503649634994