6 0.7508333333333334 0.6025 0.155 0.26
6 0.925 0.535 0.10666666666666667 0.2
4 0.5216666666666666 0.43625 0.06333333333333334 0.0925
6 0.7358333333333333 0.41875 0.058333333333333334 0.1075
4 0.6283333333333333 0.41125 0.04666666666666667 0.0575
2 0.6366666666666667 0.37125 0.05333333333333334 0.0875
2 0.9541666666666667 0.36375 0.051666666666666666 0.0925
4 0.7696 0.600325 0.032916666666666664 0.180625
4 0.9258333333333333 0.52125 0.03714999999999994 0.1475
4 0.681 0.433125 0.024083333333333408 0.07875
4 0.8205333333333333 0.427775 0.03234999999999995 0.08055000000000007
4 0.16938333333333333 0.4851 0.01975000000000004 0.09135000000000006
4 0.10399999999999997 0.503375 0.02001666666666665 0.09712500000000006
4 0.011099999999999947 0.516825 0.022199999999999893 0.09905000000000001