7 0.7088461538461538 0.7190934065934066 0.036153846153846154 0.10851648351648352
8 0.6092307692307692 0.448489010989011 0.02923076923076923 0.07005494505494506
8 0.5757692307692308 0.5171703296703297 0.036153846153846154 0.09203296703296704
8 0.5261538461538462 0.5817307692307693 0.04153846153846154 0.11126373626373626
8 0.47884615384615387 0.5336538461538461 0.04230769230769231 0.10027472527472528
8 0.4176923076923077 0.33722527472527475 0.02 0.028846153846153848
8 0.415 0.3743131868131868 0.011538461538461539 0.042582417582417584
8 0.43 0.3784340659340659 0.02 0.03708791208791209
4 0.5361538461538462 0.41483516483516486 0.03076923076923077 0.04945054945054945
4 0.3473076923076923 0.5364010989010989 0.06846153846153846 0.07554945054945054
4 0.42115384615384616 0.4258241758241758 0.03769230769230769 0.0521978021978022
4 0.4684615384615385 0.36126373626373626 0.026153846153846153 0.038461538461538464
4 0.08656923076923077 0.5159203296703296 0.022584615384615373 0.07837912087912097
4 0.13003846153846155 0.5175274725274726 0.01397692307692309 0.06545329670329668
4 0.3157153846153846 0.3975412087912088 0.01390769230769234 0.043626373626373616
4 0.6396000000000001 0.38056318681318685 0.008315384615384573 0.03809065934065937
4 0.6481615384615385 0.38304945054945055 0.0074153846153846925 0.03684065934065941
4 0.7098769230769231 0.4245741758241758 0.011807692307692238 0.04869505494505501
4 0.8643538461538463 0.6699038461538461 0.018223076923076963 0.10144230769230772
4 0.3754 0.34398351648351644 0.00826923076923077 0.030906593406593366
4 0.2887230769230769 0.3929120879120879 0.00862307692307695 0.026895604395604452
4 0.11707692307692306 0.5174038461538462 0.010207692307692294 0.060673076923076864