2 0.120625 0.7522222222222222 0.23625 0.4911111111111111
4 0.29375 0.6122222222222222 0.1 0.2111111111111111
7 0.379375 0.7662444444444444 0.04375 0.09111111111111111
7 0.313125 0.8833333333333333 0.03625 0.14
8 0.32875 0.9733333333333334 0.0925 0.04888888888888889
4 0.480625 0.9433333333333334 0.12125 0.10888888888888888
4 0.690625 0.9611111111111111 0.13125 0.07333333333333333
4 0.71625 0.8266666666666667 0.13 0.18666666666666668
4 0.581875 0.8311111111111111 0.10375 0.2311111111111111
4 0.67875 0.6822222222222222 0.1 0.12
4 0.979375 0.6544444444444445 0.04125 0.11777777777777777
4 0.843125 0.5222222222222223 0.08875 0.09777777777777778
4 0.938125 0.41333333333333333 0.07625 0.06222222222222222
4 0.885625 0.46111111111111114 0.03125 0.08222222222222222
4 0.88375 0.36666666666666664 0.055 0.06222222222222222
4 0.95625 0.3608444444444444 0.0875 0.05608888888888891
4 0.5675 0.6422222222222222 0.0925 0.16
4 0.65 0.5722222222222222 0.075 0.09555555555555556
4 0.626875 0.5 0.08125 0.057777777777777775
4 0.61375 0.44333333333333336 0.065 0.05555555555555555
4 0.606875 0.3988888888888889 0.05875 0.03333333333333333
4 0.45875 0.5955555555555555 0.075 0.057777777777777775
4 0.37375 0.39444444444444443 0.04 0.06
4 0.35125 0.3433333333333333 0.035 0.04666666666666667
4 0.53625 0.37777777777777777 0.0475 0.04
4 0.524375 0.3411111111111111 0.03875 0.03777777777777778
4 0.40276249999999997 0.24086666666666667 0.03197500000000005 0.04271111111111111
4 0.38875 0.26 0.025 0.02666666666666667
4 0.3875 0.29777777777777775 0.035 0.04
4 0.42 0.3188888888888889 0.025 0.028888888888888888
4 0.64375 0.28888888888888886 0.0075 0.05333333333333334
4 0.29483750000000003 0.4738888888888889 0.0875 0.07333333333333333
4 0.305 0.39444444444444443 0.06 0.07333333333333333
4 0.46375 0.45111111111111113 0.0825 0.05333333333333334
4 0.643125 0.21666666666666667 0.02625 0.03333333333333333
2 0.466875 0.23555555555555555 0.06125 0.08
2 0.541875 0.19777777777777777 0.03875 0.04888888888888889
2 0.56375 0.24444444444444444 0.0475 0.057777777777777775
2 0.72625 0.2644444444444444 0.075 0.1111111111111111
2 0.836875 0.30777777777777776 0.11625 0.11777777777777777
4 0.87375 0.6811111111111111 0.1275 0.1622222222222222
7 0.91625 0.5711111111111111 0.0375 0.035555555555555556
4 0.9590000000000001 0.5162888888888889 0.0769874999999999 0.14368888888888895
4 0.749375 0.38222222222222224 0.06125 0.08
4 0.7675 0.4777777777777778 0.0625 0.10666666666666667
4 0.5425 0.4388888888888889 0.0575 0.07777777777777778
4 0.590625 0.3433333333333333 0.05625 0.06888888888888889
4 0.509375 0.29555555555555557 0.04375 0.04
4 0.47 0.36444444444444446 0.06 0.06222222222222222
4 0.566875 0.29444444444444445 0.03625 0.03333333333333333
4 0.526875 0.2588888888888889 0.01375 0.042222222222222223
6 0.551875 0.5244444444444445 0.07125 0.07111111111111111
8 0.416875 0.37333333333333335 0.03125 0.07111111111111111
8 0.345625 0.3011111111111111 0.03625 0.03333333333333333
4 0.4475 0.5177777777777778 0.0775 0.09333333333333334
4 0.375625 0.5166666666666667 0.06625 0.17555555555555555
6 0.46 0.7588888888888888 0.095 0.2644444444444444
4 0.669375 0.24 0.03125 0.04
4 0.45875 0.29444444444444445 0.035 0.024444444444444446
4 0.3501875 0.9020888888888888 0.044375 0.0875111111111111
4 0.36229999999999996 0.8347333333333333 0.0373375 0.06944444444444445
4 0.33965 0.787511111111111 0.029524999999999864 0.06111111111111111
4 0.15194999999999992 0.44953333333333334 0.02696249999999992 0.09166666666666666
4 0.21262500000000004 0.40971111111111114 0.02126249999999999 0.10093333333333337
4 0.37765 0.7008444444444444 0.0382374999999999 0.0649555555555556
4 0.917425 0.5326888888888889 0.030800000000000126 0.050977777777777775