2 0.63203125 0.87265625 0.14375 0.2546875
6 0.48671875 0.734375 0.0546875 0.1578125
4 0.33046875 0.59453125 0.0484375 0.0828125
4 0.41171875 0.47734375 0.0515625 0.0578125
4 0.525 0.5625 0.0359375 0.059375
4 0.60625 0.64140625 0.046875 0.090625
4 0.56875 0.51875 0.040625 0.078125
4 0.56484375 0.46015625 0.04375 0.059375
4 0.66953125 0.35703125 0.0359375 0.04375
6 0.615625 0.3921875 0.0515625 0.09375
6 0.653125 0.45 0.0609375 0.1015625
4 0.824078125 0.8158593749999999 0.10260937500000003 0.06104687499999999