2 0.36796875 0.87265625 0.14375 0.2546875
6 0.51328125 0.734375 0.0546875 0.1578125
4 0.66953125 0.59453125 0.0484375 0.0828125
4 0.58828125 0.47734375 0.0515625 0.0578125
4 0.475 0.5625 0.0359375 0.059375
4 0.39375 0.64140625 0.046875 0.090625
4 0.43125 0.51875 0.040625 0.078125
4 0.43515625 0.46015625 0.04375 0.059375
4 0.33046875 0.35703125 0.0359375 0.04375
6 0.384375 0.3921875 0.0515625 0.09375
6 0.346875 0.45 0.0609375 0.1015625
4 0.17592187500000006 0.8158593749999999 0.10260937500000003 0.0610468749999999