7 0.82421875 0.6840277777777778 0.046875 0.08680555555555555
7 0.7584635416666666 0.5416666666666666 0.032552083333333336 0.0763888888888889
2 0.6024218750000001 0.6944444444444444 0.2005208333333334 0.6111111111111112
4 0.3763020833333333 0.8845486111111112 0.16927083333333334 0.22743055555555555
4 0.15104166666666666 0.9383680555555556 0.203125 0.11631944444444445
8 0.2779947916666667 0.7534722222222222 0.14453125 0.23958333333333334
4 0.435546875 0.5963541666666666 0.12630208333333334 0.22743055555555555
8 0.3170572916666667 0.5807291666666666 0.08723958333333333 0.1232638888888889
7 0.6712239583333334 0.3637152777777778 0.037760416666666664 0.043402777777777776
2 0.5970052083333334 0.3194444444444444 0.10286458333333333 0.11805555555555555
4 0.4733072916666667 0.4227430555555556 0.06380208333333333 0.11631944444444445
6 0.5247395833333334 0.3697916666666667 0.028645833333333332 0.1111111111111111
4 0.501953125 0.2977430555555556 0.04296875 0.03298611111111111
4 0.5091145833333334 0.2517361111111111 0.036458333333333336 0.05555555555555555
2 0.5696614583333334 0.22743055555555555 0.053385416666666664 0.06944444444444445
2 0.55859375 0.17881944444444445 0.036458333333333336 0.03125
2 0.3821614583333333 0.3802083333333333 0.10807291666666667 0.20833333333333334
2 0.46484375 0.20399305555555555 0.052083333333333336 0.08506944444444445
4 0.3268229166666667 0.2942708333333333 0.0546875 0.046875
4 0.07161458333333333 0.6623263888888888 0.14322916666666666 0.24131944444444445
4 0.18294270833333334 0.4592013888888889 0.12109375 0.1267361111111111
4 0.7698567708333334 0.46835069444444444 0.017044270833333226 0.06550347222222225
4 0.7961979166666667 0.5200520833333333 0.02352864583333325 0.0994270833333333
4 0.729921875 0.4975520833333333 0.02238281250000007 0.051302083333333255
4 0.9666145833333334 0.6009375 0.02703124999999999 0.0639236111111112
4 0.9112890625 0.3736631944444444 0.025273437500000107 0.0639236111111111
4 0.7269010416666667 0.4311284722222222 0.022916666666666547 0.0405034722222222
4 0.7015104166666667 0.4369270833333333 0.028567708333333403 0.039357638888888914
4 0.7509505208333334 0.6332465277777778 0.05927083333333331 0.08383680555555549
4 0.8026302083333333 0.6211631944444445 0.0347916666666667 0.059652777777777805
4 0.7690885416666666 0.8788888888888889 0.07188802083333339 0.12687499999999996
4 0.849765625 0.861267361111111 0.04148437499999987 0.08217013888888897
4 0.7586458333333334 0.7447569444444445 0.0533463541666667 0.07328125000000006