4 0.591796875 0.6854166666666667 0.10234375 0.21805555555555556
8 0.61484375 0.5423611111111111 0.046875 0.06527777777777778
4 0.295703125 0.8736111111111111 0.17109375 0.25
2 0.044921875 0.9020833333333333 0.08984375 0.19305555555555556
2 0.438671875 0.6555555555555556 0.13046875 0.38333333333333336
2 0.490234375 0.49583333333333335 0.07578125 0.20833333333333334
2 0.498046875 0.34791666666666665 0.03828125 0.0625
2 0.4390625 0.39861111111111114 0.059375 0.10555555555555556
2 0.444140625 0.33055555555555555 0.03984375 0.03333333333333333
2 0.3609375 0.33125 0.0515625 0.03194444444444444
2 0.380078125 0.40625 0.06171875 0.05416666666666667
2 0.31015625 0.5395833333333333 0.1109375 0.21805555555555556
2 0.305078125 0.3888888888888889 0.10078125 0.08888888888888889
2 0.146484375 0.7305555555555555 0.22578125 0.4111111111111111
4 0.6930234375000001 0.9351805555555556 0.03353906250000005 0.1296249999999999
4 0.7444453125 0.9479166666666666 0.034828124999999946 0.10416666666666667
4 0.6693359375 0.6992222222222222 0.04046874999999996 0.1432361111111111
4 0.7061953125 0.8658888888888889 0.04875000000000007 0.07900000000000015
4 0.7381796875 0.7747361111111111 0.04450781250000002 0.1345555555555557
4 0.565484375 0.54225 0.022085937499999986 0.061347222222222164
4 0.8637812500000001 0.9381250000000001 0.0338750000000001 0.12373611111111099