4 0.301953125 0.9611111111111111 0.18359375 0.075
4 0.370703125 0.6145833333333334 0.16796875 0.2763888888888889
4 0.39921875 0.8583333333333333 0.184375 0.2111111111111111
8 0.37734375 0.43194444444444446 0.078125 0.08888888888888889
4 0.459765625 0.3902777777777778 0.07734375 0.14166666666666666
4 0.51328125 0.3541666666666667 0.0296875 0.10277777777777777
8 0.575 0.2951388888888889 0.0359375 0.04861111111111111
2 0.56875 0.18055555555555555 0.0859375 0.10277777777777777
2 0.719140625 0.8465277777777778 0.26640625 0.30416666666666664
2 0.56171875 0.5694444444444444 0.16875 0.4388888888888889
2 0.776953125 0.5881944444444445 0.17265625 0.25416666666666665
2 0.933984375 0.7305555555555555 0.13203125 0.5361111111111111
2 0.738671875 0.38055555555555554 0.11484375 0.175
2 0.848828125 0.3548611111111111 0.09609375 0.20694444444444443
2 0.63046875 0.3076388888888889 0.09375 0.08194444444444444
2 0.7265625 0.26666666666666666 0.0796875 0.05277777777777778
2 0.801171875 0.22777777777777777 0.07421875 0.05
2 0.6515625 0.20208333333333334 0.065625 0.12916666666666668
2 0.724609375 0.16875 0.06953125 0.06805555555555555
2 0.720703125 0.22152777777777777 0.06796875 0.04027777777777778
4 0.22106250000000002 0.7627361111111111 0.04132031250000008 0.1736111111111111
4 0.271171875 0.7476805555555556 0.04328125000000007 0.17129166666666656
4 0.12276562500000007 0.6990694444444444 0.03477343750000017 0.14815277777777772
4 0.14815625000000007 0.6979166666666666 0.0334843750000001 0.178236111111111
4 0.33171875 0.5104166666666666 0.033554687500000034 0.09027777777777778