2 0.22900390625 0.7767203513909224 0.2548828125 0.3118594436310395
2 0.02392578125 0.7825768667642753 0.0458984375 0.06881405563689605
4 0.38232421875 0.8228404099560761 0.0537109375 0.08784773060029283
4 0.06587890625000004 0.7950219619326501 0.03230468749999993 0.032210834553440704
8 0.09130859375 0.7957540263543191 0.0205078125 0.0424597364568082
4 0.74658203125 0.8740849194729137 0.2451171875 0.1698389458272328
7 0.5732421875 0.91800878477306 0.09765625 0.1581259150805271
4 0.53662109375 0.8162518301610542 0.1396484375 0.12152269399707175
4 0.87890625 0.8060029282576867 0.09765625 0.024890190336749635
4 0.564169921875 0.833338213762811 0.07295898437500004 0.10493411420204989
4 0.45063476562500004 0.36349926793557835 0.02953125000000001 0.10720351390922397
4 0.31144531249999996 0.32844802342606155 0.033740234374999956 0.09446559297218153