6 0.86837 0.8708623548922056 0.12252999999999997 0.1592205638474295
6 0.931 0.7761194029850746 0.136 0.1691542288557214
7 0.598 0.9129353233830846 0.018 0.06467661691542288
2 0.8735 0.21144278606965175 0.031 0.03482587064676617
2 0.812 0.22470978441127695 0.03 0.04145936981757877
2 0.767 0.2537313432835821 0.044 0.06633499170812604
2 0.8415 0.25537313432835823 0.025 0.05301824212271978
2 0.868 0.2462686567164179 0.028 0.03482587064676617
2 0.803 0.29270315091210614 0.034 0.03814262023217247
2 0.8511 0.2946434494195688 0.043809999999999946 0.05529021558872301
2 0.89479 0.27112769485903815 0.03958999999999992 0.07134328358208952
2 0.873 0.3598673300165838 0.044 0.07628524046434494
2 0.8335 0.32669983416252074 0.025 0.03648424543946932
2 0.80174 0.37893864013267 0.05650999999999999 0.06799336650082918
2 0.76483 0.3639966832504146 0.05432999999999993 0.09048092868988392
2 0.713 0.47180762852404645 0.066 0.14096185737976782
2 0.7635 0.48092868988391374 0.073 0.14262023217247097
8 0.8195 0.4734660033167496 0.025 0.05140961857379768
4 0.803 0.5124378109452736 0.038 0.026533996683250415
8 0.733 0.29519071310116085 0.02 0.03648424543946932
2 0.693 0.27943615257048093 0.048 0.05140961857379768
2 0.567 0.3474295190713101 0.094 0.12106135986733002
6 0.485 0.3946932006633499 0.062 0.05306799336650083
8 0.418 0.5 0.044 0.03150912106135987
4 0.412 0.5406301824212272 0.052 0.05638474295190713
6 0.3505 0.5339966832504146 0.069 0.05638474295190713
2 0.0335 0.4286898839137645 0.067 0.07131011608623548
2 0.0275 0.49336650082918737 0.055 0.05804311774461028
4 0.02462 0.5644941956882256 0.04324 0.08089552238805965
4 0.0805 0.5978441127694859 0.075 0.05472636815920398
4 0.08653 0.5612769485903814 0.07506 0.044593698175787705
4 0.11034000000000001 0.537943615257048 0.07468000000000001 0.041857379767827545
4 0.296 0.6343283582089553 0.046 0.05804311774461028
4 0.30751 0.6032504145936982 0.06301999999999998 0.05225538971807627
4 0.3505 0.5762852404643449 0.063 0.028192371475953566
4 0.40094 0.6258374792703151 0.07951 0.07520729684908793
4 0.36624 0.6550580431177446 0.09249 0.06301824212271974
8 0.429 0.5961857379767828 0.03 0.05140961857379768
2 0.5315 0.5132669983416253 0.165 0.18076285240464346
4 0.49017 0.6438142620232173 0.08635000000000002 0.08033167495854072
4 0.5645 0.6442786069651741 0.069 0.07462686567164178
4 0.47875999999999996 0.6838971807628523 0.08551999999999998 0.08751243781094524
4 0.4635 0.7412935323383084 0.061 0.10613598673300166
4 0.5375 0.814262023217247 0.079 0.16583747927031509
4 0.5735 0.7354892205638475 0.063 0.1111111111111111
8 0.776 0.554726368159204 0.036 0.06135986733001658
8 0.73033 0.6089054726368159 0.045 0.04477611940298507
8 0.6545 0.617893864013267 0.039 0.07824212271973457
8 0.6195 0.6500829187396352 0.033 0.04643449419568822
8 0.6285 0.7114427860696517 0.041 0.06965174129353234
8 0.7755 0.6475953565505804 0.045 0.04809286898839138
8 0.82 0.6849087893864013 0.042 0.04975124378109453
7 0.697 0.6832504145936982 0.02 0.029850746268656716
7 0.6585 0.7810945273631841 0.015 0.04311774461028192
8 0.70296 0.7910779436152571 0.06993000000000006 0.0701492537313432
4 0.68 0.7180762852404643 0.05 0.05970149253731343
4 0.72461 0.675223880597015 0.08656999999999994 0.10087893864013274
4 0.7875 0.7139303482587065 0.037 0.03482587064676617
4 0.73053 0.8688225538971808 0.13520000000000004 0.12568822553897174
4 0.7785 0.7910447761194029 0.105 0.14925373134328357
4 0.4652 0.9334328358208955 0.029879999999999997 0.0923880597014926
4 0.47163 0.8321558872305141 0.02583000000000004 0.08646766169154227
4 0.26683 0.9543615257048094 0.027809999999999946 0.0769983416252074
4 0.07664 0.4900497512437811 0.015919999999999986 0.03980099502487562
4 0.12237999999999999 0.6683250414593698 0.018410000000000024 0.03814262023217247
4 0.17987 0.44402985074626866 0.013389999999999987 0.04560530679933665
4 0.67261 0.5277777777777778 0.0128599999999999 0.0538971807628524
4 0.62537 0.5385572139303483 0.01936999999999989 0.04892205638474295
4 0.65161 0.538971807628524 0.01286999999999989 0.05306799336650083
4 0.51239 0.5982587064676617 0.014420000000000073 0.0505804311774461
4 0.5085 0.972636815920398 0.027 0.05472636815920398
4 0.31462 0.9759369817578772 0.020559999999999946 0.04810945273631839
4 0.6153200000000001 0.8357048092868989 0.022980000000000018 0.07301824212271969
4 0.7553200000000001 0.9546434494195688 0.024700000000000045 0.08271973466003335
4 0.71361 0.9254892205638475 0.0198900000000001 0.08273631840796036
4 0.6986100000000001 0.9211940298507463 0.016789999999999965 0.07759535655058038
4 0.67714 0.918905472636816 0.022480000000000017 0.09359867330016593
4 0.6556799999999999 0.9367827529021558 0.021970000000000028 0.08301824212271965
4 0.6481 0.8814593698175788 0.015079999999999927 0.07703150912106144
4 0.46545 0.9317744610281924 0.025309999999999947 0.08844112769485891
4 0.50743 0.8348590381426203 0.021340000000000033 0.07991708126036474
4 0.64577 0.7779767827529022 0.015599999999999909 0.06563847429519078
4 0.29274 0.546301824212272 0.05909000000000003 0.05912106135986729