8 0.5629343629343629 0.8468406593406593 0.06177606177606178 0.15796703296703296
8 0.16563706563706565 0.5837912087912088 0.03166023166023166 0.06593406593406594
8 0.23822393822393823 0.5281593406593407 0.02084942084942085 0.04532967032967033
8 0.2613899613899614 0.5130494505494505 0.02084942084942085 0.028846153846153848
8 0.283011583011583 0.4965659340659341 0.01776061776061776 0.03708791208791209
8 0.32857142857142857 0.5 0.02084942084942085 0.038461538461538464
8 0.7277992277992278 0.7870879120879121 0.05019305019305019 0.09615384615384616
7 0.5590733590733591 0.7026098901098901 0.026254826254826256 0.0673076923076923
6 0.4980694980694981 0.4960576923076923 0.023938223938223938 0.04532967032967033
4 0.3096525096525097 0.4842032967032967 0.020077220077220077 0.028846153846153848
4 0.5525096525096526 0.5736675824175824 0.040926640926640924 0.04809065934065933
4 0.6002162162162162 0.6948214285714286 0.017220077220077186 0.08012362637362642
4 0.6658455598455598 0.7097115384615384 0.017196911196911184 0.08471153846153856
4 0.5587181467181467 0.6587637362637362 0.017876447876447946 0.03777472527472527
4 0.6758146718146718 0.8379120879120879 0.022980694980694973 0.10989010989010989
4 0.6976911196911196 0.9317719780219781 0.026833976833976834 0.11675824175824176
4 0.6153359073359074 0.7446153846153847 0.024293436293436322 0.040068681318681416
4 0.03454054054054054 0.6913873626373626 0.024393822393822397 0.08241758241758242
4 0.12320463320463321 0.6086950549450549 0.01536679536679535 0.06353021978021978
4 0.10776061776061777 0.6091208791208791 0.012471042471042453 0.06267857142857142
4 0.03152123552123552 0.6095467032967034 0.021189189189189186 0.054945054945054944
4 0.06578378378378379 0.5859340659340659 0.012486486486486498 0.05752747252747252
4 0.14515830115830114 0.5829395604395604 0.014872586872586866 0.06353021978021978
4 0.3017837837837838 0.5060989010989011 0.01152123552123549 0.031771978021978016
4 0.6435521235521235 0.7015796703296703 0.013467181467181509 0.07211538461538461
4 0.6960540540540541 0.6912774725274725 0.015760617760617823 0.06662087912087912
4 0.5916293436293436 0.5961538461538461 0.010015444015444037 0.05357142857142857
4 0.6238610038610038 0.7032967032967034 0.017335907335907372 0.07280219780219781
4 0.8257606177606177 0.820054945054945 0.02189189189189182 0.10576923076923077
4 0.7915907335907335 0.8375686813186813 0.026926640926640842 0.1092032967032967
4 0.7387104247104247 0.8681318681318682 0.038679536679536615 0.11126373626373626
4 0.4692355212355212 0.5997527472527473 0.01794594594594595 0.0593406593406594