3 0.4515625 0.45078125 0.028125 0.0515625
3 0.38828125 0.4234375 0.025 0.046875
3 0.45234375 0.6828125 0.028125 0.0640625
3 0.475 0.54609375 0.025 0.05
3 0.50546875 0.95625 0.034375 0.0796875
3 0.38046875 0.98359375 0.0359375 0.0328125
3 0.56171875 0.0171875 0.0234375 0.034375
3 0.38203125 0.8171875 0.0296875 0.0640625
3 0.50078125 0.546875 0.0265625 0.053125
3 0.5328125 0.05625 0.0234375 0.03125
3 0.603125 0.9515625 0.034375 0.078125
2 0.459375 0.0234375 0.03125 0.046875
3 0.50859375 0.00234375 0.0140625 0.0046875
3 0.52578125 0.0046875 0.0171875 0.009375
4 0.4640625 0.30703125 0.009375 0.021875
4 0.44140625 0.303125 0.009375 0.01875
4 0.45078125 0.303125 0.0109375 0.0265625
4 0.74375 0.2609375 0.0078125 0.0171875
4 0.746875 0.26328125 0.0078125 0.0171875
4 0.79609375 0.19765625 0.009375 0.021875
4 0.771875 0.16640625 0.0078125 0.0140625
4 0.77421875 0.16796875 0.0078125 0.0140625
4 0.8359375 0.1640625 0.0078125 0.0171875
4 0.81796875 0.16640625 0.0078125 0.01875
4 0.77265625 0.2703125 0.0109375 0.021875