3 0.50859375 0.48515625 0.053125 0.0375
3 0.2125 0.5140625 0.0484375 0.0328125
3 0.16953125 0.559375 0.0640625 0.046875
1 0.67421875 0.85078125 0.0359375 0.065625
3 0.153125 0.5390625 0.05 0.0296875
3 0.48125 0.459375 0.0484375 0.0359375
3 0.28671875 0.51328125 0.0578125 0.0375
3 0.37265625 0.51328125 0.0625 0.0421875
1 0.60859375 0.8796875 0.0375 0.0796875
4 0.640625 0.8859375 0.0375 0.0796875
1 0.57265625 0.85546875 0.046875 0.0703125
3 0.70703125 0.3640625 0.0234375 0.0234375
1 0.8171875 0.48125 0.01875 0.040625
1 0.665625 0.46875 0.028125 0.0296875
3 0.2296875 0.54296875 0.05625 0.0375
2 0.3328125 0.9171875 0.290625 0.165625
1 0.640625 0.54375 0.0296875 0.0390625
1 0.69375 0.384375 0.021875 0.021875
1 0.575 0.9359375 0.0453125 0.065625
3 0.275 0.9671875 0.125 0.065625
4 0.07734375 0.6625 0.0296875 0.04375
1 0.08828125 0.73828125 0.0359375 0.053125
1 0.81328125 0.46875 0.0328125 0.03125
3 0.96015625 0.53359375 0.0796875 0.0640625
3 0.57421875 0.4046875 0.028125 0.025
3 0.58984375 0.4078125 0.0296875 0.028125
3 0.59140625 0.38515625 0.0234375 0.025
3 0.6078125 0.38828125 0.0265625 0.0265625
3 0.63984375 0.3765625 0.0234375 0.0234375
3 0.60546875 0.3703125 0.0203125 0.01875
3 0.6390625 0.35546875 0.0203125 0.021875
3 0.65234375 0.34296875 0.0203125 0.0203125
3 0.66328125 0.33125 0.0171875 0.015625
3 0.65 0.32890625 0.015625 0.0171875
3 0.640625 0.33828125 0.0171875 0.01875
3 0.63046875 0.34296875 0.0203125 0.0203125
2 0.63828125 0.40703125 0.0828125 0.0703125
2 0.71171875 0.3328125 0.0390625 0.0421875
2 0.675 0.3125 0.028125 0.0328125
2 0.64609375 0.315625 0.04375 0.0359375
3 0.69375 0.29375 0.0171875 0.015625
1 0.56171875 0.378125 0.0109375 0.0171875
1 0.565625 0.39140625 0.0109375 0.0171875
4 0.52109375 0.4109375 0.009375 0.0171875
1 0.5125 0.42265625 0.0109375 0.0203125
1 0.50859375 0.43203125 0.009375 0.0203125
1 0.46328125 0.44453125 0.0125 0.021875
1 0.47578125 0.440625 0.0125 0.01875
1 0.484375 0.43359375 0.0125 0.0234375
1 0.49296875 0.43046875 0.0109375 0.0234375
4 0.53984375 0.37265625 0.0109375 0.0234375
4 0.6046875 0.32734375 0.00625 0.015625
1 0.7421875 0.40390625 0.0140625 0.028125
1 0.78828125 0.3171875 0.009375 0.01875
1 0.76328125 0.3578125 0.0109375 0.01875
1 0.796875 0.2875 0.009375 0.015625
4 0.8046875 0.29140625 0.009375 0.0171875
4 0.82421875 0.4140625 0.015625 0.021875
4 0.84140625 0.41875 0.009375 0.0171875
4 0.846875 0.41875 0.009375 0.0203125
4 0.74453125 0.80546875 0.040625 0.0625
1 0.06171875 0.803125 0.0453125 0.05625
4 0.11796875 0.671875 0.0203125 0.0359375
4 0.115625 0.66328125 0.0203125 0.0359375
3 0.06953125 0.5046875 0.05 0.0359375
1 0.38828125 0.46640625 0.0203125 0.0234375
4 0.36953125 0.4453125 0.009375 0.0203125
4 0.9796875 0.4328125 0.0140625 0.0234375
4 0.86796875 0.425 0.0171875 0.021875
4 0.8796875 0.425 0.0125 0.021875
1 0.609375 0.33125 0.0109375 0.01875