3 0.46171875 0.4421875 0.0203125 0.0484375
3 0.4046875 0.40390625 0.0171875 0.0453125
3 0.41796875 0.6703125 0.01875 0.0625
3 0.46640625 0.540625 0.0171875 0.0484375
3 0.41875 0.9484375 0.021875 0.078125
3 0.28828125 0.96484375 0.028125 0.05625
3 0.65390625 0.034375 0.0171875 0.0390625
3 0.32421875 0.7890625 0.0203125 0.0625
3 0.4921875 0.54609375 0.01875 0.05
3 0.6171875 0.07109375 0.01875 0.0296875
3 0.515625 0.9625 0.0234375 0.075
2 0.55234375 0.0234375 0.025 0.0453125
3 0.60390625 0.00859375 0.0125 0.0140625
3 0.62109375 0.0125 0.0140625 0.0203125
4 0.5015625 0.30390625 0.00625 0.021875
4 0.48046875 0.29609375 0.00625 0.01875
4 0.48984375 0.29765625 0.00625 0.0265625
4 0.784375 0.31171875 0.0046875 0.0171875
4 0.7875 0.31484375 0.00625 0.0171875
4 0.84765625 0.26015625 0.00625 0.021875
4 0.83046875 0.22421875 0.00625 0.0140625
4 0.8328125 0.22578125 0.00625 0.0140625
4 0.89375 0.234375 0.0046875 0.0171875
4 0.87578125 0.2328125 0.0046875 0.01875
4 0.81171875 0.3265625 0.0078125 0.0203125