3 0.6140625 0.453125 0.0296875 0.0609375
3 0.3484375 0.35546875 0.0296875 0.034375
3 0.3625 0.4484375 0.0234375 0.04375
3 0.28125 0.790625 0.0421875 0.084375
3 0.496875 0.22421875 0.040625 0.0390625
3 0.55703125 0.6296875 0.0328125 0.0828125
2 0.440625 0.45859375 0.0578125 0.1546875
3 0.1765625 0.71171875 0.0453125 0.0828125
2 0.32734375 0.90703125 0.075 0.15625
4 0.68359375 0.5921875 0.0109375 0.0359375
4 0.675 0.59140625 0.0125 0.0328125
3 0.69921875 0.20859375 0.021875 0.0296875
3 0.68984375 0.14375 0.015625 0.028125
3 0.60078125 0.096875 0.015625 0.021875
3 0.5703125 0.09609375 0.015625 0.021875
3 0.3171875 0.1703125 0.034375 0.0265625
3 0.296875 0.30390625 0.0328125 0.0296875