3 0.45546875 0.44765625 0.025 0.05
3 0.39375 0.41640625 0.021875 0.0453125
3 0.43984375 0.67890625 0.025 0.0640625
3 0.471875 0.54453125 0.021875 0.05
3 0.47421875 0.95546875 0.0296875 0.0796875
3 0.34609375 0.97890625 0.0328125 0.0421875
3 0.5953125 0.01953125 0.021875 0.0390625
3 0.36015625 0.80859375 0.025 0.0640625
3 0.49765625 0.546875 0.0234375 0.0515625
3 0.5640625 0.059375 0.0203125 0.03125
3 0.571875 0.9578125 0.0296875 0.0765625
2 0.49375 0.021875 0.028125 0.04375
3 0.54296875 0.00390625 0.0140625 0.0078125
3 0.5609375 0.00546875 0.015625 0.0109375
4 0.478125 0.30546875 0.0078125 0.021875
4 0.45546875 0.3 0.0078125 0.01875
4 0.46484375 0.3 0.009375 0.0265625
4 0.759375 0.27890625 0.00625 0.0171875
4 0.76328125 0.28125 0.0078125 0.0171875
4 0.81640625 0.21953125 0.0078125 0.021875
4 0.79453125 0.1859375 0.00625 0.0140625
4 0.796875 0.1875 0.00625 0.0140625
4 0.85859375 0.18828125 0.00625 0.0171875
4 0.840625 0.1890625 0.00625 0.01875
4 0.78828125 0.28984375 0.009375 0.0203125