3 0.49921875 0.30078125 0.040625 0.03515625
3 0.18203125 0.6265625 0.01953125 0.071875
3 0.3171875 0.3796875 0.0390625 0.04296875
3 0.50546875 0.60234375 0.028125 0.09140625
3 0.46796875 0.48828125 0.01953125 0.06328125
3 0.48984375 0.45234375 0.01953125 0.06328125
3 0.98828125 0.403125 0.021875 0.04140625
3 0.49765625 0.134375 0.01953125 0.053125
2 0.56640625 0.86796875 0.03828125 0.16796875
2 0.41953125 0.4546875 0.0359375 0.18046875
2 0.43984375 0.171875 0.02421875 0.10078125
4 0.82421875 0.7546875 0.00859375 0.01640625
4 0.80625 0.828125 0.00859375 0.0203125
4 0.59765625 0.0671875 0.00546875 0.01796875