3 0.58203125 0.209375 0.03125 0.0671875
3 0.2875 0.14765625 0.04375 0.06875
3 0.61796875 0.30703125 0.046875 0.09375
3 0.56953125 0.1171875 0.0359375 0.071875
3 0.33828125 0.21484375 0.040625 0.0734375
3 0.26953125 0.26640625 0.053125 0.0828125
3 0.56875 0.05078125 0.03125 0.0484375
3 0.36328125 0.0328125 0.040625 0.0390625
3 0.565625 0.01328125 0.034375 0.0265625
3 0.02421875 0.64375 0.01875 0.0453125
4 0.2546875 0.8703125 0.015625 0.0296875
2 0.5625 0.36484375 0.0953125 0.2671875
2 0.375 0.171875 0.0890625 0.1859375
2 0.15 0.5015625 0.209375 0.234375
4 0.27734375 0.88984375 0.021875 0.040625
4 0.68359375 0.853125 0.0171875 0.03125
4 0.6546875 0.540625 0.0125 0.028125
4 0.63671875 0.53125 0.0109375 0.028125
4 0.63046875 0.52734375 0.0125 0.0265625
4 0.69140625 0.38671875 0.0140625 0.03125
4 0.70859375 0.39140625 0.0140625 0.0359375
4 0.6828125 0.35859375 0.0171875 0.0359375
4 0.61328125 0.17421875 0.015625 0.0328125