3 0.19921875 0.4359375 0.03125 0.059375
3 0.33515625 0.428125 0.0234375 0.05625
3 0.3015625 0.4421875 0.028125 0.071875
3 0.21015625 0.18046875 0.0234375 0.0375
3 0.1859375 0.33515625 0.028125 0.0640625
3 0.30234375 0.34375 0.021875 0.0453125
3 0.11171875 0.4328125 0.0234375 0.053125
3 0.33203125 0.3390625 0.0234375 0.05
3 0.225 0.29921875 0.021875 0.0421875
3 0.3390625 0.225 0.0203125 0.040625
3 0.4015625 0.97265625 0.0609375 0.0453125
3 0.26328125 0.15625 0.0171875 0.0328125
3 0.33203125 0.09765625 0.015625 0.0296875
3 0.125 0.35390625 0.021875 0.040625
3 0.34140625 0.51875 0.04375 0.0515625
3 0.12890625 0.2 0.0203125 0.03125
6 0.15546875 0.26796875 0.0359375 0.0859375
4 0.52421875 0.00546875 0.0140625 0.0109375
2 0.43828125 0.69921875 0.153125 0.2
3 0.34921875 0.13203125 0.0203125 0.0375
3 0.00625 0.74140625 0.0125 0.0640625
2 0.36640625 0.3078125 0.053125 0.1484375