3 0.6078125 0.43984375 0.02265625 0.059375
3 0.33203125 0.375 0.02578125 0.03203125
3 0.35703125 0.465625 0.01875 0.04140625
3 0.31796875 0.81484375 0.0328125 0.08125
3 0.46328125 0.2265625 0.03671875 0.03515625
3 0.57265625 0.621875 0.0234375 0.08046875
2 0.4359375 0.46640625 0.03984375 0.1515625
3 0.2046875 0.74921875 0.0359375 0.0796875
2 0.378125 0.925 0.0578125 0.15
4 0.69375 0.56875 0.00703125 0.03515625
4 0.68515625 0.56953125 0.0078125 0.0328125
3 0.6625 0.18671875 0.01796875 0.02734375
3 0.6453125 0.1234375 0.0125 0.02734375
3 0.55078125 0.0875 0.01328125 0.02109375
3 0.5203125 0.090625 0.01328125 0.0203125
3 0.278125 0.1953125 0.03203125 0.0234375
3 0.27421875 0.33046875 0.03046875 0.0265625