3 0.5546875 0.51953125 0.01640625 0.040625
1 0.4765625 0.5859375 0.00703125 0.0265625
3 0.54375 0.37578125 0.0140625 0.0265625
3 0.54140625 0.33671875 0.0109375 0.025
3 0.55 0.31328125 0.0078125 0.0171875
3 0.5078125 0.30859375 0.0078125 0.0203125
3 0.49140625 0.36171875 0.009375 0.0171875
3 0.50234375 0.34609375 0.00859375 0.015625
3 0.47890625 0.34296875 0.01015625 0.02421875
3 0.4703125 0.409375 0.01015625 0.01953125
3 0.459375 0.490625 0.015625 0.02890625
3 0.4859375 0.28203125 0.01015625 0.021875
3 0.49609375 0.29765625 0.00625 0.0140625
3 0.50546875 0.28828125 0.00859375 0.015625
3 0.50703125 0.2625 0.00703125 0.0140625
3 0.490625 0.25390625 0.009375 0.021875
1 0.4828125 0.31015625 0.00546875 0.015625
1 0.4734375 0.35859375 0.0046875 0.0125
1 0.50078125 0.45546875 0.00546875 0.015625
2 0.1921875 0.8625 0.0296875 0.05234375
3 0.35546875 0.44765625 0.01171875 0.01953125
3 0.41328125 0.33203125 0.01015625 0.0140625
6 0.40625 0.31015625 0.0109375 0.03046875
3 0.509375 0.21953125 0.00546875 0.00859375
3 0.5296875 0.20859375 0.00625 0.01171875
3 0.5015625 0.21171875 0.00625 0.00859375
3 0.4984375 0.17890625 0.00625 0.0078125
3 0.50703125 0.18359375 0.00390625 0.00703125