3 0.55390625 0.52265625 0.01875 0.0421875
1 0.471875 0.584375 0.0078125 0.0265625
3 0.55 0.378125 0.015625 0.0265625
3 0.55 0.3390625 0.0125 0.025
3 0.559375 0.31640625 0.009375 0.0171875
3 0.51796875 0.309375 0.009375 0.0203125
3 0.4984375 0.36171875 0.0109375 0.0171875
3 0.51015625 0.34609375 0.009375 0.015625
3 0.4875 0.3421875 0.0109375 0.025
3 0.475 0.4078125 0.0109375 0.0203125
3 0.46015625 0.48828125 0.0171875 0.0296875
3 0.49765625 0.28125 0.0109375 0.021875
3 0.50703125 0.29765625 0.00625 0.0140625
3 0.51640625 0.2890625 0.009375 0.015625
3 0.51953125 0.26328125 0.0078125 0.0140625
3 0.50390625 0.25390625 0.0109375 0.021875
1 0.49296875 0.309375 0.00625 0.015625
1 0.48125 0.35703125 0.0046875 0.0125
1 0.503125 0.45546875 0.00625 0.015625
2 0.1734375 0.84609375 0.0328125 0.053125
3 0.35859375 0.43984375 0.0125 0.0203125
3 0.421875 0.32734375 0.0109375 0.0140625
6 0.41640625 0.30546875 0.0125 0.03125
3 0.52421875 0.2203125 0.00625 0.009375
3 0.54453125 0.21015625 0.00625 0.0125
3 0.51640625 0.2125 0.00625 0.009375
3 0.515625 0.17890625 0.00625 0.0078125
3 0.5234375 0.184375 0.0046875 0.0078125