3 0.74296875 0.15859375 0.0296875 0.046875
3 0.6453125 0.29765625 0.03125 0.0484375
3 0.4578125 0.51328125 0.0359375 0.05
3 0.625 0.26875 0.0296875 0.0421875
3 0.65546875 0.1921875 0.028125 0.040625
3 0.56171875 0.45625 0.034375 0.05
3 0.50703125 0.36953125 0.028125 0.0375
3 0.82265625 0.06953125 0.028125 0.0453125
3 0.79375 0.071875 0.028125 0.0375
3 0.7109375 0.11015625 0.025 0.0375
3 0.9265625 0.06171875 0.025 0.015625
3 0.51484375 0.12578125 0.0359375 0.040625
3 0.5171875 0.09375 0.0296875 0.03125
2 0.4796875 0.52578125 0.0859375 0.153125
3 0.26875 0.76328125 0.04375 0.0640625
2 0.25859375 0.16484375 0.0578125 0.1140625