3 0.403125 0.62265625 0.0359375 0.0859375
3 0.659375 0.640625 0.040625 0.078125
3 0.6375 0.0859375 0.0234375 0.0578125
3 0.58359375 0.6265625 0.0328125 0.0765625
6 0.059375 0.90859375 0.11875 0.0703125
3 0.55234375 0.81953125 0.05 0.1109375
2 0.46484375 0.17578125 0.05625 0.178125
2 0.3484375 0.47109375 0.0796875 0.2
2 0.23203125 0.778125 0.0875 0.14375
2 0.59296875 0.97265625 0.0609375 0.0546875
2 0.36484375 0.95546875 0.04375 0.0625
4 0.621875 0.7421875 0.009375 0.015625
4 0.62265625 0.75625 0.0125 0.015625
4 0.7046875 0.66171875 0.0109375 0.025
4 0.7046875 0.69296875 0.009375 0.0171875
4 0.70703125 0.70390625 0.0109375 0.01875
4 0.52109375 0.79609375 0.0140625 0.0203125
4 0.625 0.80078125 0.0109375 0.0171875
4 0.6359375 0.753125 0.009375 0.0203125
4 0.5171875 0.821875 0.0125 0.01875
4 0.64453125 0.79609375 0.0109375 0.015625
4 0.51953125 0.80859375 0.0109375 0.0140625