3 0.08671875 0.02421875 0.0390625 0.0484375
3 0.22890625 0.05390625 0.0375 0.0453125
3 0.17109375 0.10625 0.0375 0.04375
3 0.29296875 0.07109375 0.0375 0.05
3 0.190625 0.19609375 0.0390625 0.0515625
3 0.26484375 0.42734375 0.0421875 0.0671875
3 0.346875 0.015625 0.034375 0.03125
3 0.2796875 0.2875 0.040625 0.05625
3 0.38203125 0.20625 0.0390625 0.05625
3 0.225 0.00546875 0.0375 0.0109375
3 0.49921875 0.54453125 0.04375 0.0765625
3 0.3984375 0.32109375 0.034375 0.0515625
2 0.396875 0.11953125 0.0953125 0.1515625
3 0.3421875 0.39609375 0.028125 0.0328125
4 0.6953125 0.434375 0.0125 0.028125
2 0.71484375 0.975 0.0578125 0.05
4 0.575 0.61640625 0.0109375 0.0171875
4 0.5828125 0.62578125 0.0125 0.0203125
4 0.67265625 0.48671875 0.009375 0.01875
4 0.6625 0.4671875 0.0109375 0.01875
4 0.66796875 0.47734375 0.009375 0.01875
4 0.70234375 0.43984375 0.0078125 0.021875
4 0.703125 0.4234375 0.009375 0.015625
4 0.68046875 0.24453125 0.0109375 0.028125
4 0.61015625 0.30234375 0.00625 0.0125
4 0.56953125 0.34140625 0.009375 0.0203125
4 0.67890625 0.39453125 0.009375 0.015625
4 0.0921875 0.90390625 0.025 0.0375