3 0.4359375 0.6421875 0.03125 0.084375
3 0.6890625 0.59765625 0.0359375 0.0765625
3 0.53359375 0.06484375 0.0203125 0.05625
3 0.61171875 0.60234375 0.028125 0.075
6 0.1671875 0.98671875 0.128125 0.0265625
3 0.628125 0.79765625 0.0421875 0.109375
2 0.3875 0.19375 0.0453125 0.178125
2 0.34609375 0.50859375 0.065625 0.1984375
2 0.30703125 0.834375 0.0796875 0.140625
2 0.7078125 0.94765625 0.05625 0.075
2 0.47890625 0.971875 0.0390625 0.05625
4 0.67734375 0.70546875 0.009375 0.015625
4 0.68046875 0.71875 0.0109375 0.015625
4 0.7375 0.60703125 0.009375 0.025
4 0.7453125 0.6375 0.0078125 0.0171875
4 0.75078125 0.64765625 0.009375 0.01875
4 0.5921875 0.78203125 0.0125 0.0203125
4 0.69375 0.76171875 0.009375 0.015625
4 0.69375 0.7125 0.009375 0.0203125
4 0.59453125 0.80859375 0.0109375 0.01875
4 0.71171875 0.75234375 0.0109375 0.015625
4 0.59296875 0.79453125 0.0109375 0.0140625