3 0.13125 0.28671875 0.07578125 0.11171875
3 0.67109375 0.15859375 0.0828125 0.06328125
3 0.8390625 0.36796875 0.115625 0.0859375
3 0.58828125 0.2921875 0.0796875 0.08984375
3 0.64453125 0.26171875 0.07421875 0.08046875
3 0.51171875 0.2484375 0.053125 0.07578125
3 0.55078125 0.221875 0.05546875 0.07578125
3 0.15625 0.07734375 0.04375 0.071875
3 0.62890625 0.07890625 0.05546875 0.04296875
3 0.6375 0.125 0.07578125 0.0515625
6 0.871875 0.45625 0.1703125 0.1109375
3 0.47890625 0.0796875 0.04609375 0.0453125
3 0.44296875 0.01015625 0.03046875 0.01953125
3 0.45625 0.03671875 0.03984375 0.04453125
3 0.49453125 0.015625 0.03828125 0.03125
3 0.5125 0.04609375 0.0296875 0.04765625