3 0.59609375 0.421875 0.0328125 0.0625
3 0.3125 0.40625 0.03125 0.0359375
3 0.353125 0.490625 0.025 0.04375
3 0.37578125 0.84140625 0.046875 0.0859375
3 0.41640625 0.23671875 0.0421875 0.040625
3 0.59296875 0.60703125 0.0375 0.0828125
2 0.43125 0.478125 0.065625 0.15625
3 0.25234375 0.796875 0.05 0.084375
2 0.45390625 0.93046875 0.0828125 0.1390625
4 0.703125 0.534375 0.0125 0.0359375
4 0.69453125 0.5359375 0.0140625 0.034375
3 0.60546875 0.16328125 0.021875 0.0296875
3 0.57734375 0.10390625 0.0171875 0.0296875
3 0.478125 0.08515625 0.0171875 0.0234375
3 0.44921875 0.09296875 0.0171875 0.021875
3 0.22890625 0.23828125 0.0359375 0.028125
3 0.2484375 0.371875 0.034375 0.03125