3 0.45390625 0.80625 0.02734375 0.04296875
3 0.32265625 0.4921875 0.028125 0.03984375
3 0.88984375 0.6515625 0.02265625 0.04140625
3 0.19296875 0.19609375 0.02109375 0.02890625
3 0.3734375 0.96015625 0.01953125 0.0703125
3 0.30625 0.39765625 0.0234375 0.02890625
3 0.446875 0.5203125 0.02734375 0.03125
3 0.38515625 0.63515625 0.025 0.04453125
3 0.14453125 0.2296875 0.02109375 0.02734375
3 0.83125 0.9453125 0.0265625 0.0640625
3 0.7953125 0.9578125 0.0265625 0.065625
3 0.06640625 0.26640625 0.01875 0.02734375
3 0.93125 0.7328125 0.0234375 0.04765625
3 0.56875 0.84765625 0.01875 0.0640625
3 0.3953125 0.59765625 0.02421875 0.03984375
3 0.8 0.62421875 0.0265625 0.03828125
3 0.21953125 0.24375 0.02109375 0.0265625
3 0.09296875 0.29765625 0.01875 0.028125
3 0.05625 0.1 0.0171875 0.02109375
3 0.15625 0.35859375 0.02265625 0.03203125
3 0.93515625 0.24296875 0.01640625 0.02421875
3 0.8859375 0.4515625 0.01875 0.02578125
2 0.9234375 0.603125 0.0359375 0.0703125
3 0.890625 0.3328125 0.0140625 0.02734375
3 0.365625 0.45390625 0.01875 0.02578125
3 0.98046875 0.38515625 0.015625 0.03125
3 0.9734375 0.3140625 0.01640625 0.03828125
3 0.06171875 0.065625 0.01875 0.0234375
3 0.98046875 0.209375 0.0140625 0.028125
3 0.421875 0.9703125 0.01875 0.059375
6 0.01640625 0.05546875 0.0265625 0.04453125
3 0.075 0.1578125 0.0171875 0.0296875
3 0.96640625 0.45859375 0.0140625 0.03125
3 0.0203125 0.0234375 0.015625 0.02109375
3 0.528125 0.63046875 0.025 0.0421875
3 0.91953125 0.88671875 0.025 0.05546875
3 0.9921875 0.5359375 0.0140625 0.04921875
3 0.703125 0.3 0.01953125 0.04921875
3 0.75234375 0.2265625 0.01875 0.05390625
3 0.034375 0.053125 0.01484375 0.02578125
3 0.98984375 0.3109375 0.01484375 0.03359375
3 0.29609375 0.3265625 0.028125 0.03671875
3 0.45078125 0.98984375 0.01953125 0.0203125
3 0.09921875 0.13828125 0.01640625 0.02578125
3 0.7109375 0.22890625 0.01640625 0.02578125
3 0.153125 0.15078125 0.01484375 0.02578125
3 0.815625 0.74765625 0.028125 0.0515625
3 0.80078125 0.69453125 0.028125 0.05
3 0.17734375 0.234375 0.021875 0.03046875
2 0.71875 0.8140625 0.06640625 0.15703125
1 0.9546875 0.21328125 0.00625 0.01640625
1 0.86015625 0.5203125 0.01015625 0.0234375
1 0.834375 0.840625 0.0125 0.03203125
3 0.86015625 0.9453125 0.02421875 0.046875
3 0.67265625 0.81328125 0.021875 0.0578125
3 0.6921875 0.74375 0.02109375 0.04375
3 0.20703125 0.28671875 0.021875 0.034375
3 0.1171875 0.34375 0.021875 0.034375
3 0.115625 0.04453125 0.02109375 0.02578125
3 0.79453125 0.25 0.03125 0.0328125
3 0.82421875 0.259375 0.03046875 0.028125
3 0.825 0.32734375 0.034375 0.02421875
3 0.7234375 0.36875 0.0125 0.034375
3 0.71484375 0.31171875 0.01328125 0.03515625
3 0.72578125 0.28125 0.0140625 0.0375
3 0.7125 0.27734375 0.0125 0.0328125
3 0.68515625 0.2640625 0.01640625 0.03515625
3 0.6953125 0.21484375 0.01171875 0.03984375
3 0.71328125 0.1984375 0.0125 0.03203125
3 0.72578125 0.20625 0.0125 0.03046875
3 0.80078125 0.228125 0.02578125 0.021875
3 0.82734375 0.19140625 0.02421875 0.02421875
3 0.8109375 0.16171875 0.028125 0.02265625
3 0.82734375 0.1765625 0.028125 0.02265625
3 0.82578125 0.14453125 0.0265625 0.025
3 0.759375 0.15078125 0.0125 0.02578125
3 0.74765625 0.146875 0.01171875 0.028125
3 0.734375 0.13984375 0.0109375 0.02578125
3 0.71875 0.15390625 0.0125 0.0375
3 0.70546875 0.15078125 0.01328125 0.03828125
3 0.94296875 0.11015625 0.01171875 0.0265625
3 0.978125 0.12109375 0.0109375 0.0265625
3 0.971875 0.07265625 0.01015625 0.02734375
3 0.55546875 0.30625 0.01796875 0.0375