3 0.01875 0.09375 0.0375 0.05
3 0.1625 0.1015625 0.0375 0.04375
3 0.1140625 0.1625 0.0375 0.0421875
3 0.228125 0.10859375 0.0375 0.0484375
3 0.146875 0.2484375 0.0390625 0.05
3 0.25625 0.465625 0.040625 0.0671875
3 0.271875 0.0375 0.0328125 0.046875
3 0.24921875 0.325 0.0390625 0.05625
3 0.0953125 0.040625 0.034375 0.028125
3 0.3375 0.22890625 0.0390625 0.05625
3 0.15 0.04140625 0.0375 0.0390625
3 0.50625 0.54453125 0.0421875 0.0765625
3 0.371875 0.3390625 0.0328125 0.0515625
2 0.33828125 0.13984375 0.0921875 0.15
3 0.32734375 0.421875 0.028125 0.0328125
4 0.6828125 0.4046875 0.0125 0.0265625
2 0.7890625 0.94765625 0.05625 0.0703125
4 0.59296875 0.603125 0.0109375 0.0171875
4 0.6015625 0.6109375 0.0109375 0.0203125
4 0.66875 0.46015625 0.0078125 0.01875
4 0.65546875 0.4421875 0.009375 0.01875
4 0.6625 0.45078125 0.009375 0.01875
4 0.68984375 0.409375 0.0078125 0.021875
4 0.68828125 0.39296875 0.009375 0.015625
4 0.63828125 0.21953125 0.0109375 0.028125
4 0.57734375 0.2875 0.00625 0.0125
4 0.54375 0.3328125 0.0078125 0.0203125
4 0.66015625 0.36796875 0.009375 0.015625
4 0.16015625 0.96328125 0.025 0.0359375