3 0.8953125 0.24296875 0.05625 0.0640625
3 0.84921875 0.18359375 0.04375 0.040625
3 0.9015625 0.1296875 0.040625 0.034375
3 0.30546875 0.303125 0.040625 0.0515625
2 0.2671875 0.8734375 0.121875 0.1234375
2 0.3984375 0.790625 0.15625 0.175
2 0.5390625 0.69765625 0.146875 0.1625
2 0.66484375 0.63125 0.13125 0.146875
2 0.77890625 0.56171875 0.1171875 0.14375
3 0.57265625 0.60078125 0.0546875 0.059375
3 0.45234375 0.678125 0.0515625 0.05625
3 0.63828125 0.5671875 0.05 0.053125
3 0.69375 0.53515625 0.05 0.059375
3 0.71171875 0.490625 0.0515625 0.0515625
3 0.54921875 0.51484375 0.0265625 0.0453125
3 0.51328125 0.63515625 0.065625 0.05625
3 0.38359375 0.7 0.0671875 0.0625
3 0.575 0.50234375 0.0328125 0.0609375
3 0.59921875 0.4890625 0.0328125 0.05625
3 0.615625 0.47265625 0.034375 0.0515625
3 0.490625 0.0703125 0.0234375 0.03125
3 0.2578125 0.7609375 0.053125 0.09375