3 0.46796875 0.303125 0.0453125 0.040625
3 0.20546875 0.675 0.03125 0.0734375
3 0.30078125 0.41015625 0.0453125 0.0484375
3 0.52109375 0.6 0.0421875 0.0953125
3 0.46640625 0.49375 0.0296875 0.065625
3 0.4828125 0.4546875 0.0296875 0.065625
3 0.9671875 0.328125 0.028125 0.04375
3 0.440625 0.1390625 0.028125 0.05625
2 0.6234375 0.853125 0.0640625 0.171875
2 0.41328125 0.46796875 0.0640625 0.184375
2 0.3890625 0.18515625 0.0390625 0.103125
4 0.86015625 0.70078125 0.0109375 0.0171875
4 0.85390625 0.7765625 0.0109375 0.021875
4 0.52890625 0.05703125 0.0078125 0.01875