3 0.5109375 0.48671875 0.0484375 0.0296875
3 0.2140625 0.46875 0.04453125 0.0265625
3 0.1640625 0.50703125 0.059375 0.03828125
1 0.6171875 0.8734375 0.02734375 0.06171875
3 0.1515625 0.484375 0.04765625 0.02265625
3 0.4875 0.45703125 0.04375 0.0296875
3 0.2875 0.4796875 0.053125 0.0296875
3 0.371875 0.49296875 0.05859375 0.03359375
1 0.54765625 0.8921875 0.0265625 0.07578125
4 0.57890625 0.903125 0.0265625 0.07578125
1 0.51640625 0.8625 0.03671875 0.06484375
3 0.72578125 0.3984375 0.0203125 0.0203125
1 0.81640625 0.53125 0.0125 0.03984375
1 0.66875 0.4953125 0.025 0.0265625
3 0.2265625 0.5 0.0515625 0.03046875
2 0.265625 0.91171875 0.26640625 0.1765625
1 0.63203125 0.56484375 0.02421875 0.0359375
1 0.709375 0.41640625 0.01875 0.01953125
1 0.50625 0.9421875 0.03671875 0.0609375
3 0.20078125 0.95078125 0.1109375 0.0984375
4 0.05703125 0.59453125 0.0234375 0.03984375
1 0.05625 0.67109375 0.02890625 0.0484375
1 0.8140625 0.51796875 0.02890625 0.0265625
3 0.95625 0.60703125 0.0875 0.0515625
3 0.58828125 0.4171875 0.02578125 0.021875
3 0.603125 0.42265625 0.02578125 0.025
3 0.60859375 0.40078125 0.0203125 0.021875
3 0.62421875 0.40625 0.02265625 0.02265625
3 0.6578125 0.4 0.02109375 0.0203125
3 0.62421875 0.38828125 0.01796875 0.01640625
3 0.66015625 0.37890625 0.0171875 0.01953125
3 0.675 0.36875 0.01796875 0.0171875
3 0.6875 0.35859375 0.015625 0.0140625
3 0.675 0.3546875 0.01328125 0.01484375
3 0.6640625 0.3625 0.01484375 0.01640625
3 0.653125 0.365625 0.01796875 0.0171875
2 0.65078125 0.4296875 0.07421875 0.06015625
2 0.73515625 0.36796875 0.03359375 0.0375
2 0.70234375 0.3421875 0.02421875 0.02890625
2 0.6734375 0.340625 0.03984375 0.0296875
3 0.7234375 0.3265625 0.01484375 0.0140625
1 0.5796875 0.3890625 0.009375 0.015625
1 0.58203125 0.403125 0.0078125 0.015625
4 0.534375 0.415625 0.00703125 0.015625
1 0.52421875 0.42578125 0.0078125 0.01875
1 0.51875 0.434375 0.00703125 0.01953125
1 0.47265625 0.43984375 0.009375 0.0203125
1 0.48515625 0.4375 0.009375 0.01796875
1 0.4953125 0.43203125 0.00859375 0.02265625
1 0.50390625 0.43046875 0.0078125 0.02265625
4 0.559375 0.38046875 0.00703125 0.021875
4 0.63046875 0.34609375 0.0046875 0.01484375
1 0.75390625 0.44296875 0.009375 0.0265625
1 0.81328125 0.36484375 0.00703125 0.0171875
1 0.78203125 0.40078125 0.00859375 0.01796875
1 0.8265625 0.33671875 0.00703125 0.0140625
4 0.83359375 0.34140625 0.00625 0.015625
4 0.83359375 0.465625 0.0125 0.0203125
4 0.85 0.4734375 0.00625 0.0171875
4 0.85546875 0.47421875 0.00703125 0.01875
4 0.69375 0.83984375 0.03203125 0.05859375
1 0.01953125 0.73046875 0.03828125 0.0515625
4 0.09609375 0.61015625 0.01484375 0.03359375
4 0.09453125 0.60078125 0.015625 0.034375
3 0.07421875 0.4375 0.04609375 0.0296875
1 0.3953125 0.44921875 0.0171875 0.02109375
4 0.3796875 0.42578125 0.00625 0.0203125
4 0.984375 0.50859375 0.0109375 0.021875
4 0.875 0.48359375 0.0140625 0.01953125
4 0.88671875 0.48515625 0.01015625 0.0203125
1 0.634375 0.35078125 0.00859375 0.0171875