3 0.4234375 0.6359375 0.0234375 0.0828125
3 0.6796875 0.6140625 0.02890625 0.07421875
3 0.57109375 0.06953125 0.015625 0.05546875
3 0.60234375 0.61171875 0.02109375 0.07421875
6 0.12421875 0.97421875 0.1234375 0.0515625
3 0.6015625 0.8078125 0.03359375 0.10625
2 0.41484375 0.18515625 0.0296875 0.17578125
2 0.34609375 0.4953125 0.04921875 0.1953125
2 0.27890625 0.81640625 0.06796875 0.13515625
2 0.66796875 0.9640625 0.05 0.07109375
2 0.4375 0.97109375 0.034375 0.0578125
4 0.65859375 0.7203125 0.0078125 0.01484375
4 0.6609375 0.73359375 0.01015625 0.0140625
4 0.72734375 0.62734375 0.00703125 0.02421875
4 0.73203125 0.65859375 0.00625 0.0171875
4 0.73671875 0.66875 0.0078125 0.01796875
4 0.5671875 0.7890625 0.0109375 0.01875
4 0.6703125 0.77734375 0.00859375 0.015625
4 0.67421875 0.72890625 0.00703125 0.01953125
4 0.5671875 0.815625 0.009375 0.01796875
4 0.6890625 0.76953125 0.009375 0.01484375
4 0.5671875 0.8015625 0.009375 0.01328125