3 0.44296875 0.78984375 0.03125 0.0921875
3 0.48359375 0.2921875 0.0171875 0.034375
3 0.51640625 0.2953125 0.01875 0.0359375
3 0.4859375 0.1890625 0.0171875 0.0296875
2 0.675 0.371875 0.0484375 0.134375
2 0.45859375 0.253125 0.034375 0.115625
2 0.77578125 0.8734375 0.0828125 0.253125
2 0.38671875 0.8140625 0.065625 0.240625
2 0.734375 0.51796875 0.0734375 0.1828125
3 0.6828125 0.31640625 0.021875 0.04375
4 0.35546875 0.5390625 0.009375 0.0296875
4 0.31953125 0.56875 0.0078125 0.0265625
4 0.2921875 0.64375 0.009375 0.0265625
4 0.27890625 0.68984375 0.0109375 0.028125
4 0.28359375 0.6734375 0.0109375 0.0265625
4 0.33671875 0.46953125 0.0046875 0.0203125
4 0.34140625 0.47265625 0.0078125 0.0296875
4 0.3640625 0.45390625 0.0078125 0.0296875
4 0.37421875 0.4484375 0.0078125 0.0265625
4 0.35625 0.4578125 0.0078125 0.025
4 0.35234375 0.46328125 0.0109375 0.03125
4 0.4109375 0.55859375 0.0109375 0.03125
4 0.24609375 0.75625 0.009375 0.0328125
4 0.2640625 0.73046875 0.009375 0.0296875
4 0.26953125 0.71953125 0.0109375 0.03125
4 0.2734375 0.7 0.0109375 0.025
4 0.36875 0.425 0.0078125 0.0234375
4 0.43359375 0.30859375 0.00625 0.028125
4 0.43828125 0.3140625 0.0078125 0.0328125
4 0.5578125 0.3328125 0.0078125 0.0203125
4 0.55546875 0.309375 0.0046875 0.0234375
4 0.55078125 0.30859375 0.0078125 0.028125
4 0.559375 0.31328125 0.0046875 0.0234375
4 0.56484375 0.32421875 0.00625 0.0296875
3 0.56484375 0.021875 0.015625 0.0234375
4 0.43359375 0.246875 0.00625 0.021875
4 0.43125 0.24921875 0.00625 0.0203125
4 0.1765625 0.21015625 0.009375 0.0265625