3 0.4859375 0.809375 0.03125 0.0453125
3 0.32265625 0.5109375 0.0328125 0.0421875
3 0.90390625 0.61015625 0.0265625 0.04375
3 0.1625 0.2296875 0.0234375 0.03125
3 0.42109375 0.9671875 0.0265625 0.065625
3 0.296875 0.41875 0.0265625 0.03125
3 0.44921875 0.52578125 0.0296875 0.034375
3 0.4 0.64609375 0.0296875 0.046875
3 0.11796875 0.26796875 0.0234375 0.0296875
3 0.87578125 0.90859375 0.0328125 0.0671875
3 0.84140625 0.92421875 0.0328125 0.06875
3 0.04453125 0.31328125 0.021875 0.0296875
3 0.953125 0.68671875 0.028125 0.05
3 0.6046875 0.83828125 0.025 0.065625
3 0.40625 0.6078125 0.028125 0.0421875
3 0.81171875 0.5921875 0.0296875 0.040625
3 0.19453125 0.27421875 0.0234375 0.028125
3 0.07421875 0.34140625 0.021875 0.0296875
3 0.0171875 0.1484375 0.01875 0.0234375
3 0.14296875 0.3953125 0.0265625 0.034375
3 0.90625 0.19921875 0.01875 0.0265625
3 0.87890625 0.41171875 0.021875 0.028125
2 0.93203125 0.55859375 0.04375 0.0734375
3 0.87109375 0.29296875 0.0171875 0.028125
3 0.36171875 0.46796875 0.021875 0.028125
3 0.965625 0.3359375 0.01875 0.0328125
3 0.9515625 0.265625 0.0203125 0.0390625
3 0.01875 0.1140625 0.021875 0.025
3 0.94765625 0.1609375 0.0171875 0.0296875
3 0.4703125 0.97265625 0.025 0.0546875
3 0.04140625 0.20390625 0.0203125 0.03125
3 0.959375 0.41015625 0.0171875 0.0328125
3 0.54140625 0.6265625 0.0296875 0.0453125
3 0.9578125 0.840625 0.03125 0.0578125
3 0.99140625 0.484375 0.0171875 0.05
3 0.68125 0.2796875 0.025 0.0515625
3 0.72265625 0.2015625 0.025 0.05625
3 0.9671875 0.2609375 0.01875 0.034375
3 0.27890625 0.3484375 0.03125 0.0390625
3 0.5015625 0.990625 0.021875 0.01875
3 0.06328125 0.18203125 0.01875 0.028125
3 0.68125 0.20859375 0.01875 0.028125
3 0.11875 0.1890625 0.0171875 0.0265625
3 0.83984375 0.71328125 0.0328125 0.0546875
3 0.81953125 0.66171875 0.0328125 0.053125
3 0.1515625 0.26953125 0.025 0.0328125
2 0.75 0.78984375 0.0828125 0.1625
1 0.921875 0.1671875 0.0078125 0.0171875
1 0.86015625 0.4828125 0.0125 0.025
1 0.86796875 0.80390625 0.015625 0.0328125
3 0.9046875 0.90546875 0.0296875 0.0484375
3 0.7046875 0.79375 0.028125 0.059375
3 0.71640625 0.72265625 0.025 0.0453125
3 0.18671875 0.31875 0.025 0.0359375
3 0.103125 0.384375 0.025 0.0359375
3 0.0703125 0.0875 0.0234375 0.028125
3 0.76640625 0.2203125 0.034375 0.0359375
3 0.79765625 0.2265625 0.0328125 0.03125
3 0.80546875 0.29453125 0.0359375 0.028125
3 0.70859375 0.34609375 0.015625 0.0359375
3 0.69375 0.290625 0.0171875 0.0359375
3 0.7015625 0.25859375 0.0171875 0.0390625
3 0.68828125 0.25625 0.015625 0.034375
3 0.659375 0.24609375 0.0203125 0.0359375
3 0.6640625 0.19609375 0.015625 0.040625
3 0.68046875 0.178125 0.015625 0.0328125
3 0.69375 0.184375 0.015625 0.03125
3 0.77109375 0.1984375 0.028125 0.025
3 0.79296875 0.15859375 0.0265625 0.0265625
3 0.77421875 0.13125 0.0296875 0.025
3 0.79140625 0.14375 0.0296875 0.025
3 0.78671875 0.1125 0.0296875 0.028125
3 0.72109375 0.12578125 0.015625 0.0265625
3 0.709375 0.12265625 0.0140625 0.0296875
3 0.6953125 0.1171875 0.0140625 0.0265625
3 0.68125 0.1328125 0.015625 0.0390625
3 0.66796875 0.13125 0.0171875 0.0390625
3 0.9 0.065625 0.0140625 0.028125
3 0.9359375 0.0734375 0.0140625 0.028125
3 0.925 0.02578125 0.0125 0.028125
3 0.53515625 0.3015625 0.021875 0.0390625