3 0.1 0.35390625 0.09375 0.1234375
3 0.609375 0.134375 0.0921875 0.0765625
3 0.8109375 0.3109375 0.128125 0.1046875
3 0.55078125 0.2796875 0.09375 0.1015625
3 0.60078125 0.240625 0.0875 0.0921875
3 0.46796875 0.25 0.065625 0.084375
3 0.5015625 0.2171875 0.0671875 0.084375
3 0.08828125 0.14375 0.05625 0.078125
3 0.55390625 0.06328125 0.0625 0.0515625
3 0.5703125 0.10703125 0.0828125 0.0640625
6 0.85859375 0.3921875 0.1875 0.1390625
3 0.40625 0.08984375 0.053125 0.053125
3 0.35859375 0.02734375 0.0328125 0.025
3 0.3765625 0.0515625 0.046875 0.05
3 0.41015625 0.02421875 0.04375 0.0375
3 0.43359375 0.05078125 0.0375 0.0515625