2 0.3765625 0.56484375 0.0296875 0.10390625
3 0.390625 0.71953125 0.0203125 0.05625
3 0.59609375 0.7953125 0.0234375 0.07421875
3 0.43046875 0.21796875 0.01640625 0.0296875
3 0.55546875 0.13984375 0.0125 0.03828125
3 0.45078125 0.30078125 0.01484375 0.0375
2 0.45625 0.15078125 0.01953125 0.07578125
3 0.40078125 0.21640625 0.015625 0.03984375
3 0.97890625 0.86015625 0.03046875 0.046875
3 0.99375 0.8953125 0.01171875 0.0703125
4 0.303125 0.51484375 0.01171875 0.03515625
3 0.953125 0.83671875 0.02109375 0.04765625
3 0.33359375 0.80703125 0.0296875 0.0828125
3 0.346875 0.99296875 0.0234375 0.0140625
2 0.67265625 0.784375 0.06171875 0.22578125
2 0.6515625 0.61015625 0.05546875 0.16953125
4 0.7296875 0.9671875 0.01015625 0.02890625
4 0.64765625 0.3796875 0.0046875 0.01796875
4 0.74140625 0.2640625 0.00859375 0.02421875
4 0.71875 0.19921875 0.0046875 0.025
4 0.7125 0.1765625 0.0078125 0.028125
4 0.61953125 0.22734375 0.0046875 0.02109375
4 0.6046875 0.2078125 0.0046875 0.02265625
4 0.6015625 0.1375 0.0046875 0.01796875
4 0.64375 0.4796875 0.00625 0.0265625
4 0.65 0.48515625 0.00546875 0.028125
4 0.63515625 0.33046875 0.0046875 0.03046875
4 0.64140625 0.334375 0.00390625 0.025