3 0.5984375 0.42578125 0.03125 0.0625
3 0.31640625 0.39921875 0.0296875 0.0359375
3 0.35390625 0.4859375 0.025 0.04375
3 0.36328125 0.8375 0.04375 0.084375
3 0.42578125 0.234375 0.040625 0.040625
3 0.5890625 0.6109375 0.034375 0.0828125
2 0.43203125 0.47578125 0.0609375 0.15625
3 0.2421875 0.78828125 0.046875 0.084375
2 0.4375 0.9296875 0.078125 0.140625
4 0.7015625 0.54140625 0.0125 0.0359375
4 0.69296875 0.54296875 0.0125 0.0328125
3 0.6171875 0.1671875 0.021875 0.0296875
3 0.59140625 0.10703125 0.015625 0.028125
3 0.49296875 0.084375 0.015625 0.0234375
3 0.46328125 0.09140625 0.015625 0.021875
3 0.2375 0.22890625 0.034375 0.028125
3 0.253125 0.36328125 0.034375 0.03125