3 0.19453125 0.4625 0.02578125 0.0578125
3 0.3296875 0.44296875 0.01875 0.0546875
3 0.296875 0.459375 0.02265625 0.06953125
3 0.18359375 0.20703125 0.0203125 0.03515625
3 0.17265625 0.36328125 0.02265625 0.06171875
3 0.28984375 0.36171875 0.01796875 0.04453125
3 0.10703125 0.4671875 0.01953125 0.05234375
3 0.31875 0.3546875 0.01875 0.0484375
3 0.20859375 0.32421875 0.01875 0.04140625
3 0.315625 0.23984375 0.01640625 0.03984375
3 0.44296875 0.9796875 0.0578125 0.040625
3 0.234375 0.178125 0.01484375 0.03125
3 0.29765625 0.1140625 0.0125 0.02890625
3 0.1140625 0.3875 0.01796875 0.0390625
3 0.12421875 0.00703125 0.0203125 0.0140625
3 0.34375 0.5328125 0.0390625 0.0484375
3 0.10390625 0.23359375 0.01796875 0.03046875
6 0.13671875 0.29921875 0.02890625 0.084375
4 0.48203125 0.00546875 0.0125 0.0109375
3 0.1046875 0.0078125 0.0203125 0.015625
2 0.45625 0.70390625 0.1375 0.1890625
3 0.31796875 0.146875 0.01640625 0.03671875
3 0.01875 0.784375 0.0296875 0.0609375
2 0.35 0.3203125 0.040625 0.14609375