3 0.40625 0.7953125 0.034375 0.046875
3 0.32578125 0.46484375 0.034375 0.04375
3 0.86171875 0.7109375 0.028125 0.04375
3 0.24453125 0.1515625 0.025 0.03125
3 0.303125 0.934375 0.0296875 0.071875
3 0.325 0.36875 0.028125 0.0328125
3 0.44453125 0.51171875 0.03125 0.034375
3 0.365625 0.615625 0.03125 0.0484375
3 0.19140625 0.17734375 0.025 0.0296875
3 0.75703125 0.97890625 0.0359375 0.0421875
3 0.71953125 0.98203125 0.0359375 0.0359375
3 0.10859375 0.2015625 0.0234375 0.0296875
3 0.88984375 0.79765625 0.03125 0.05
3 0.51328125 0.85390625 0.028125 0.065625
3 0.38125 0.5796875 0.0296875 0.04375
3 0.7765625 0.66953125 0.0328125 0.0421875
3 0.26328125 0.203125 0.025 0.0296875
3 0.1296875 0.23671875 0.0234375 0.03125
3 0.12421875 0.03515625 0.0203125 0.0234375
3 0.1828125 0.30625 0.028125 0.0359375
3 0.9703125 0.3140625 0.0203125 0.0265625
3 0.8890625 0.5125 0.021875 0.028125
2 0.90234375 0.66796875 0.046875 0.075
3 0.91171875 0.39609375 0.01875 0.0296875
3 0.37421875 0.43359375 0.021875 0.028125
3 0.990625 0.46171875 0.01875 0.0328125
3 0.99296875 0.390625 0.0140625 0.040625
3 0.134375 0.0078125 0.021875 0.015625
3 0.34921875 0.95234375 0.028125 0.0609375
3 0.13359375 0.0953125 0.021875 0.03125
3 0.9671875 0.53203125 0.01875 0.0328125
3 0.50703125 0.63359375 0.03125 0.0453125
3 0.85390625 0.94765625 0.0328125 0.059375
3 0.98046875 0.6125 0.021875 0.0515625
3 0.73203125 0.334375 0.0265625 0.0515625
3 0.7921875 0.26953125 0.0265625 0.05625
3 0.32578125 0.296875 0.0328125 0.040625
3 0.375 0.97578125 0.021875 0.0234375
3 0.1609375 0.0796875 0.0203125 0.028125
3 0.75078125 0.265625 0.0203125 0.028125
3 0.21171875 0.10078125 0.01875 0.028125
3 0.77265625 0.79375 0.0359375 0.0546875
3 0.76640625 0.7390625 0.0359375 0.053125
3 0.22265625 0.1875 0.0265625 0.0328125
2 0.6671875 0.84453125 0.090625 0.165625
1 0.99375 0.28828125 0.009375 0.0171875
1 0.85234375 0.5765625 0.0140625 0.025
1 0.77734375 0.8890625 0.0171875 0.0328125
3 0.7859375 0.98515625 0.03125 0.0296875
3 0.621875 0.83671875 0.03125 0.0609375
3 0.6515625 0.77109375 0.028125 0.046875
3 0.24375 0.24375 0.0265625 0.0375
3 0.14609375 0.2859375 0.0265625 0.0375
3 0.8296875 0.29921875 0.0359375 0.0375
3 0.8578125 0.31328125 0.034375 0.0328125
3 0.84765625 0.38046875 0.0375 0.0296875
3 0.74140625 0.40546875 0.0171875 0.0359375
3 0.74140625 0.34765625 0.01875 0.0375
3 0.75703125 0.31953125 0.0203125 0.0390625
3 0.74453125 0.31328125 0.0171875 0.034375
3 0.71953125 0.29609375 0.021875 0.0375
3 0.7375 0.24921875 0.0171875 0.040625
3 0.7578125 0.23515625 0.0171875 0.0328125
3 0.76875 0.2453125 0.0171875 0.0328125
3 0.83984375 0.27890625 0.028125 0.025
3 0.871875 0.24609375 0.028125 0.028125
3 0.86015625 0.21484375 0.03125 0.0265625
3 0.87421875 0.23203125 0.03125 0.0265625
3 0.87734375 0.2 0.0296875 0.028125
3 0.8109375 0.1953125 0.015625 0.028125
3 0.8 0.18984375 0.015625 0.0296875
3 0.7875 0.18125 0.0140625 0.0265625
3 0.7703125 0.1921875 0.01875 0.0390625
3 0.7578125 0.1875 0.01875 0.040625
3 0.9953125 0.184375 0.009375 0.028125
3 0.58515625 0.3171875 0.0234375 0.040625