3 0.82109375 0.1546875 0.0609375 0.06875
3 0.7625 0.10859375 0.046875 0.0453125
3 0.8 0.04296875 0.04375 0.0375
3 0.26328125 0.35625 0.0453125 0.0546875
2 0.3640625 0.91875 0.1328125 0.134375
2 0.471875 0.80625 0.171875 0.1890625
2 0.5859375 0.68203125 0.1609375 0.175
2 0.69140625 0.5875 0.14375 0.1578125
2 0.7859375 0.4921875 0.1296875 0.153125
3 0.5953125 0.5796875 0.059375 0.0640625
3 0.496875 0.684375 0.05625 0.0609375
3 0.65078125 0.53125 0.0546875 0.0578125
3 0.696875 0.4875 0.05625 0.0625
3 0.703125 0.43984375 0.05625 0.05625
3 0.5515625 0.503125 0.03125 0.046875
3 0.5453125 0.62734375 0.0703125 0.0609375
3 0.43515625 0.72265625 0.071875 0.06875
3 0.5734375 0.48359375 0.0390625 0.0625
3 0.59375 0.46484375 0.0375 0.0578125
3 0.60546875 0.44609375 0.0390625 0.0546875
3 0.3875 0.08515625 0.0265625 0.034375
3 0.328125 0.81171875 0.0625 0.0984375