3 0.425 0.8359375 0.0234375 0.0828125
3 0.38828125 0.4703125 0.015625 0.04375
3 0.32578125 0.00703125 0.015625 0.01328125
2 0.5 0.109375 0.034375 0.07265625
3 0.36328125 0.071875 0.01328125 0.01875
4 0.87421875 0.5953125 0.01171875 0.02734375
3 0.334375 0.034375 0.0109375 0.01796875
3 0.36875 0.0375 0.01015625 0.0171875
3 0.484375 0.21015625 0.01640625 0.03046875
2 0.39296875 0.22734375 0.028125 0.08671875
4 0.721875 0.428125 0.00546875 0.025
4 0.7265625 0.4234375 0.00546875 0.0234375
4 0.77109375 0.40546875 0.00859375 0.02734375
4 0.50546875 0.6390625 0.00546875 0.0296875
4 0.4859375 0.75859375 0.00703125 0.03203125
4 0.5109375 0.6375 0.00546875 0.034375
4 0.48984375 0.6296875 0.009375 0.028125
4 0.4953125 0.60703125 0.00703125 0.02734375
4 0.48359375 0.6046875 0.00703125 0.0296875
4 0.4796875 0.56328125 0.0078125 0.02734375
4 0.49375 0.56328125 0.00703125 0.028125
4 0.484375 0.5453125 0.00859375 0.025
4 0.41953125 0.31640625 0.00546875 0.02421875
4 0.41171875 0.3171875 0.00703125 0.02109375
4 0.3859375 0.321875 0.00546875 0.02265625
4 0.4875 0.30546875 0.0078125 0.02421875
4 0.57109375 0.29140625 0.00625 0.0234375
4 0.5796875 0.284375 0.00625 0.02265625
4 0.43203125 0.30859375 0.00703125 0.02109375
4 0.49296875 0.296875 0.00546875 0.02265625
4 0.496875 0.296875 0.0046875 0.021875
4 0.403125 0.31484375 0.00703125 0.01953125
4 0.4609375 0.0078125 0.00390625 0.0125
4 0.68515625 0.0984375 0.0046875 0.01875
4 0.68203125 0.10859375 0.00546875 0.01328125
4 0.6875 0.1078125 0.0046875 0.0203125
4 0.54921875 0.18046875 0.00390625 0.02109375
4 0.12421875 0.1546875 0.00859375 0.025
4 0.31875 0.640625 0.00859375 0.02734375
4 0.315625 0.6 0.0078125 0.025
4 0.3234375 0.5953125 0.00703125 0.02734375
4 0.31796875 0.56796875 0.00703125 0.02578125
4 0.328125 0.62734375 0.0078125 0.03203125
4 0.334375 0.6171875 0.0078125 0.028125
4 0.30625 0.4671875 0.0078125 0.0296875
4 0.3171875 0.5359375 0.00703125 0.021875
4 0.32109375 0.53359375 0.00703125 0.0265625
4 0.325 0.52421875 0.00546875 0.025
4 0.2984375 0.48984375 0.0046875 0.0265625
4 0.21484375 0.48203125 0.00625 0.021875
4 0.240625 0.53203125 0.0078125 0.02890625
4 0.2515625 0.52578125 0.00625 0.025
4 0.24453125 0.46171875 0.009375 0.03046875
3 0.04765625 0.74453125 0.04765625 0.046875
4 0.246875 0.88671875 0.01171875 0.03515625
4 0.278125 0.80234375 0.00625 0.02265625
4 0.2859375 0.803125 0.00859375 0.040625
4 0.21484375 0.9234375 0.009375 0.03359375
4 0.2265625 0.915625 0.00859375 0.02734375
4 0.22578125 0.903125 0.01171875 0.02734375
4 0.203125 0.94296875 0.01171875 0.03671875