3 0.5125 0.48828125 0.053125 0.0375
3 0.22265625 0.42421875 0.0484375 0.0328125
3 0.1671875 0.4546875 0.0640625 0.046875
1 0.55703125 0.8875 0.0359375 0.065625
3 0.15859375 0.4296875 0.05 0.0296875
3 0.49453125 0.45546875 0.0484375 0.0359375
3 0.29296875 0.446875 0.0578125 0.0375
3 0.37421875 0.47265625 0.0625 0.0421875
1 0.4859375 0.89453125 0.0375 0.0796875
4 0.51484375 0.91015625 0.0375 0.0796875
1 0.459375 0.8609375 0.046875 0.0703125
3 0.7390625 0.43515625 0.0234375 0.0234375
1 0.8078125 0.58046875 0.01875 0.040625
1 0.6671875 0.521875 0.028125 0.0296875
3 0.2296875 0.45703125 0.05625 0.0375
2 0.20390625 0.8703125 0.290625 0.215625
1 0.6203125 0.584375 0.0296875 0.0390625
1 0.71953125 0.45 0.021875 0.021875
1 0.43671875 0.9375 0.0453125 0.065625
3 0.13359375 0.8984375 0.125 0.1140625
4 0.04765625 0.52421875 0.0296875 0.04375
1 0.03515625 0.59921875 0.0359375 0.053125
1 0.80703125 0.5671875 0.0328125 0.03125
3 0.93359375 0.67734375 0.09375 0.0640625
3 0.6 0.43203125 0.028125 0.025
3 0.6140625 0.43984375 0.0296875 0.028125
3 0.62265625 0.41875 0.0234375 0.025
3 0.6375 0.4265625 0.0265625 0.0265625
3 0.671875 0.42578125 0.0234375 0.0234375
3 0.63984375 0.409375 0.0203125 0.01875
3 0.67734375 0.40546875 0.0203125 0.021875
3 0.69375 0.39765625 0.0203125 0.0203125
3 0.70703125 0.38984375 0.0171875 0.015625
3 0.6953125 0.38359375 0.015625 0.0171875
3 0.68359375 0.38984375 0.0171875 0.01875
3 0.671875 0.39140625 0.0203125 0.0203125
2 0.66015625 0.45390625 0.0828125 0.0703125
2 0.753125 0.40625 0.0390625 0.0421875
2 0.72421875 0.37578125 0.028125 0.0328125
2 0.69609375 0.36953125 0.04375 0.0359375
3 0.74765625 0.36328125 0.0171875 0.015625
1 0.59609375 0.403125 0.0109375 0.0171875
1 0.59609375 0.4171875 0.0109375 0.0171875
4 0.546875 0.421875 0.009375 0.0171875
1 0.53515625 0.43046875 0.0109375 0.0203125
1 0.52890625 0.43828125 0.009375 0.0203125
1 0.48203125 0.4359375 0.0125 0.021875
1 0.4953125 0.4359375 0.0125 0.01875
1 0.50625 0.43203125 0.0125 0.0234375
1 0.51484375 0.43203125 0.0109375 0.0234375
4 0.57734375 0.39140625 0.0109375 0.0234375
4 0.653125 0.36875 0.00625 0.015625
1 0.759375 0.48359375 0.0140625 0.028125
1 0.83046875 0.415625 0.009375 0.01875
1 0.79375 0.44609375 0.0109375 0.01875
1 0.8484375 0.38984375 0.009375 0.015625
4 0.85390625 0.3953125 0.009375 0.0171875
4 0.83515625 0.51796875 0.015625 0.021875
4 0.85 0.52890625 0.009375 0.0171875
4 0.85546875 0.53046875 0.009375 0.0203125
4 0.63828125 0.865625 0.040625 0.0625
1 0.00546875 0.6515625 0.0109375 0.05625
4 0.08359375 0.5453125 0.0203125 0.0359375
4 0.08359375 0.5359375 0.0203125 0.0359375
3 0.0890625 0.371875 0.05 0.0359375
1 0.4046875 0.43359375 0.0203125 0.0234375
4 0.39296875 0.4078125 0.009375 0.0203125
4 0.97734375 0.584375 0.0140625 0.0234375
4 0.87265625 0.5421875 0.0171875 0.021875
4 0.884375 0.54609375 0.0125 0.021875
1 0.65625 0.3734375 0.0109375 0.01875