3 0.384375 0.82421875 0.0328125 0.084375
3 0.39296875 0.45703125 0.0203125 0.0453125
2 0.54765625 0.1125 0.04375 0.0765625
3 0.41640625 0.05859375 0.015625 0.0203125
4 0.86015625 0.63984375 0.015625 0.028125
3 0.3921875 0.01796875 0.0125 0.01875
3 0.42578125 0.025 0.0125 0.01875
3 0.51953125 0.21015625 0.0203125 0.0328125
2 0.42734375 0.21640625 0.0390625 0.0890625
4 0.72890625 0.45546875 0.0078125 0.025
4 0.734375 0.4515625 0.0078125 0.0234375
4 0.78046875 0.4390625 0.0125 0.028125
4 0.48828125 0.6390625 0.009375 0.0296875
4 0.4546875 0.7546875 0.0109375 0.0328125
4 0.49375 0.6375 0.009375 0.034375
4 0.47421875 0.62734375 0.0125 0.0296875
4 0.48203125 0.60546875 0.0109375 0.028125
4 0.47109375 0.6015625 0.0109375 0.0296875
4 0.471875 0.56015625 0.0109375 0.028125
4 0.4859375 0.56171875 0.0109375 0.028125
4 0.47890625 0.54296875 0.0109375 0.0265625
4 0.4421875 0.3078125 0.0078125 0.025
4 0.434375 0.3078125 0.009375 0.021875
4 0.40859375 0.309375 0.0078125 0.0234375
4 0.5109375 0.30546875 0.0109375 0.025
4 0.59609375 0.3015625 0.009375 0.0234375
4 0.60546875 0.2953125 0.009375 0.0234375
4 0.45625 0.3015625 0.009375 0.021875
4 0.51796875 0.29765625 0.0078125 0.0234375
4 0.521875 0.29765625 0.0078125 0.021875
4 0.4265625 0.3046875 0.009375 0.0203125
4 0.52109375 0.00703125 0.0046875 0.0125
4 0.7328125 0.12421875 0.00625 0.01875
4 0.728125 0.13359375 0.0078125 0.0140625
4 0.73359375 0.13359375 0.0078125 0.0203125
4 0.5875 0.1890625 0.00625 0.021875
4 0.16875 0.11171875 0.0109375 0.0265625
4 0.303125 0.6171875 0.0125 0.028125
4 0.3046875 0.5765625 0.0109375 0.025
4 0.31328125 0.5734375 0.0109375 0.028125
4 0.3109375 0.5453125 0.009375 0.0265625
4 0.3140625 0.60546875 0.0109375 0.0328125
4 0.32109375 0.59609375 0.0109375 0.028125
4 0.31171875 0.44375 0.0109375 0.0296875
4 0.3140625 0.51328125 0.009375 0.021875
4 0.31796875 0.51171875 0.0109375 0.0265625
4 0.3234375 0.50234375 0.0078125 0.025
4 0.3015625 0.465625 0.0078125 0.0265625
4 0.21953125 0.44765625 0.009375 0.021875
4 0.23828125 0.5 0.0109375 0.0296875
4 0.25 0.4953125 0.009375 0.025
4 0.25078125 0.43125 0.0125 0.03125
3 0.0234375 0.68671875 0.046875 0.0515625
4 0.2015625 0.853125 0.015625 0.0359375
4 0.24296875 0.7734375 0.009375 0.0234375
4 0.25078125 0.775 0.0140625 0.040625
4 0.165625 0.88515625 0.0140625 0.034375
4 0.178125 0.87890625 0.0125 0.028125
4 0.17890625 0.86640625 0.015625 0.028125
4 0.1515625 0.903125 0.015625 0.0375