2 0.37890625 0.56875 0.0328125 0.1046875
3 0.3984375 0.7234375 0.021875 0.05625
3 0.60625 0.79140625 0.0265625 0.075
3 0.4203125 0.2203125 0.0171875 0.0296875
3 0.54296875 0.13828125 0.0140625 0.0390625
3 0.44375 0.30234375 0.015625 0.0375
2 0.44375 0.15234375 0.021875 0.0765625
3 0.390625 0.2203125 0.0171875 0.040625
3 0.9875 0.84296875 0.025 0.0484375
4 0.30390625 0.521875 0.0125 0.0359375
3 0.96484375 0.8203125 0.0234375 0.0484375
3 0.34453125 0.8125 0.0328125 0.084375
3 0.36328125 0.99453125 0.0234375 0.0109375
2 0.6828125 0.778125 0.0703125 0.228125
2 0.65546875 0.6046875 0.0609375 0.171875
4 0.74609375 0.95859375 0.0109375 0.0296875
4 0.64375 0.37421875 0.0046875 0.01875
4 0.7328125 0.25546875 0.009375 0.025
4 0.7078125 0.19140625 0.00625 0.025
4 0.70078125 0.16953125 0.009375 0.028125
4 0.61015625 0.2234375 0.0046875 0.021875
4 0.59453125 0.2046875 0.00625 0.0234375
4 0.5890625 0.134375 0.0046875 0.01875
4 0.64296875 0.475 0.0078125 0.0265625
4 0.64921875 0.4796875 0.00625 0.028125
4 0.62890625 0.32578125 0.00625 0.03125
4 0.63515625 0.3296875 0.0046875 0.025