2 0.92890625 0.32109375 0.0671875 0.040625
2 0.53828125 0.31328125 0.0609375 0.046875
3 0.346875 0.26640625 0.0328125 0.0296875
3 0.3359375 0.35625 0.0296875 0.0359375
3 0.25234375 0.31328125 0.0296875 0.034375
3 0.2265625 0.23515625 0.0265625 0.0265625
3 0.340625 0.23125 0.028125 0.0296875
3 0.3015625 0.196875 0.0296875 0.034375
3 0.68125 0.321875 0.03125 0.0296875
1 0.61015625 0.32109375 0.01875 0.0203125
1 0.53828125 0.38125 0.03125 0.0296875
3 0.73125 0.3 0.03125 0.0265625
3 0.80625 0.32578125 0.0328125 0.0265625
3 0.803125 0.3015625 0.0296875 0.025
3 0.92578125 0.30078125 0.0328125 0.028125
3 0.85234375 0.4234375 0.028125 0.0296875
3 0.759375 0.4515625 0.03125 0.034375
3 0.57578125 0.4421875 0.0296875 0.025
3 0.57421875 0.4171875 0.028125 0.028125
3 0.42421875 0.425 0.0359375 0.0296875
3 0.26484375 0.4734375 0.01875 0.0359375
3 0.08125 0.21328125 0.028125 0.03125
3 0.09765625 0.109375 0.0234375 0.0328125
3 0.15625 0.18671875 0.0234375 0.0296875
3 0.3 0.6328125 0.0328125 0.05625
3 0.23984375 0.74765625 0.034375 0.0375
3 0.71953125 0.084375 0.025 0.03125
3 0.73125 0.0625 0.025 0.0421875