3 0.5046875 0.7953125 0.0390625 0.09375
3 0.440625 0.3 0.0203125 0.0359375
3 0.4734375 0.29609375 0.021875 0.0359375
3 0.42109375 0.1984375 0.0203125 0.03125
2 0.64453125 0.3390625 0.0609375 0.1375
2 0.40859375 0.2671875 0.0453125 0.1171875
2 0.8484375 0.81171875 0.109375 0.2640625
2 0.4546875 0.83046875 0.090625 0.24375
2 0.7328125 0.46875 0.0921875 0.1875
3 0.640625 0.28203125 0.0265625 0.0453125
4 0.3671875 0.56875 0.0125 0.03125
4 0.3375 0.6046875 0.0109375 0.0265625
4 0.3265625 0.684375 0.0125 0.028125
4 0.3234375 0.73125 0.0140625 0.0296875
4 0.32421875 0.71484375 0.0140625 0.0265625
4 0.33359375 0.50390625 0.00625 0.0203125
4 0.3390625 0.50625 0.0109375 0.0296875
4 0.35703125 0.4828125 0.0109375 0.0296875
4 0.36640625 0.47578125 0.0109375 0.0265625
4 0.35 0.4890625 0.009375 0.025
4 0.3484375 0.49453125 0.0125 0.03125
4 0.425 0.57578125 0.0125 0.03125
4 0.30546875 0.80390625 0.0125 0.0328125
4 0.3171875 0.77421875 0.0125 0.0296875
4 0.3203125 0.7625 0.0140625 0.03125
4 0.3203125 0.74296875 0.0125 0.025
4 0.35625 0.45390625 0.0109375 0.0234375
4 0.3953125 0.3265625 0.009375 0.028125
4 0.4015625 0.33046875 0.0109375 0.0328125
4 0.521875 0.32421875 0.009375 0.0203125
4 0.51484375 0.30234375 0.0078125 0.0234375
4 0.51015625 0.30234375 0.0109375 0.028125
4 0.51875 0.3046875 0.0078125 0.0234375
4 0.5265625 0.31484375 0.009375 0.0296875
3 0.4640625 0.01875 0.0171875 0.025
4 0.38203125 0.26640625 0.009375 0.021875
4 0.38046875 0.26875 0.0078125 0.0203125
4 0.1234375 0.28359375 0.0125 0.028125