3 0.51328125 0.4890625 0.053125 0.0375
3 0.22421875 0.41953125 0.0484375 0.034375
3 0.16796875 0.4484375 0.065625 0.0484375
1 0.55078125 0.88828125 0.0375 0.065625
3 0.159375 0.42421875 0.0515625 0.03125
3 0.4953125 0.45546875 0.0484375 0.0375
3 0.29453125 0.44296875 0.0578125 0.0390625
3 0.375 0.47109375 0.0640625 0.04375
1 0.47890625 0.89453125 0.0390625 0.0796875
4 0.5078125 0.9109375 0.0390625 0.0796875
1 0.453125 0.86015625 0.046875 0.0703125
3 0.73984375 0.4390625 0.0234375 0.0234375
1 0.80625 0.5859375 0.01875 0.0421875
1 0.6671875 0.525 0.0296875 0.03125
3 0.23046875 0.45234375 0.05625 0.0390625
2 0.19765625 0.86484375 0.29375 0.2203125
1 0.61875 0.58671875 0.0296875 0.0390625
1 0.72109375 0.45390625 0.021875 0.021875
1 0.4296875 0.93671875 0.046875 0.065625
3 0.12734375 0.8921875 0.1265625 0.115625
4 0.04765625 0.51640625 0.0296875 0.04375
1 0.03359375 0.59140625 0.0375 0.053125
1 0.80625 0.571875 0.0328125 0.03125
3 0.93046875 0.684375 0.0953125 0.065625
3 0.6015625 0.43359375 0.0296875 0.0265625
3 0.61484375 0.44140625 0.0296875 0.0296875
3 0.62421875 0.42109375 0.0234375 0.025
3 0.63828125 0.42890625 0.0265625 0.0265625
3 0.67265625 0.42890625 0.025 0.0234375
3 0.64140625 0.41171875 0.0203125 0.01875
3 0.67890625 0.40859375 0.0203125 0.021875
3 0.6953125 0.40078125 0.0203125 0.0203125
3 0.709375 0.39296875 0.0171875 0.0171875
3 0.69765625 0.3875 0.015625 0.0171875
3 0.68515625 0.39296875 0.0171875 0.01875
3 0.67421875 0.39453125 0.0203125 0.0203125
2 0.6609375 0.45703125 0.0828125 0.071875
2 0.7546875 0.4109375 0.0390625 0.0421875
2 0.7265625 0.3796875 0.028125 0.0328125
2 0.6984375 0.3734375 0.04375 0.0359375
3 0.75 0.36796875 0.0171875 0.0171875
1 0.59765625 0.4046875 0.0125 0.0171875
1 0.59765625 0.41875 0.0109375 0.0171875
4 0.5484375 0.42265625 0.009375 0.0171875
1 0.53671875 0.43125 0.0109375 0.0203125
1 0.5296875 0.43828125 0.0109375 0.0203125
1 0.48359375 0.4359375 0.0125 0.021875
1 0.49609375 0.4359375 0.0125 0.01875
1 0.50703125 0.43203125 0.0125 0.0234375
1 0.515625 0.43203125 0.0109375 0.0234375
4 0.57890625 0.39296875 0.0109375 0.0234375
4 0.65546875 0.37109375 0.0078125 0.015625
1 0.76015625 0.48828125 0.0140625 0.028125
1 0.83203125 0.42109375 0.009375 0.01875
1 0.7953125 0.4515625 0.0109375 0.01875
1 0.85 0.39609375 0.009375 0.015625
4 0.85625 0.4015625 0.009375 0.0171875
4 0.834375 0.52421875 0.015625 0.021875
4 0.84921875 0.534375 0.009375 0.01875
4 0.8546875 0.53671875 0.0109375 0.0203125
4 0.63203125 0.86796875 0.0421875 0.0625
1 0.0046875 0.64296875 0.009375 0.0578125
4 0.0828125 0.53828125 0.0203125 0.0359375
4 0.0828125 0.52890625 0.021875 0.0359375
3 0.09140625 0.36484375 0.05 0.0375
1 0.40546875 0.43203125 0.0203125 0.0234375
4 0.39453125 0.40625 0.009375 0.0203125
4 0.97578125 0.5921875 0.0140625 0.0234375
4 0.871875 0.54921875 0.0171875 0.021875
4 0.88359375 0.55234375 0.0140625 0.021875
1 0.65859375 0.3765625 0.0109375 0.01875