3 0.640625 0.2328125 0.021875 0.065625
3 0.36484375 0.11171875 0.034375 0.0640625
3 0.65546875 0.3359375 0.034375 0.090625
3 0.64765625 0.13984375 0.028125 0.0703125
3 0.40078125 0.1875 0.03125 0.0703125
3 0.32265625 0.2234375 0.04375 0.078125
3 0.6609375 0.075 0.0265625 0.046875
3 0.4625 0.015625 0.0375 0.03125
3 0.6671875 0.02734375 0.028125 0.0453125
3 0.00546875 0.54140625 0.0109375 0.0453125
4 0.18359375 0.8109375 0.0109375 0.028125
2 0.5890625 0.38125 0.059375 0.265625
2 0.4453125 0.153125 0.0640625 0.1796875
2 0.15703125 0.42890625 0.1828125 0.2125
4 0.2015625 0.83515625 0.015625 0.0390625
4 0.60625 0.88359375 0.0125 0.0296875
4 0.64296875 0.571875 0.009375 0.0265625
4 0.6265625 0.559375 0.0078125 0.0265625
4 0.621875 0.553125 0.009375 0.0265625
4 0.71015625 0.42890625 0.009375 0.03125
4 0.7265625 0.43671875 0.009375 0.0359375
4 0.70859375 0.39921875 0.0125 0.034375
4 0.678125 0.2046875 0.0109375 0.03125