3 0.40859375 0.78046875 0.040625 0.09375
3 0.509375 0.29140625 0.021875 0.0359375
3 0.54140625 0.2984375 0.0234375 0.0375
3 0.52421875 0.1890625 0.0203125 0.03125
2 0.6890625 0.39453125 0.0640625 0.1375
2 0.4890625 0.25 0.046875 0.11875
2 0.728125 0.88828125 0.1125 0.2234375
2 0.34921875 0.79765625 0.09375 0.24375
2 0.73046875 0.54609375 0.0953125 0.1875
3 0.70390625 0.33984375 0.0265625 0.0453125
4 0.3515625 0.52109375 0.0140625 0.03125
4 0.3125 0.54609375 0.0109375 0.028125
4 0.2765625 0.61796875 0.0125 0.028125
4 0.25703125 0.6609375 0.0140625 0.0296875
4 0.2640625 0.6453125 0.0140625 0.0265625
4 0.34140625 0.45 0.0078125 0.0203125
4 0.3453125 0.45390625 0.0109375 0.0296875
4 0.3703125 0.4375 0.0125 0.0296875
4 0.38125 0.43359375 0.0109375 0.0265625
4 0.36171875 0.440625 0.0109375 0.025
4 0.3578125 0.4453125 0.0140625 0.03125
4 0.4046875 0.54765625 0.0140625 0.03125
4 0.2171875 0.7234375 0.0125 0.0328125
4 0.23828125 0.7 0.0140625 0.0296875
4 0.24453125 0.68984375 0.0140625 0.03125
4 0.25078125 0.67109375 0.0140625 0.025
4 0.37890625 0.409375 0.0109375 0.0234375
4 0.45703125 0.30234375 0.0109375 0.028125
4 0.46171875 0.3078125 0.0125 0.0328125
4 0.578125 0.340625 0.009375 0.0203125
4 0.578125 0.31796875 0.0078125 0.0234375
4 0.5734375 0.31640625 0.0125 0.0296875
4 0.58125 0.321875 0.0078125 0.0234375
4 0.5859375 0.33359375 0.0109375 0.0296875
3 0.62265625 0.0328125 0.0171875 0.025
4 0.46484375 0.240625 0.009375 0.021875
4 0.46171875 0.24296875 0.0078125 0.0203125
4 0.2140625 0.17265625 0.0125 0.028125