3 0.69296875 0.128125 0.0234375 0.04375
3 0.615625 0.2796875 0.02578125 0.04453125
3 0.46015625 0.51875 0.0296875 0.046875
3 0.59140625 0.25390625 0.025 0.0390625
3 0.6109375 0.1734375 0.02265625 0.03828125
3 0.5546875 0.4484375 0.02890625 0.046875
3 0.4890625 0.36953125 0.0234375 0.03515625
3 0.759375 0.02890625 0.02265625 0.04296875
3 0.73125 0.03515625 0.0234375 0.034375
3 0.6546875 0.084375 0.02109375 0.034375
3 0.86171875 0.00625 0.0234375 0.0125
3 0.4625 0.12734375 0.03125 0.0359375
3 0.46015625 0.0953125 0.0265625 0.02734375
2 0.48359375 0.528125 0.065625 0.1453125
3 0.3078125 0.79296875 0.0359375 0.06015625
2 0.2140625 0.2015625 0.04296875 0.10859375