3 0.45859375 0.7921875 0.02578125 0.090625
3 0.47265625 0.29296875 0.015625 0.03359375
3 0.50546875 0.29453125 0.0171875 0.034375
3 0.46953125 0.18984375 0.015625 0.0296875
2 0.66796875 0.36328125 0.04140625 0.13203125
2 0.44609375 0.25546875 0.028125 0.11484375
2 0.7953125 0.8625 0.06953125 0.25625
2 0.403125 0.81953125 0.05390625 0.2375
2 0.73515625 0.50546875 0.06484375 0.17890625
3 0.67265625 0.30703125 0.01953125 0.0421875
4 0.3578125 0.546875 0.00859375 0.0296875
4 0.3234375 0.578125 0.00703125 0.0265625
4 0.3 0.6546875 0.0078125 0.0265625
4 0.2890625 0.70078125 0.009375 0.028125
4 0.29296875 0.684375 0.009375 0.02578125
4 0.33515625 0.478125 0.00390625 0.01953125
4 0.33984375 0.48125 0.00625 0.02890625
4 0.36171875 0.4609375 0.00703125 0.02890625
4 0.371875 0.45546875 0.00625 0.0265625
4 0.35390625 0.465625 0.00625 0.02421875
4 0.35078125 0.47109375 0.00859375 0.03046875
4 0.4140625 0.56328125 0.00859375 0.03046875
4 0.26015625 0.76953125 0.0078125 0.03203125
4 0.2765625 0.7421875 0.00859375 0.02890625
4 0.28125 0.73125 0.009375 0.03046875
4 0.284375 0.71171875 0.009375 0.02421875
4 0.36484375 0.43203125 0.00703125 0.02265625
4 0.4234375 0.3125 0.00546875 0.028125
4 0.42890625 0.3171875 0.00625 0.0328125
4 0.54921875 0.3296875 0.00625 0.0203125
4 0.5453125 0.30703125 0.00390625 0.02265625
4 0.540625 0.30625 0.00703125 0.028125
4 0.54921875 0.31015625 0.00390625 0.02265625
4 0.55546875 0.32109375 0.00546875 0.0296875
3 0.53984375 0.01875 0.0140625 0.0234375
4 0.4203125 0.25078125 0.00546875 0.02109375
4 0.41796875 0.253125 0.0046875 0.0203125
4 0.16171875 0.22734375 0.00859375 0.0265625