3 0.45234375 0.45 0.0265625 0.0515625
3 0.38984375 0.421875 0.0234375 0.046875
3 0.44921875 0.68203125 0.028125 0.0640625
3 0.47421875 0.54609375 0.0234375 0.05
3 0.49765625 0.95625 0.0328125 0.0796875
3 0.371875 0.98203125 0.034375 0.0359375
3 0.57109375 0.0171875 0.0234375 0.034375
3 0.3765625 0.815625 0.028125 0.0640625
3 0.5 0.546875 0.025 0.0515625
3 0.540625 0.05703125 0.021875 0.03125
3 0.5953125 0.953125 0.0328125 0.078125
2 0.46875 0.02265625 0.03125 0.0453125
3 0.51640625 0.003125 0.0140625 0.00625
3 0.53359375 0.0046875 0.0171875 0.009375
4 0.46796875 0.30625 0.009375 0.021875
4 0.4453125 0.30234375 0.009375 0.01875
4 0.4546875 0.30234375 0.0109375 0.0265625
4 0.74765625 0.265625 0.0078125 0.0171875
4 0.7515625 0.26796875 0.0078125 0.0171875
4 0.80078125 0.203125 0.009375 0.021875
4 0.778125 0.17109375 0.0078125 0.0140625
4 0.78046875 0.17265625 0.0078125 0.0140625
4 0.84140625 0.16953125 0.0078125 0.0171875
4 0.8234375 0.171875 0.00625 0.01875
4 0.7765625 0.275 0.0109375 0.021875