3 0.43671875 0.83828125 0.0265625 0.0828125
3 0.3875 0.47421875 0.0171875 0.04375
3 0.30859375 0.01328125 0.015625 0.0140625
2 0.48671875 0.109375 0.0375 0.0734375
3 0.3484375 0.0765625 0.0140625 0.01875
4 0.87734375 0.58203125 0.0125 0.028125
3 0.31796875 0.040625 0.0109375 0.01875
3 0.35234375 0.0421875 0.0109375 0.0171875
3 0.47421875 0.2109375 0.0171875 0.03125
2 0.38359375 0.23125 0.03125 0.0875
4 0.71953125 0.4203125 0.00625 0.025
4 0.7234375 0.415625 0.00625 0.0234375
4 0.76796875 0.39609375 0.009375 0.028125
4 0.51015625 0.6390625 0.00625 0.0296875
4 0.4953125 0.75859375 0.0078125 0.0328125
4 0.515625 0.63671875 0.00625 0.034375
4 0.49453125 0.6296875 0.0109375 0.028125
4 0.49921875 0.60703125 0.0078125 0.028125
4 0.4875 0.60546875 0.0078125 0.0296875
4 0.48203125 0.5640625 0.009375 0.028125
4 0.49609375 0.56328125 0.0078125 0.028125
4 0.4859375 0.54609375 0.009375 0.025
4 0.41328125 0.31953125 0.00625 0.025
4 0.40546875 0.3203125 0.0078125 0.021875
4 0.3796875 0.32578125 0.00625 0.0234375
4 0.48046875 0.30625 0.009375 0.025
4 0.5640625 0.2890625 0.0078125 0.0234375
4 0.571875 0.28203125 0.0078125 0.0234375
4 0.42578125 0.3109375 0.0078125 0.021875
4 0.4859375 0.296875 0.00625 0.0234375
4 0.48984375 0.296875 0.0046875 0.021875
4 0.396875 0.31796875 0.0078125 0.0203125
4 0.44375 0.009375 0.0046875 0.0125
4 0.67109375 0.0921875 0.0046875 0.01875
4 0.66796875 0.10234375 0.00625 0.0140625
4 0.6734375 0.1015625 0.0046875 0.0203125
4 0.53828125 0.17890625 0.0046875 0.021875
4 0.1125 0.16796875 0.009375 0.025
4 0.3234375 0.646875 0.009375 0.028125
4 0.31953125 0.60625 0.009375 0.025
4 0.3265625 0.6015625 0.0078125 0.028125
4 0.3203125 0.57421875 0.0078125 0.0265625
4 0.3328125 0.63359375 0.009375 0.0328125
4 0.33828125 0.62265625 0.009375 0.028125
4 0.30546875 0.47421875 0.009375 0.0296875
4 0.31875 0.5421875 0.0078125 0.021875
4 0.32265625 0.53984375 0.0078125 0.0265625
4 0.32578125 0.53046875 0.00625 0.025
4 0.2984375 0.496875 0.00625 0.0265625
4 0.2140625 0.4921875 0.00625 0.021875
4 0.2421875 0.54140625 0.009375 0.0296875
4 0.25234375 0.534375 0.0078125 0.025
4 0.24296875 0.4703125 0.0109375 0.03125
3 0.05625 0.76015625 0.05 0.0484375
4 0.26015625 0.8953125 0.0125 0.0359375
4 0.2890625 0.81015625 0.0078125 0.0234375
4 0.296875 0.81015625 0.009375 0.040625
4 0.2296875 0.9328125 0.0109375 0.034375
4 0.24140625 0.925 0.009375 0.028125
4 0.23984375 0.9125 0.0125 0.028125
4 0.21875 0.953125 0.0125 0.0375