3 0.70546875 0.13515625 0.025 0.0453125
3 0.6234375 0.28359375 0.0265625 0.0453125
3 0.459375 0.5171875 0.03125 0.0484375
3 0.6 0.25703125 0.0265625 0.040625
3 0.62265625 0.17734375 0.0234375 0.0390625
3 0.55625 0.45 0.03125 0.0484375
3 0.49375 0.36953125 0.025 0.0359375
3 0.77578125 0.03828125 0.0234375 0.04375
3 0.74765625 0.04375 0.025 0.0359375
3 0.66875 0.08984375 0.021875 0.034375
3 0.87890625 0.01953125 0.0234375 0.0140625
3 0.47578125 0.1265625 0.0328125 0.0375
3 0.47421875 0.09453125 0.028125 0.028125
2 0.4828125 0.52734375 0.0703125 0.146875
3 0.29765625 0.7859375 0.0375 0.0609375
2 0.225 0.19140625 0.046875 0.109375