2 0.38671875 0.58125 0.04375 0.10625
3 0.421875 0.7328125 0.028125 0.0578125
3 0.6359375 0.77890625 0.0328125 0.0765625
3 0.3921875 0.23046875 0.0203125 0.03125
3 0.5046875 0.1359375 0.0171875 0.0390625
3 0.4234375 0.309375 0.0203125 0.0390625
2 0.4078125 0.16015625 0.0296875 0.078125
3 0.3625 0.2328125 0.0203125 0.0421875
4 0.30703125 0.5421875 0.0171875 0.0359375
3 0.990625 0.7703125 0.01875 0.05
3 0.378125 0.82734375 0.040625 0.0859375
2 0.7109375 0.7578125 0.0921875 0.2328125
2 0.665625 0.58828125 0.078125 0.175
4 0.7921875 0.93046875 0.0140625 0.0296875
4 0.6296875 0.36015625 0.0078125 0.01875
4 0.70625 0.2328125 0.0125 0.025
4 0.675 0.171875 0.0078125 0.025
4 0.665625 0.15 0.0109375 0.0296875
4 0.58046875 0.21328125 0.0078125 0.021875
4 0.56328125 0.19609375 0.0078125 0.0234375
4 0.55 0.1265625 0.0078125 0.01875
4 0.63984375 0.46015625 0.009375 0.0265625
4 0.64609375 0.4640625 0.009375 0.028125
4 0.61015625 0.31328125 0.009375 0.03125
4 0.6171875 0.31640625 0.0078125 0.025