3 0.440625 0.64453125 0.0328125 0.084375
3 0.6921875 0.59140625 0.0375 0.0765625
3 0.51796875 0.0640625 0.021875 0.05625
3 0.61484375 0.5984375 0.0296875 0.0765625
6 0.184375 0.99140625 0.128125 0.0171875
3 0.63828125 0.79296875 0.046875 0.109375
2 0.37734375 0.19765625 0.0515625 0.178125
2 0.346875 0.5140625 0.071875 0.2
2 0.31875 0.840625 0.084375 0.1421875
2 0.7234375 0.93984375 0.0578125 0.0765625
2 0.4953125 0.971875 0.040625 0.05625
4 0.684375 0.69921875 0.009375 0.015625
4 0.68828125 0.7125 0.0125 0.015625
4 0.74140625 0.5984375 0.009375 0.025
4 0.75 0.62890625 0.0078125 0.0171875
4 0.75546875 0.63828125 0.009375 0.01875
4 0.6015625 0.77890625 0.0125 0.0203125
4 0.703125 0.7546875 0.0109375 0.0171875
4 0.70078125 0.70625 0.009375 0.0203125
4 0.60546875 0.80546875 0.0109375 0.01875
4 0.7203125 0.74453125 0.0109375 0.015625
4 0.603125 0.79140625 0.0109375 0.0140625