3 0.796875 0.90703125 0.075 0.1296875
3 0.55703125 0.3359375 0.096875 0.2390625
3 0.62421875 0.90859375 0.078125 0.1640625
3 0.71015625 0.93046875 0.0734375 0.1
3 0.88046875 0.91015625 0.0765625 0.103125
3 0.53671875 0.91015625 0.0765625 0.1796875
3 0.28125 0.9421875 0.078125 0.115625
3 0.81640625 0.3015625 0.0921875 0.2328125
3 0.34296875 0.709375 0.0890625 0.2375
3 0.51171875 0.690625 0.0984375 0.2484375
3 0.9375 0.64765625 0.1015625 0.2640625
3 0.59609375 0.69609375 0.09375 0.2578125
3 0.3671875 0.9453125 0.075 0.109375
3 0.4546875 0.93984375 0.071875 0.1203125
3 0.16875 0.74609375 0.0984375 0.2703125
3 0.253125 0.73046875 0.09375 0.2578125
3 0.771875 0.69609375 0.1046875 0.284375
3 0.7296875 0.31640625 0.0875 0.2328125
3 0.6828125 0.67578125 0.0875 0.2359375
3 0.64765625 0.328125 0.0859375 0.2375
3 0.96015625 0.884375 0.0796875 0.140625
3 0.046875 0.38046875 0.090625 0.253125
3 0.1109375 0.94609375 0.084375 0.1078125
3 0.8546875 0.6609375 0.0984375 0.2578125
3 0.21953125 0.359375 0.0921875 0.25
3 0.12890625 0.359375 0.0875 0.2640625
3 0.89140625 0.27265625 0.0953125 0.2609375
3 0.08046875 0.75703125 0.0984375 0.26875
3 0.3890625 0.3203125 0.090625 0.2765625
3 0.4734375 0.3078125 0.0921875 0.30625
3 0.30625 0.3484375 0.0921875 0.2546875
3 0.42734375 0.721875 0.090625 0.284375
3 0.2 0.97109375 0.071875 0.0578125
3 0.96015625 0.25859375 0.0609375 0.2625
3 0.98671875 0.64140625 0.0265625 0.2515625
3 0.0078125 0.39140625 0.015625 0.2390625
3 0.05390625 0.96171875 0.0234375 0.0765625
3 0.02890625 0.75546875 0.03125 0.2125