3 0.1109375 0.9515625 0.090625 0.096875
3 0.74453125 0.22421875 0.10625 0.2328125
3 0.18828125 0.94296875 0.0953125 0.1140625
3 0.525 0.9140625 0.090625 0.171875
3 0.43828125 0.91875 0.0921875 0.1625
3 0.91171875 0.1890625 0.103125 0.2296875
3 0.246875 0.328125 0.1046875 0.2375
3 0.6125 0.89921875 0.096875 0.1796875
3 0.29921875 0.61953125 0.1078125 0.2578125
3 0.4609375 0.60859375 0.0984375 0.23125
3 0.41171875 0.3046875 0.1109375 0.2546875
3 0.07734375 0.36796875 0.103125 0.2453125
3 0.1578125 0.33125 0.09375 0.225
3 0.02421875 0.3828125 0.0484375 0.2375
3 0.66015625 0.26015625 0.1140625 0.2671875
3 0.36015625 0.928125 0.0828125 0.14375
3 0.86171875 0.86015625 0.090625 0.165625
3 0.83046875 0.20859375 0.1 0.23125
3 0.32734375 0.33046875 0.1171875 0.278125
3 0.9515625 0.8453125 0.0921875 0.1671875
3 0.69921875 0.8859375 0.084375 0.175
3 0.71171875 0.55 0.10625 0.259375
3 0.77734375 0.8703125 0.0875 0.1796875
3 0.8796875 0.51796875 0.1140625 0.2671875
3 0.9546875 0.4921875 0.090625 0.253125
3 0.49765625 0.28828125 0.1078125 0.25625
3 0.37578125 0.61875 0.10625 0.2484375
3 0.54765625 0.59140625 0.0953125 0.225
3 0.5765625 0.25546875 0.0953125 0.234375
3 0.27421875 0.93515625 0.0859375 0.1296875
3 0.11953125 0.6421875 0.1140625 0.271875
3 0.21328125 0.63046875 0.1109375 0.2734375
3 0.621875 0.56328125 0.1 0.246875
3 0.80078125 0.53203125 0.1 0.2515625
3 0.04765625 0.65 0.0953125 0.2875