3 0.471875 0.4109375 0.0875 0.234375
3 0.821875 0.403125 0.0859375 0.2515625
3 0.3109375 0.4265625 0.08125 0.2296875
3 0.90234375 0.39375 0.0890625 0.2484375
3 0.4125 0.72421875 0.0828125 0.259375
3 0.13125 0.45390625 0.0890625 0.259375
3 0.21875 0.44296875 0.0796875 0.2515625
3 0.14765625 0.76640625 0.0765625 0.234375
3 0.66796875 0.734375 0.071875 0.2265625
3 0.04453125 0.45546875 0.084375 0.2546875
3 0.73828125 0.43203125 0.090625 0.278125
3 0.8421875 0.72109375 0.078125 0.2265625
3 0.7546875 0.70546875 0.078125 0.2578125
3 0.2375 0.73203125 0.08125 0.278125
3 0.64609375 0.41015625 0.071875 0.2265625
3 0.921875 0.6921875 0.0765625 0.265625
3 0.5625 0.42421875 0.0734375 0.2421875
3 0.39296875 0.4453125 0.0765625 0.2828125
3 0.32578125 0.73125 0.0828125 0.259375
3 0.059375 0.74453125 0.08125 0.265625
3 0.57890625 0.69921875 0.08125 0.3015625
3 0.4921875 0.70546875 0.0828125 0.3109375
3 0.97421875 0.3859375 0.0515625 0.246875
3 0.98359375 0.68984375 0.0328125 0.2671875
3 0.4203125 0.98828125 0.059375 0.0234375
3 0.33984375 0.9921875 0.0546875 0.015625
3 0.246875 0.99609375 0.053125 0.0078125
3 0.55234375 0.1578125 0.0640625 0.0421875
3 0.15546875 0.99765625 0.0546875 0.0046875