3 0.8421875 0.91640625 0.06875 0.1546875
3 0.325 0.9078125 0.071875 0.184375
3 0.66796875 0.91875 0.065625 0.1546875
3 0.56953125 0.28515625 0.078125 0.2375
3 0.75625 0.903125 0.065625 0.1859375
3 0.41484375 0.9046875 0.0703125 0.190625
3 0.58359375 0.88671875 0.0703125 0.225
3 0.14921875 0.92734375 0.0671875 0.1453125
3 0.2390625 0.90390625 0.06875 0.1921875
3 0.3234375 0.63984375 0.06875 0.2328125
3 0.9203125 0.63046875 0.0796875 0.25
3 0.8375 0.63515625 0.075 0.2453125
3 0.4921875 0.62578125 0.078125 0.2375
3 0.83046875 0.27109375 0.071875 0.234375
3 0.14609375 0.66171875 0.0765625 0.2640625
3 0.23203125 0.65234375 0.0703125 0.253125
3 0.66328125 0.6328125 0.0671875 0.228125
3 0.5015625 0.8828125 0.065625 0.234375
3 0.5765625 0.64453125 0.071875 0.2515625
3 0.92265625 0.89453125 0.06875 0.1953125
3 0.7421875 0.27578125 0.0671875 0.2359375
3 0.7515625 0.66015625 0.0796875 0.271875
3 0.9109375 0.2515625 0.06875 0.234375
3 0.659375 0.284375 0.06875 0.240625
3 0.05703125 0.28046875 0.0703125 0.2453125
3 0.23125 0.275 0.0703125 0.25
3 0.4828125 0.26796875 0.0671875 0.25
3 0.06015625 0.90546875 0.0703125 0.1890625
3 0.0578125 0.66015625 0.0734375 0.26875
3 0.31796875 0.27109375 0.0734375 0.2453125
3 0.40390625 0.26953125 0.06875 0.2421875
3 0.1421875 0.27734375 0.0640625 0.25
3 0.40625 0.66171875 0.0703125 0.2796875
3 0.98515625 0.89140625 0.0296875 0.1953125
3 0.9828125 0.6203125 0.034375 0.25
3 0.978125 0.25 0.040625 0.2328125
3 0.0078125 0.284375 0.015625 0.2375
3 0.01171875 0.915625 0.0140625 0.16875