3 0.87109375 0.8921875 0.078125 0.159375
3 0.3546875 0.9125 0.084375 0.175
3 0.696875 0.90625 0.0765625 0.1578125
3 0.5546875 0.28125 0.09375 0.2421875
3 0.78359375 0.884375 0.078125 0.1890625
3 0.44296875 0.90625 0.0828125 0.1875
3 0.61015625 0.88046875 0.0859375 0.228125
3 0.1796875 0.93828125 0.078125 0.1234375
3 0.26875 0.9109375 0.08125 0.178125
3 0.33359375 0.6515625 0.084375 0.2359375
3 0.928125 0.60078125 0.096875 0.2546875
3 0.84609375 0.61171875 0.0921875 0.2484375
3 0.50078125 0.6265625 0.0953125 0.2421875
3 0.81328125 0.2484375 0.0875 0.2390625
3 0.1578125 0.6859375 0.0953125 0.26875
3 0.24375 0.6703125 0.0875 0.25625
3 0.671875 0.62109375 0.0828125 0.23125
3 0.528125 0.88203125 0.08125 0.2359375
3 0.58671875 0.6390625 0.0890625 0.25625
3 0.94921875 0.8640625 0.08125 0.2
3 0.72578125 0.259375 0.0828125 0.2390625
3 0.76171875 0.6421875 0.096875 0.2765625
3 0.8921875 0.2234375 0.084375 0.2390625
3 0.64375 0.27421875 0.0859375 0.24375
3 0.04296875 0.31171875 0.0859375 0.25
3 0.21640625 0.29453125 0.0875 0.2546875
3 0.46640625 0.2703125 0.084375 0.253125
3 0.090625 0.91953125 0.084375 0.1609375
3 0.0703125 0.690625 0.0921875 0.2734375
3 0.30234375 0.284375 0.0890625 0.25
3 0.38828125 0.2765625 0.084375 0.2453125
3 0.12734375 0.303125 0.08125 0.253125
3 0.4171875 0.66796875 0.0890625 0.2828125
3 0.99453125 0.85625 0.0109375 0.196875
3 0.98203125 0.58671875 0.0359375 0.2515625
3 0.959375 0.2171875 0.05625 0.234375
3 0.00546875 0.3203125 0.0109375 0.2375
3 0.04296875 0.93203125 0.0265625 0.1359375