3 0.459375 0.415625 0.1171875 0.240625
3 0.80546875 0.359375 0.11875 0.25625
3 0.30234375 0.453125 0.1109375 0.2359375
3 0.88359375 0.3390625 0.1203125 0.2546875
3 0.44453125 0.734375 0.1171875 0.2640625
3 0.12890625 0.50546875 0.121875 0.265625
3 0.21328125 0.4828125 0.1140625 0.25625
3 0.18828125 0.8125 0.1078125 0.2390625
3 0.69921875 0.70859375 0.103125 0.23125
3 0.05078125 0.51953125 0.1015625 0.2609375
3 0.7265625 0.39921875 0.128125 0.284375
3 0.8703125 0.671875 0.1078125 0.23125
3 0.78125 0.66796875 0.1109375 0.2625
3 0.27265625 0.76640625 0.11875 0.2828125
3 0.63203125 0.390625 0.103125 0.23125
3 0.94453125 0.63203125 0.1109375 0.2703125
3 0.5515625 0.415625 0.10625 0.246875
3 0.38671875 0.4609375 0.1140625 0.2875
3 0.36015625 0.753125 0.1171875 0.2640625
3 0.09765625 0.803125 0.1171875 0.2703125
3 0.60625 0.6859375 0.121875 0.30625
3 0.5203125 0.7046875 0.125 0.315625
3 0.9546875 0.321875 0.084375 0.2484375
3 0.98515625 0.61953125 0.0296875 0.2671875
3 0.4890625 0.9890625 0.0625 0.021875
3 0.5046875 0.15390625 0.06875 0.05