3 0.1140625 0.9265625 0.06484375 0.1421875
3 0.36875 0.921875 0.06484375 0.15625
3 0.8796875 0.2984375 0.0625 0.20546875
3 0.3625 0.62421875 0.065625 0.24609375
3 0.540625 0.92421875 0.071875 0.1515625
3 0.2765625 0.31171875 0.071875 0.234375
3 0.79140625 0.29375 0.065625 0.21640625
3 0.87265625 0.60703125 0.071875 0.26171875
3 0.88828125 0.93046875 0.07421875 0.1390625
3 0.71640625 0.92421875 0.0671875 0.1515625
3 0.4484375 0.3125 0.06953125 0.240625
3 0.27734375 0.60546875 0.06953125 0.25
3 0.19609375 0.30390625 0.06953125 0.21875
3 0.5296875 0.62265625 0.0546875 0.22109375
3 0.44375 0.61875 0.05546875 0.228125
3 0.615625 0.60859375 0.046875 0.2328125
3 0.7015625 0.6125 0.059375 0.26015625
3 0.78515625 0.6078125 0.065625 0.25390625
3 0.9625 0.6078125 0.0578125 0.26640625
3 0.95859375 0.290625 0.0609375 0.23125
3 0.6171875 0.30234375 0.05234375 0.24609375
3 0.53203125 0.31953125 0.05625 0.26171875
3 0.3625 0.325 0.06796875 0.25703125
3 0.10625 0.31953125 0.05390625 0.24609375
3 0.0328125 0.3234375 0.065625 0.234375
3 0.09609375 0.59609375 0.0609375 0.28828125
3 0.18671875 0.590625 0.0546875 0.290625
3 0.19296875 0.9296875 0.06484375 0.140625
3 0.2796875 0.92421875 0.0453125 0.1515625
3 0.03203125 0.928125 0.0640625 0.14375
3 0.0265625 0.5796875 0.053125 0.26875
3 0.45078125 0.92578125 0.0796875 0.1484375
3 0.628125 0.9296875 0.046875 0.140625
3 0.80078125 0.934375 0.059375 0.13125
3 0.96875 0.92421875 0.0625 0.1515625
3 0.7046875 0.31796875 0.07265625 0.2671875