3 0.3921875 0.7078125 0.0671875 0.2953125
3 0.64296875 0.33046875 0.05546875 0.2140625
3 0.128125 0.32890625 0.05859375 0.22109375
3 0.97578125 0.2984375 0.0484375 0.240625
3 0.903125 0.30234375 0.06484375 0.2484375
3 0.8125 0.3234375 0.053125 0.221875
3 0.73125 0.31171875 0.0671875 0.25234375
3 0.55859375 0.29609375 0.05859375 0.2765625
3 0.47421875 0.29453125 0.06328125 0.296875
3 0.3875 0.3140625 0.07421875 0.2421875
3 0.3015625 0.3078125 0.06328125 0.246875
3 0.215625 0.30234375 0.0640625 0.259375
3 0.04140625 0.3109375 0.06875 0.23671875
3 0.0390625 0.68515625 0.06171875 0.21328125
3 0.11953125 0.66953125 0.065625 0.23203125
3 0.2125 0.67109375 0.06171875 0.2171875
3 0.30390625 0.6921875 0.0515625 0.24921875