3 0.7203125 0.32265625 0.1109375 0.2375
3 0.61328125 0.66328125 0.1109375 0.2375
3 0.23671875 0.9828125 0.0828125 0.034375
3 0.1421875 0.42890625 0.1125 0.25625
3 0.11015625 0.7375 0.1125 0.2578125
3 0.3171875 0.975 0.078125 0.05
3 0.56796875 0.94296875 0.0875 0.1125
3 0.55234375 0.34453125 0.10625 0.2234375
3 0.909375 0.89609375 0.0875 0.1
3 0.2296875 0.4109375 0.103125 0.2578125
3 0.69921875 0.66328125 0.1078125 0.2359375
3 0.30859375 0.41484375 0.109375 0.2640625
3 0.05703125 0.4484375 0.1 0.2546875
3 0.18984375 0.70390625 0.1109375 0.2921875
3 0.27890625 0.7171875 0.1046875 0.234375
3 0.3609375 0.69375 0.1109375 0.275
3 0.43984375 0.6609375 0.1046875 0.28125
3 0.5265625 0.64765625 0.1140625 0.303125
3 0.78671875 0.6453125 0.10625 0.2328125
3 0.87109375 0.63046875 0.1125 0.2328125
3 0.946875 0.5984375 0.10625 0.275
3 0.39921875 0.9671875 0.0734375 0.065625
3 0.484375 0.95625 0.08125 0.0875
3 0.65625 0.9359375 0.0796875 0.0984375
3 0.7390625 0.9265625 0.071875 0.090625
3 0.82890625 0.921875 0.0703125 0.071875
3 0.9796875 0.88046875 0.040625 0.0984375
3 0.89375 0.3109375 0.1109375 0.28125
3 0.8078125 0.33359375 0.1140625 0.275
3 0.396875 0.40546875 0.1125 0.2625
3 0.4734375 0.37421875 0.1140625 0.2703125
3 0.959375 0.30390625 0.071875 0.265625
3 0.98828125 0.5796875 0.0234375 0.2625
3 0.01328125 0.453125 0.0265625 0.2125
3 0.0484375 0.7328125 0.075 0.265625
3 0.6328125 0.34375 0.1078125 0.265625