3 0.77734375 0.2140625 0.06328125 0.1265625
3 0.5234375 0.21796875 0.06796875 0.14140625
3 0.5890625 0.79375 0.07578125 0.22578125
3 0.346875 0.215625 0.0625 0.14140625
3 0.4375 0.2171875 0.05859375 0.146875
3 0.8671875 0.2140625 0.06484375 0.13046875
3 0.759375 0.8046875 0.08359375 0.23828125
3 0.346875 0.45625 0.07265625 0.23671875
3 0.184375 0.2140625 0.05703125 0.13046875
3 0.6921875 0.2015625 0.0578125 0.11953125
3 0.6015625 0.209375 0.059375 0.121875
3 0.096875 0.20703125 0.06015625 0.1125
3 0.1765625 0.8171875 0.071875 0.25625
3 0.43125 0.4453125 0.07265625 0.25390625
3 0.9546875 0.2171875 0.06640625 0.14296875
3 0.68671875 0.4625 0.0578125 0.2125
3 0.0875 0.81640625 0.0625 0.23046875
3 0.596875 0.45 0.0703125 0.24765625
3 0.428125 0.8359375 0.0671875 0.26640625
3 0.18515625 0.45546875 0.0671875 0.2484375
3 0.25703125 0.8140625 0.06796875 0.240625
3 0.2625 0.2046875 0.0578125 0.12734375
3 0.8484375 0.8328125 0.06875 0.26015625
3 0.7703125 0.4421875 0.0703125 0.2765625
3 0.0921875 0.459375 0.0671875 0.2453125
3 0.85859375 0.44296875 0.06640625 0.2578125
3 0.67578125 0.81171875 0.0625 0.25703125
3 0.51640625 0.81953125 0.06796875 0.271875
3 0.2671875 0.4640625 0.06875 0.21015625
3 0.93046875 0.83125 0.06796875 0.26484375
3 0.3421875 0.82421875 0.06484375 0.26171875
3 0.52109375 0.43125 0.06796875 0.28671875
3 0.9421875 0.4375 0.065625 0.25703125
3 0.02109375 0.19609375 0.04140625 0.109375
3 0.0203125 0.45625 0.040625 0.26484375
3 0.0171875 0.8125 0.03359375 0.22578125
3 0.015625 0.978125 0.03125 0.04296875
3 0.43046875 0.98671875 0.06015625 0.0265625
3 0.3421875 0.99140625 0.065625 0.0171875
3 0.9890625 0.8015625 0.02109375 0.2203125
3 0.515625 0.98046875 0.059375 0.0390625
3 0.99296875 0.43125 0.0140625 0.2546875
3 0.1828125 0.98046875 0.05234375 0.03828125
3 0.253125 0.98671875 0.046875 0.0265625