3 0.2296875 0.9625 0.090625 0.075
3 0.60625 0.628125 0.109375 0.2421875
3 0.71484375 0.2859375 0.109375 0.2390625
3 0.2171875 0.375 0.1 0.2453125
3 0.56484375 0.92578125 0.0921875 0.1484375
3 0.47890625 0.93984375 0.0859375 0.1203125
3 0.10234375 0.7015625 0.1125 0.2578125
3 0.31328125 0.9578125 0.0890625 0.084375
3 0.2671875 0.64140625 0.10625 0.2296875
3 0.90390625 0.8765625 0.09375 0.1390625
3 0.3 0.371875 0.096875 0.253125
3 0.546875 0.30546875 0.1046875 0.2203125
3 0.14609375 0.96640625 0.0921875 0.0671875
3 0.13203125 0.390625 0.109375 0.2578125
2 0.17734375 0.66328125 0.084375 0.21875
3 0.3515625 0.65390625 0.0953125 0.259375
3 0.43359375 0.62421875 0.1 0.271875
3 0.51484375 0.609375 0.096875 0.2828125
3 0.69140625 0.615625 0.09375 0.2453125
3 0.77578125 0.60234375 0.0953125 0.23125
3 0.8609375 0.5921875 0.0859375 0.228125
3 0.93515625 0.55078125 0.1109375 0.2609375
3 0.9828125 0.5359375 0.034375 0.253125
3 0.63125 0.309375 0.090625 0.2515625
3 0.38671875 0.36484375 0.10625 0.2546875
3 0.4734375 0.346875 0.1046875 0.2578125
3 0.8015625 0.29375 0.1078125 0.2609375
3 0.89140625 0.27421875 0.1125 0.2609375
3 0.95234375 0.259375 0.0734375 0.271875
3 0.97265625 0.86484375 0.0546875 0.1328125
3 0.821875 0.903125 0.0828125 0.1125
3 0.7375 0.9125 0.06875 0.1171875
3 0.65546875 0.92265625 0.078125 0.125
3 0.403125 0.95234375 0.06875 0.0953125
3 0.04375 0.39375 0.0875 0.21875