3 0.02890625 0.7359375 0.0578125 0.21640625
3 0.5328125 0.9375 0.06484375 0.1171875
3 0.3546875 0.18515625 0.06875 0.09140625
3 0.1078125 0.7453125 0.06640625 0.23359375
3 0.43828125 0.39375 0.06171875 0.2171875
3 0.27578125 0.375 0.06796875 0.2515625
3 0.28203125 0.74765625 0.0640625 0.24375
3 0.19453125 0.96328125 0.06015625 0.0734375
3 0.44375 0.94921875 0.0703125 0.09375
3 0.36015625 0.75390625 0.06953125 0.25625
3 0.8765625 0.7515625 0.071875 0.240625
3 0.1875 0.36875 0.06796875 0.26171875
3 0.103125 0.1765625 0.05546875 0.065625
3 0.62109375 0.7515625 0.06015625 0.24296875
3 0.35703125 0.9625 0.06484375 0.07421875
3 0.86484375 0.37578125 0.07109375 0.2515625
3 0.86796875 0.95546875 0.0640625 0.0890625
3 0.70390625 0.7421875 0.05859375 0.22890625
3 0.609375 0.95078125 0.0625 0.0921875
3 0.790625 0.7546875 0.065625 0.23828125
3 0.3515625 0.3921875 0.06484375 0.23046875
3 0.6046875 0.375 0.05546875 0.23984375
3 0.9546875 0.3703125 0.06953125 0.2421875
3 0.5359375 0.75625 0.06796875 0.25
3 0.19609375 0.7546875 0.0640625 0.253125
3 0.09453125 0.3625 0.065625 0.26953125
3 0.78359375 0.37890625 0.0625 0.24375
3 0.44921875 0.75703125 0.05703125 0.2515625
3 0.525 0.39140625 0.0578125 0.2109375
3 0.69453125 0.38046875 0.0625 0.24609375
3 0.78984375 0.95859375 0.0578125 0.0828125
3 0.96875 0.75703125 0.0625 0.2640625
3 0.10546875 0.96640625 0.0578125 0.0671875
3 0.528125 0.17578125 0.0640625 0.065625
3 0.02265625 0.35703125 0.0453125 0.271875
3 0.2734375 0.975 0.0609375 0.05
3 0.696875 0.97265625 0.06484375 0.05390625
3 0.0265625 0.95625 0.053125 0.0875
3 0.025 0.1796875 0.05 0.0640625
3 0.959375 0.95546875 0.05625 0.0890625
3 0.18203125 0.165625 0.0515625 0.03984375
3 0.4421875 0.1765625 0.06171875 0.06484375
3 0.265625 0.16484375 0.0546875 0.046875
3 0.6109375 0.16875 0.05390625 0.0421875