3 0.3171875 0.471875 0.0671875 0.22734375
3 0.57109375 0.1921875 0.0703125 0.09921875
3 0.91015625 0.47265625 0.07578125 0.24609375
3 0.48046875 0.18984375 0.0671875 0.09296875
3 0.22421875 0.48515625 0.06953125 0.24921875
3 0.40234375 0.77890625 0.07109375 0.246875
3 0.834375 0.796875 0.06875 0.225
3 0.828125 0.47890625 0.0734375 0.24453125
3 0.47890625 0.47265625 0.07421875 0.2359375
3 0.65625 0.80234375 0.06484375 0.23046875
3 0.7421875 0.50234375 0.071875 0.2734375
3 0.74140625 0.196875 0.065625 0.09296875
3 0.13984375 0.4953125 0.07421875 0.2609375
3 0.6546875 0.48046875 0.0609375 0.22421875
3 0.13671875 0.809375 0.0625 0.22734375
3 0.9140625 0.78046875 0.06015625 0.26171875
3 0.9078125 0.18125 0.0703125 0.075
3 0.57109375 0.7734375 0.0671875 0.2953125
3 0.56796875 0.4953125 0.06484375 0.25234375
3 0.05 0.49453125 0.06875 0.26171875
3 0.82421875 0.18984375 0.0671875 0.08671875
3 0.74453125 0.78515625 0.0625 0.25234375
3 0.3140625 0.7859375 0.06484375 0.259375
3 0.05 0.7875 0.06875 0.26171875
3 0.3984375 0.50546875 0.0640625 0.28046875
3 0.4828125 0.76484375 0.065625 0.30703125
3 0.2296875 0.784375 0.06796875 0.28359375
3 0.31953125 0.18671875 0.06875 0.08671875
3 0.23359375 0.18671875 0.0640625 0.0859375
3 0.65546875 0.1984375 0.0703125 0.10234375
3 0.396875 0.1875 0.06875 0.0828125
3 0.98046875 0.178125 0.0390625 0.06953125
3 0.98125 0.78203125 0.03671875 0.28359375
3 0.98125 0.47578125 0.0375 0.2453125
3 0.059375 0.190625 0.0640625 0.09609375
3 0.140625 0.19375 0.0578125 0.09375
3 0.0078125 0.1921875 0.01484375 0.0875