3 0.01015625 0.846875 0.0203125 0.175
3 0.81796875 0.31328125 0.0984375 0.2328125
3 0.05703125 0.85703125 0.090625 0.1765625
3 0.39609375 0.9046875 0.0859375 0.1765625
3 0.309375 0.88984375 0.0875 0.1828125
3 0.96953125 0.33125 0.0609375 0.228125
3 0.3125 0.25859375 0.096875 0.2359375
3 0.4828125 0.9125 0.090625 0.175
3 0.271875 0.5515625 0.1 0.2578125
3 0.4296875 0.59140625 0.0921875 0.2296875
3 0.4765625 0.28671875 0.103125 0.253125
3 0.1390625 0.24453125 0.0953125 0.2453125
3 0.2265625 0.23359375 0.0875 0.225
3 0.06171875 0.23515625 0.0890625 0.2375
3 0.7265625 0.32109375 0.1046875 0.265625
3 0.2296875 0.88046875 0.0765625 0.1765625
3 0.73203125 0.9359375 0.0859375 0.128125
3 0.90390625 0.325 0.0921875 0.23125
3 0.38828125 0.28515625 0.109375 0.2765625
3 0.821875 0.9421875 0.0875 0.115625
3 0.56953125 0.92109375 0.0796875 0.1578125
3 0.6859375 0.61328125 0.0984375 0.2578125
3 0.6484375 0.92421875 0.08125 0.1515625
3 0.85546875 0.634375 0.10625 0.265625
3 0.94453125 0.63671875 0.1 0.2515625
3 0.56328125 0.2984375 0.1 0.2546875
3 0.3453125 0.57421875 0.0984375 0.2484375
3 0.5171875 0.6015625 0.0875 0.2234375
3 0.6484375 0.29140625 0.0875 0.234375
3 0.14375 0.8671875 0.0796875 0.178125
3 0.09453125 0.51796875 0.10625 0.2703125
3 0.90703125 0.94296875 0.0828125 0.1140625
3 0.1875 0.5359375 0.1015625 0.271875
3 0.596875 0.59765625 0.0921875 0.246875
3 0.77578125 0.6234375 0.090625 0.25
3 0.0328125 0.503125 0.065625 0.2875