3 0.65234375 0.884375 0.10625 0.20625
3 0.7015625 0.55546875 0.0875 0.2203125
3 0.15234375 0.9390625 0.0890625 0.121875
3 0.0203125 0.3265625 0.040625 0.228125
3 0.8171875 0.8609375 0.1125 0.203125
3 0.32265625 0.303125 0.1046875 0.2546875
3 0.28203125 0.61328125 0.0984375 0.2140625
3 0.57265625 0.8984375 0.09375 0.196875
3 0.66484375 0.2421875 0.090625 0.234375
3 0.49609375 0.27578125 0.1 0.259375
3 0.41171875 0.9140625 0.1015625 0.171875
3 0.3640625 0.5953125 0.10625 0.246875
3 0.5765625 0.26015625 0.096875 0.2515625
3 0.7453125 0.23984375 0.0890625 0.2484375
3 0.82890625 0.228125 0.0984375 0.24375
3 0.91875 0.2171875 0.1046875 0.265625
3 0.94921875 0.50390625 0.1015625 0.2609375
3 0.86796875 0.51328125 0.1046875 0.2734375
3 0.78203125 0.53359375 0.109375 0.290625
3 0.61328125 0.54921875 0.103125 0.2671875
3 0.52734375 0.54921875 0.1078125 0.296875
3 0.44296875 0.575 0.10625 0.259375
3 0.20078125 0.61875 0.0953125 0.25625
3 0.10859375 0.63984375 0.1 0.25625
3 0.04140625 0.64375 0.0828125 0.290625
3 0.23046875 0.925 0.0859375 0.15
3 0.31953125 0.92421875 0.0859375 0.1515625
3 0.4875 0.909375 0.08125 0.18125
3 0.73125 0.8734375 0.090625 0.2015625
3 0.91015625 0.85625 0.0859375 0.1859375
3 0.965625 0.8421875 0.06875 0.19375
3 0.06953125 0.32734375 0.1015625 0.2296875
3 0.15625 0.3265625 0.1015625 0.246875
3 0.23828125 0.309375 0.1046875 0.246875
3 0.41171875 0.29921875 0.090625 0.2484375
3 0.0796875 0.94453125 0.059375 0.1109375