3 0.79609375 0.34375 0.0734375 0.225
3 0.02421875 0.9265625 0.0484375 0.109375
3 0.28671875 0.33515625 0.075 0.2328125
3 0.3515625 0.9359375 0.06875 0.11875
3 0.11328125 0.3390625 0.071875 0.240625
3 0.096875 0.92890625 0.071875 0.109375
3 0.034375 0.3390625 0.065625 0.2328125
3 0.2765625 0.63828125 0.0734375 0.2578125
3 0.4375 0.66015625 0.0703125 0.2265625
3 0.1984375 0.3265625 0.065625 0.221875
3 0.8671875 0.66015625 0.078125 0.259375
3 0.45234375 0.3484375 0.0765625 0.24375
3 0.69375 0.94609375 0.065625 0.1078125
3 0.96484375 0.34609375 0.0703125 0.2265625
3 0.87265625 0.9546875 0.0703125 0.090625
3 0.88515625 0.35 0.0671875 0.221875
3 0.70703125 0.3546875 0.0796875 0.259375
3 0.95625 0.65390625 0.0765625 0.25
3 0.53984375 0.3515625 0.075 0.2421875
3 0.52578125 0.659375 0.0671875 0.221875
3 0.696875 0.66015625 0.0703125 0.2484375
3 0.3515625 0.646875 0.0734375 0.25
3 0.184375 0.9359375 0.0625 0.1078125
3 0.43671875 0.94140625 0.06875 0.109375
3 0.26953125 0.93359375 0.059375 0.1125
3 0.615625 0.94765625 0.05625 0.1046875
3 0.78359375 0.9515625 0.0640625 0.096875
3 0.36484375 0.35703125 0.0796875 0.2703125
3 0.09609375 0.6234375 0.078125 0.275
3 0.525 0.9484375 0.071875 0.103125
3 0.6046875 0.65 0.06875 0.240625
3 0.61953125 0.33515625 0.0640625 0.2140625
3 0.95390625 0.94921875 0.0640625 0.1015625
3 0.1890625 0.63203125 0.0765625 0.26875
3 0.7859375 0.6546875 0.065625 0.246875
3 0.0265625 0.61875 0.053125 0.278125