3 0.39921875 0.21953125 0.0765625 0.16875
3 0.75390625 0.2421875 0.078125 0.1609375
3 0.2375 0.19375 0.06875 0.13125
3 0.15078125 0.18984375 0.0703125 0.140625
3 0.57734375 0.2171875 0.071875 0.1359375
3 0.37421875 0.84140625 0.0890625 0.303125
3 0.39765625 0.43671875 0.0875 0.2515625
3 0.8390625 0.228125 0.0703125 0.11875
3 0.31015625 0.4375 0.0875 0.253125
3 0.6484375 0.4734375 0.078125 0.2203125
3 0.821875 0.4828125 0.0765625 0.2234375
3 0.73828125 0.465625 0.08125 0.253125
3 0.13046875 0.43828125 0.078125 0.2265625
3 0.490625 0.18984375 0.0703125 0.1
3 0.9171875 0.23359375 0.0796875 0.11875
3 0.32890625 0.18125 0.0671875 0.1140625
3 0.6671875 0.21171875 0.06875 0.109375
3 0.90703125 0.47265625 0.084375 0.265625
3 0.02890625 0.784375 0.0578125 0.228125
3 0.22578125 0.42734375 0.084375 0.26875
3 0.478125 0.42578125 0.0859375 0.296875
3 0.04609375 0.41640625 0.0875 0.259375
3 0.19453125 0.78828125 0.075 0.2203125
3 0.06328125 0.1828125 0.0703125 0.140625
3 0.565625 0.43515625 0.0875 0.303125
3 0.98515625 0.24140625 0.0296875 0.1203125
3 0.28359375 0.81484375 0.0765625 0.259375
3 0.1 0.784375 0.078125 0.234375
3 0.9765625 0.4703125 0.046875 0.259375