3 0.8796875 0.26171875 0.0578125 0.1734375
3 0.78984375 0.24375 0.06875 0.20078125
3 0.8703125 0.5453125 0.071875 0.25
3 0.3546875 0.56015625 0.05234375 0.240625
3 0.446875 0.259375 0.071875 0.23046875
3 0.53125 0.259375 0.0765625 0.2359375
3 0.27734375 0.54921875 0.06953125 0.25703125
3 0.03359375 0.89765625 0.0671875 0.2046875
3 0.1046875 0.2578125 0.059375 0.23515625
3 0.11171875 0.88359375 0.06484375 0.1703125
3 0.884375 0.89765625 0.06484375 0.1875
3 0.36796875 0.8953125 0.0671875 0.209375
3 0.790625 0.54765625 0.0625 0.234375
3 0.61171875 0.24375 0.053125 0.19296875
3 0.703125 0.25625 0.07265625 0.228125
3 0.95234375 0.24296875 0.07421875 0.19296875
3 0.95703125 0.5390625 0.06796875 0.22890625
3 0.359375 0.2765625 0.075 0.25859375
3 0.2765625 0.25703125 0.0609375 0.2109375
3 0.1875 0.24921875 0.0484375 0.19609375
3 0.03125 0.2625 0.0625 0.225
3 0.02578125 0.5375 0.05078125 0.2625
3 0.096875 0.546875 0.07578125 0.24140625
3 0.19296875 0.54921875 0.07109375 0.2484375
3 0.43984375 0.56953125 0.06796875 0.21171875
3 0.52578125 0.5640625 0.0546875 0.203125
3 0.61171875 0.55 0.05625 0.23671875
3 0.70390625 0.55859375 0.06328125 0.24375
3 0.19375 0.8984375 0.053125 0.19921875
3 0.28046875 0.90234375 0.0515625 0.1953125
3 0.453125 0.9 0.0515625 0.19375
3 0.54296875 0.90859375 0.0671875 0.1828125
3 0.62265625 0.9 0.05546875 0.2
3 0.709375 0.89765625 0.0578125 0.19140625
3 0.79453125 0.90703125 0.0609375 0.1859375
3 0.97265625 0.89921875 0.05390625 0.20078125