3 0.525 0.9140625 0.096875 0.171875
3 0.5640625 0.63046875 0.1078125 0.228125
3 0.73359375 0.65859375 0.1171875 0.246875
3 0.46328125 0.259375 0.1109375 0.259375
3 0.6140625 0.92265625 0.09375 0.1546875
3 0.04140625 0.8375 0.0828125 0.196875
3 0.1921875 0.8578125 0.0921875 0.2046875
3 0.23359375 0.5984375 0.103125 0.2484375
3 0.28125 0.87109375 0.1 0.20625
3 0.36796875 0.875 0.0953125 0.225
3 0.0671875 0.571875 0.0984375 0.2375
3 0.1484375 0.58671875 0.1125 0.2625
3 0.378125 0.25625 0.1078125 0.2421875
3 0.45546875 0.88203125 0.0953125 0.2359375
3 0.12421875 0.21875 0.10625 0.2515625
3 0.4 0.6359375 0.10625 0.2609375
3 0.89375 0.709375 0.11875 0.2703125
3 0.4890625 0.64296875 0.1078125 0.2671875
3 0.628125 0.2859375 0.10625 0.25625
3 0.81796875 0.70078125 0.1078125 0.265625
3 0.884375 0.328125 0.1078125 0.2546875
3 0.21796875 0.2265625 0.1046875 0.2515625
3 0.2921875 0.2546875 0.1 0.225
3 0.71328125 0.3140625 0.0921875 0.2203125
3 0.55 0.27421875 0.10625 0.2625
3 0.796875 0.32421875 0.109375 0.2625
3 0.86953125 0.9234375 0.1046875 0.153125
3 0.315625 0.6140625 0.1078125 0.2671875
3 0.6453125 0.66015625 0.1015625 0.2578125
3 0.7015625 0.93515625 0.08125 0.1296875
3 0.78671875 0.94296875 0.0796875 0.1140625
3 0.9578125 0.33046875 0.084375 0.2453125
3 0.1203125 0.83203125 0.096875 0.2234375
3 0.0578125 0.20703125 0.0734375 0.2546875
3 0.015625 0.5640625 0.03125 0.240625
3 0.959375 0.71328125 0.065625 0.2625
3 0.92421875 0.9296875 0.0484375 0.140625