3 0.7234375 0.3265625 0.1078125 0.2359375
3 0.6109375 0.66484375 0.1078125 0.2359375
3 0.228125 0.98046875 0.08125 0.0390625
3 0.14375 0.42265625 0.1078125 0.25625
3 0.10625 0.73046875 0.1078125 0.2578125
3 0.309375 0.9734375 0.078125 0.053125
3 0.56015625 0.94375 0.0859375 0.1125
3 0.5546875 0.3453125 0.103125 0.221875
3 0.90234375 0.903125 0.0859375 0.0984375
3 0.23125 0.40625 0.0984375 0.2578125
3 0.69609375 0.66640625 0.1046875 0.2359375
3 0.31015625 0.41171875 0.1046875 0.2625
3 0.0578125 0.440625 0.0953125 0.253125
3 0.1859375 0.6984375 0.10625 0.2921875
3 0.275 0.71328125 0.1015625 0.234375
3 0.35703125 0.69140625 0.10625 0.275
3 0.4375 0.659375 0.1015625 0.2796875
3 0.52421875 0.6484375 0.1078125 0.303125
3 0.78359375 0.65 0.103125 0.2328125
3 0.86875 0.63671875 0.1078125 0.2328125
3 0.94765625 0.60625 0.1046875 0.275
3 0.390625 0.96640625 0.071875 0.0671875
3 0.47734375 0.95625 0.0796875 0.0875
3 0.6484375 0.93828125 0.078125 0.0984375
3 0.73203125 0.93046875 0.0703125 0.0890625
3 0.82109375 0.92734375 0.06875 0.071875
3 0.9765625 0.88984375 0.046875 0.0984375
3 0.89765625 0.31796875 0.10625 0.2796875
3 0.8109375 0.3390625 0.109375 0.275
3 0.39921875 0.40390625 0.1078125 0.2625
3 0.47578125 0.37421875 0.109375 0.2703125
3 0.9625 0.31171875 0.0671875 0.265625
3 0.98828125 0.5890625 0.0234375 0.2625
3 0.0125 0.4453125 0.025 0.2125
3 0.04375 0.725 0.0703125 0.265625
3 0.63515625 0.34609375 0.103125 0.265625