3 0.12421875 0.46328125 0.13125 0.265625
3 0.79296875 0.31953125 0.1125 0.2515625
3 0.2921875 0.415625 0.109375 0.234375
3 0.20703125 0.44296875 0.1171875 0.2515625
3 0.94765625 0.278125 0.0796875 0.2328125
3 0.87734375 0.30078125 0.121875 0.253125
3 0.453125 0.3828125 0.11875 0.2421875
3 0.43203125 0.6921875 0.11875 0.2640625
3 0.68828125 0.67265625 0.109375 0.2375
3 0.85546875 0.63359375 0.1109375 0.234375
3 0.6265625 0.35703125 0.0953125 0.228125
3 0.7109375 0.3625 0.134375 0.2859375
3 0.05 0.4828125 0.1 0.26875
3 0.0984375 0.77265625 0.115625 0.2671875
3 0.1796875 0.77734375 0.103125 0.234375
3 0.2625 0.74140625 0.109375 0.29375
3 0.353125 0.72265625 0.1125 0.25625
3 0.5140625 0.67109375 0.1234375 0.321875
3 0.603125 0.65703125 0.1171875 0.3109375
3 0.77109375 0.63828125 0.1109375 0.253125
3 0.93984375 0.6 0.103125 0.2578125
3 0.97890625 0.58515625 0.0421875 0.2671875
3 0.40234375 0.9875 0.0609375 0.025
3 0.490625 0.97578125 0.065625 0.0484375
3 0.54375 0.38515625 0.1046875 0.24375
3 0.378125 0.4328125 0.1078125 0.2734375