3 0.18046875 0.9484375 0.0796875 0.103125
3 0.5921875 0.63828125 0.0859375 0.2359375
3 0.73671875 0.309375 0.0859375 0.234375
3 0.23203125 0.34609375 0.0765625 0.240625
3 0.51953125 0.92890625 0.0796875 0.1421875
3 0.43359375 0.9390625 0.0734375 0.121875
3 0.08359375 0.65859375 0.0875 0.253125
3 0.2640625 0.9484375 0.078125 0.103125
3 0.253125 0.61640625 0.0828125 0.225
3 0.8625 0.91640625 0.08125 0.1328125
3 0.31484375 0.3515625 0.071875 0.25
3 0.56640625 0.3109375 0.0828125 0.215625
3 0.09609375 0.9484375 0.0796875 0.103125
3 0.14609375 0.35234375 0.084375 0.253125
2 0.16171875 0.62890625 0.0625 0.2171875
3 0.3359375 0.6375 0.06875 0.25625
3 0.42109375 0.6171875 0.0734375 0.26875
3 0.503125 0.61015625 0.06875 0.2796875
3 0.678125 0.63515625 0.06875 0.2421875
3 0.76328125 0.63125 0.071875 0.228125
3 0.84921875 0.6296875 0.0640625 0.225
3 0.92734375 0.59609375 0.0859375 0.25625
3 0.9859375 0.5875 0.028125 0.253125
3 0.65 0.32421875 0.065625 0.25
3 0.4015625 0.353125 0.08125 0.25
3 0.48984375 0.34453125 0.078125 0.253125
3 0.82109375 0.3265625 0.08125 0.2578125
3 0.9125 0.31640625 0.0875 0.25625
3 0.975 0.3078125 0.0453125 0.2703125
3 0.946875 0.91484375 0.0703125 0.128125
3 0.778125 0.934375 0.071875 0.10625
3 0.69296875 0.93515625 0.0578125 0.1125
3 0.61015625 0.9359375 0.065625 0.1203125
3 0.35390625 0.946875 0.0578125 0.10625
3 0.05625 0.346875 0.06875 0.215625