3 0.13828125 0.3921875 0.084375 0.2546875
3 0.821875 0.37890625 0.0671875 0.24296875
3 0.3125 0.37734375 0.0671875 0.22578125
3 0.2234375 0.38828125 0.071875 0.24296875
3 0.98203125 0.36796875 0.0359375 0.23046875
3 0.90859375 0.3765625 0.0765625 0.24296875
3 0.4765625 0.37578125 0.0765625 0.23125
3 0.396875 0.67578125 0.071875 0.2546875
3 0.6515625 0.70546875 0.0671875 0.228125
3 0.8234375 0.69921875 0.06953125 0.22578125
3 0.6515625 0.38359375 0.0546875 0.221875
3 0.73359375 0.40546875 0.0828125 0.27578125
3 0.05234375 0.39609375 0.0703125 0.26015625
3 0.05390625 0.69140625 0.0671875 0.259375
3 0.1328125 0.7109375 0.06171875 0.2265625
3 0.22109375 0.69140625 0.0546875 0.2890625
3 0.31328125 0.690625 0.065625 0.2484375
3 0.48125 0.6703125 0.06484375 0.31484375
3 0.57109375 0.6734375 0.059375 0.3046875
3 0.73984375 0.6875 0.065625 0.24453125
3 0.9125 0.68203125 0.05625 0.25234375
3 0.97890625 0.6796875 0.0421875 0.2640625
3 0.053125 0.97578125 0.0625 0.0484375
3 0.134375 0.971875 0.04375 0.05625
3 0.221875 0.97578125 0.046875 0.0484375
3 0.3078125 0.97578125 0.053125 0.0484375
3 0.39921875 0.9734375 0.05625 0.053125
3 0.56484375 0.3953125 0.06015625 0.23671875
3 0.39296875 0.4109375 0.0578125 0.26796875