3 0.09765625 0.2421875 0.065625 0.19609375
3 0.525 0.24921875 0.0703125 0.22109375
3 0.7765625 0.25078125 0.0703125 0.21328125
3 0.35078125 0.25234375 0.06875 0.21875
3 0.5921875 0.88046875 0.07578125 0.23203125
3 0.7640625 0.8828125 0.084375 0.234375
3 0.08984375 0.890625 0.0609375 0.21875
3 0.8671875 0.25078125 0.065625 0.21015625
3 0.34921875 0.534375 0.07265625 0.2375
3 0.17734375 0.88515625 0.071875 0.2296875
3 0.60234375 0.2453125 0.0625 0.20078125
3 0.69296875 0.24296875 0.05859375 0.1953125
3 0.25859375 0.88671875 0.06484375 0.2265625
3 0.43046875 0.88671875 0.0625 0.22578125
3 0.95703125 0.25390625 0.06796875 0.2234375
3 0.02265625 0.24140625 0.0453125 0.1859375
3 0.2703125 0.54375 0.06875 0.21015625
3 0.67734375 0.88125 0.0609375 0.2375
3 0.18515625 0.25234375 0.06328125 0.20625
3 0.84921875 0.88828125 0.06875 0.2234375
3 0.68828125 0.54375 0.06015625 0.21640625
3 0.440625 0.25859375 0.0578125 0.22421875
3 0.265625 0.24609375 0.06171875 0.21171875
3 0.4328125 0.52734375 0.07265625 0.25078125
3 0.5171875 0.8828125 0.06796875 0.23359375
3 0.34140625 0.88671875 0.0625 0.22578125
3 0.93046875 0.8875 0.07421875 0.225
3 0.771875 0.528125 0.07109375 0.28046875
3 0.09375 0.54453125 0.06640625 0.253125
3 0.86015625 0.5203125 0.0671875 0.2625
3 0.18515625 0.53203125 0.0671875 0.25
3 0.6 0.52578125 0.06796875 0.25390625
3 0.51953125 0.5078125 0.06796875 0.29375
3 0.94921875 0.51953125 0.06796875 0.25625
3 0.01640625 0.89296875 0.0328125 0.2140625
3 0.0203125 0.53125 0.03984375 0.26953125
3 0.990625 0.88515625 0.01875 0.22890625
3 0.9921875 0.515625 0.01328125 0.25390625