3 0.37421875 0.69765625 0.0921875 0.3
3 0.65703125 0.34375 0.0734375 0.21875
3 0.14453125 0.296875 0.078125 0.225
3 0.978125 0.340625 0.04375 0.24375
3 0.91875 0.33828125 0.0859375 0.253125
3 0.8265625 0.3515625 0.071875 0.225
3 0.746875 0.3328125 0.0890625 0.2578125
3 0.57578125 0.30234375 0.0828125 0.28125
3 0.4921875 0.29296875 0.0890625 0.3015625
3 0.40390625 0.3046875 0.0953125 0.2484375
3 0.31875 0.29140625 0.084375 0.2515625
3 0.23359375 0.278125 0.0859375 0.2640625
3 0.059375 0.271875 0.0890625 0.2421875
3 0.03203125 0.64453125 0.0640625 0.2171875
3 0.10625 0.6359375 0.0859375 0.2375
3 0.1984375 0.6453125 0.0796875 0.221875
3 0.28828125 0.67421875 0.0734375 0.253125