3 0.71796875 0.16640625 0.0859375 0.1359375
3 0.46953125 0.21875 0.09375 0.1515625
3 0.64375 0.77109375 0.1171875 0.2359375
3 0.2953125 0.25 0.0890625 0.15
3 0.384375 0.234375 0.0859375 0.1546875
3 0.80625 0.14921875 0.0890625 0.140625
3 0.8125 0.74921875 0.128125 0.25
3 0.34140625 0.4859375 0.1171875 0.246875
3 0.1359375 0.2796875 0.08125 0.1390625
3 0.63203125 0.1703125 0.0796875 0.128125
3 0.54453125 0.1953125 0.08125 0.13125
3 0.0484375 0.2890625 0.08125 0.121875
3 0.2421875 0.8703125 0.11875 0.259375
3 0.421875 0.459375 0.1203125 0.2625
3 0.8921875 0.1359375 0.0921875 0.153125
3 0.67578125 0.42734375 0.096875 0.2203125
3 0.15546875 0.88515625 0.1046875 0.2296875
3 0.5859375 0.4328125 0.115625 0.25625
3 0.49375 0.84375 0.1171875 0.275
3 0.1828125 0.51640625 0.1140625 0.25625
3 0.32109375 0.8546875 0.1125 0.2484375
3 0.21015625 0.25546875 0.08125 0.1359375
3 0.90546875 0.76015625 0.1171875 0.26875
3 0.7546875 0.39140625 0.121875 0.284375
3 0.0921875 0.53828125 0.1125 0.253125
3 0.84140625 0.37578125 0.1140625 0.265625
3 0.73203125 0.77265625 0.1109375 0.2640625
3 0.57734375 0.81015625 0.11875 0.2796875
3 0.26484375 0.509375 0.1078125 0.21875
3 0.96328125 0.74296875 0.0734375 0.2734375
3 0.40703125 0.8484375 0.1140625 0.26875
3 0.5078125 0.428125 0.121875 0.29375
3 0.921875 0.35390625 0.1140625 0.2640625
3 0.0328125 0.54765625 0.065625 0.2671875
3 0.08515625 0.8921875 0.0765625 0.215625
3 0.52421875 0.9859375 0.0640625 0.028125
3 0.60703125 0.96875 0.065625 0.05
3 0.96953125 0.3375 0.0609375 0.253125