3 0.06640625 0.79921875 0.0875 0.221875
3 0.59375 0.92890625 0.08125 0.125
3 0.3125 0.20859375 0.08125 0.1
3 0.14609375 0.79765625 0.0984375 0.240625
3 0.42421875 0.403125 0.090625 0.2234375
3 0.2609375 0.40703125 0.1015625 0.2578125
3 0.31875 0.77578125 0.096875 0.25
3 0.26171875 0.98046875 0.0703125 0.0390625
3 0.50703125 0.95 0.0828125 0.1
3 0.396875 0.77109375 0.1046875 0.2640625
3 0.9078125 0.696875 0.1046875 0.2484375
3 0.17265625 0.41328125 0.103125 0.26875
3 0.06171875 0.23515625 0.0640625 0.0734375
3 0.6546875 0.73203125 0.09375 0.2484375
3 0.421875 0.96796875 0.075 0.0640625
3 0.84375 0.3265625 0.1046875 0.259375
3 0.928125 0.9 0.0765625 0.096875
3 0.7359375 0.71171875 0.090625 0.234375
3 0.67109375 0.93125 0.075 0.1
3 0.8234375 0.71171875 0.0984375 0.2453125
3 0.33828125 0.4140625 0.096875 0.2375
3 0.5859375 0.36171875 0.0890625 0.2453125
3 0.93203125 0.30859375 0.103125 0.25
3 0.57109375 0.7484375 0.1015625 0.25625
3 0.234375 0.79453125 0.0984375 0.259375
3 0.0796875 0.4203125 0.103125 0.2765625
3 0.7640625 0.340625 0.0953125 0.25
3 0.48515625 0.76171875 0.0921875 0.2578125
3 0.509375 0.3890625 0.0859375 0.2171875
3 0.67578125 0.3546875 0.096875 0.253125
3 0.85078125 0.9140625 0.06875 0.090625
3 0.975 0.68828125 0.05 0.2703125
3 0.17421875 0.9890625 0.0671875 0.021875
3 0.4828125 0.175 0.071875 0.0734375
3 0.02421875 0.425 0.0484375 0.275
3 0.34140625 0.9859375 0.0671875 0.028125
3 0.7609375 0.940625 0.071875 0.0625
3 0.09453125 0.98515625 0.0640625 0.0296875
3 0.00703125 0.24921875 0.0140625 0.0703125
3 0.99140625 0.88671875 0.0171875 0.0953125
3 0.13828125 0.21328125 0.05625 0.046875
3 0.39765625 0.1875 0.0703125 0.0734375
3 0.22109375 0.20078125 0.0609375 0.0546875
3 0.5640625 0.15625 0.059375 0.05