3 0.38828125 0.70625 0.071875 0.296875
3 0.64609375 0.3328125 0.059375 0.215625
3 0.13125 0.32265625 0.0625 0.221875
3 0.97578125 0.30703125 0.0484375 0.2421875
3 0.90625 0.309375 0.06875 0.25
3 0.815625 0.32890625 0.05625 0.2234375
3 0.734375 0.315625 0.071875 0.253125
3 0.5625 0.296875 0.0640625 0.278125
3 0.478125 0.29375 0.06875 0.2984375
3 0.390625 0.3125 0.078125 0.24375
3 0.3046875 0.3046875 0.0671875 0.2484375
3 0.21875 0.29765625 0.06875 0.2609375
3 0.04453125 0.303125 0.0734375 0.2375
3 0.0359375 0.67734375 0.065625 0.2140625
3 0.11640625 0.6625 0.0703125 0.2328125
3 0.209375 0.66640625 0.065625 0.21875
3 0.30078125 0.6890625 0.05625 0.25