3 0.66171875 0.88984375 0.1 0.1859375
3 0.603125 0.60234375 0.1125 0.2296875
3 0.77265625 0.57421875 0.121875 0.2484375
3 0.38671875 0.284375 0.1140625 0.259375
3 0.75 0.87578125 0.096875 0.1828125
3 0.16796875 0.9359375 0.1015625 0.128125
3 0.32578125 0.91796875 0.0953125 0.1640625
3 0.28046875 0.6796875 0.1078125 0.25
3 0.4140625 0.909375 0.103125 0.18125
3 0.496875 0.8921875 0.1 0.215625
3 0.1140625 0.709375 0.103125 0.2375
3 0.19609375 0.69609375 0.1171875 0.2640625
3 0.30546875 0.309375 0.1109375 0.24375
3 0.5828125 0.8765625 0.0984375 0.2359375
3 0.05390625 0.35546875 0.1078125 0.2515625
3 0.45 0.6609375 0.109375 0.2609375
3 0.9390625 0.56875 0.121875 0.271875
3 0.53671875 0.6390625 0.1125 0.26875
3 0.5515625 0.25625 0.1109375 0.2578125
3 0.865625 0.5859375 0.1125 0.2671875
3 0.8078125 0.2125 0.1109375 0.2546875
3 0.14453125 0.33359375 0.109375 0.2515625
3 0.2234375 0.33515625 0.103125 0.225
3 0.640625 0.2546875 0.0953125 0.2203125
3 0.47421875 0.2703125 0.109375 0.2625
3 0.7234375 0.23671875 0.1140625 0.2625
3 0.97265625 0.81015625 0.0546875 0.2203125
3 0.36328125 0.66796875 0.1125 0.2671875
3 0.68984375 0.60390625 0.1046875 0.2578125
3 0.83828125 0.8640625 0.084375 0.16875
3 0.92421875 0.85078125 0.0828125 0.16875
3 0.8875 0.18828125 0.10625 0.246875
3 0.2484375 0.9125 0.1 0.175
3 0.0125 0.36640625 0.025 0.2546875
3 0.09296875 0.9265625 0.0765625 0.146875
3 0.046875 0.7234375 0.0703125 0.240625
3 0.984375 0.5515625 0.03125 0.2625
3 0.94296875 0.1828125 0.0578125 0.2375