3 0.028125 0.9078125 0.05625 0.16875
3 0.79296875 0.2765625 0.071875 0.2265625
3 0.10390625 0.9078125 0.0703125 0.1703125
3 0.44609375 0.91484375 0.065625 0.1703125
3 0.35859375 0.91015625 0.065625 0.1765625
3 0.96328125 0.2734375 0.0703125 0.221875
3 0.284375 0.2828125 0.0703125 0.23125
3 0.534375 0.91328125 0.0703125 0.171875
3 0.2796875 0.57890625 0.0703125 0.2515625
3 0.44140625 0.59921875 0.0640625 0.225
3 0.45078125 0.29140625 0.0734375 0.246875
3 0.1109375 0.28984375 0.0671875 0.2390625
3 0.19609375 0.26875 0.0609375 0.2203125
3 0.0328125 0.290625 0.0625 0.2328125
3 0.703125 0.29453125 0.0734375 0.259375
3 0.278125 0.91015625 0.05625 0.171875
3 0.78671875 0.92109375 0.0671875 0.1578125
3 0.8796875 0.2765625 0.065625 0.225
3 0.3625 0.30078125 0.0765625 0.2703125
3 0.8765625 0.92265625 0.06875 0.1546875
3 0.621875 0.91640625 0.059375 0.1671875
3 0.6984375 0.5890625 0.0671875 0.253125
3 0.70078125 0.91484375 0.0609375 0.1703125
3 0.86953125 0.58984375 0.075 0.259375
3 0.9578125 0.58125 0.071875 0.2453125
3 0.53828125 0.2921875 0.0703125 0.25
3 0.35546875 0.59296875 0.0703125 0.2421875
3 0.5296875 0.59921875 0.0609375 0.21875
3 0.621875 0.275 0.0609375 0.2296875
3 0.19140625 0.9078125 0.059375 0.171875
3 0.09921875 0.5671875 0.0734375 0.2640625
3 0.9625 0.9171875 0.0625 0.165625
3 0.19375 0.5734375 0.0703125 0.2671875
3 0.6078125 0.58515625 0.0625 0.2421875
3 0.7890625 0.58828125 0.0625 0.2453125
3 0.0265625 0.5609375 0.053125 0.284375