3 0.1421875 0.3796875 0.09375 0.2578125
3 0.82578125 0.38984375 0.075 0.2453125
3 0.3171875 0.37109375 0.075 0.228125
3 0.22734375 0.37890625 0.0796875 0.2453125
3 0.98203125 0.384375 0.0359375 0.23125
3 0.9125 0.390625 0.084375 0.2453125
3 0.48125 0.375 0.084375 0.234375
3 0.390625 0.671875 0.08125 0.2578125
3 0.64453125 0.7109375 0.075 0.2296875
3 0.81640625 0.71015625 0.078125 0.228125
3 0.65546875 0.3890625 0.0625 0.2234375
3 0.73671875 0.4140625 0.0921875 0.278125
3 0.05625 0.38046875 0.0796875 0.2625
3 0.04765625 0.67578125 0.0765625 0.2609375
3 0.12578125 0.69765625 0.0703125 0.228125
3 0.21484375 0.68125 0.0640625 0.290625
3 0.30703125 0.684375 0.075 0.25
3 0.475 0.66953125 0.0765625 0.3171875
3 0.56484375 0.67578125 0.0703125 0.30625
3 0.7328125 0.69609375 0.0734375 0.246875
3 0.90625 0.69609375 0.065625 0.2546875
3 0.97265625 0.69609375 0.0515625 0.265625
3 0.03671875 0.96015625 0.0640625 0.05
3 0.11796875 0.95859375 0.0453125 0.0578125
3 0.20546875 0.965625 0.0484375 0.05
3 0.29140625 0.96875 0.0546875 0.05
3 0.3828125 0.96953125 0.0578125 0.0546875
3 0.56875 0.39765625 0.06875 0.2390625
3 0.39609375 0.40703125 0.0671875 0.2703125