3 0.3796875 0.22734375 0.06484375 0.16484375
3 0.73515625 0.225 0.06796875 0.15625
3 0.21640625 0.2125 0.059375 0.12734375
3 0.1296875 0.21484375 0.06171875 0.1359375
3 0.5578125 0.2125 0.0625 0.13203125
3 0.3984375 0.84921875 0.06875 0.29921875
3 0.39375 0.44375 0.07109375 0.246875
3 0.81953125 0.20546875 0.0625 0.1140625
3 0.30625 0.45078125 0.06953125 0.24921875
3 0.64609375 0.46328125 0.0625 0.2171875
3 0.81953125 0.46015625 0.0609375 0.2203125
3 0.73515625 0.44921875 0.06484375 0.2484375
3 0.12734375 0.4640625 0.0625 0.22265625
3 0.46875 0.19140625 0.06328125 0.09609375
3 0.89765625 0.20546875 0.07265625 0.11328125
3 0.30703125 0.19375 0.059375 0.1109375
3 0.646875 0.20078125 0.06171875 0.10546875
3 0.90390625 0.44453125 0.065625 0.2609375
3 0.03984375 0.8171875 0.06484375 0.22421875
3 0.22109375 0.446875 0.06640625 0.26484375
3 0.47265625 0.42734375 0.06484375 0.29375
3 0.04140625 0.4484375 0.0703125 0.25546875
3 0.215625 0.80859375 0.059375 0.21640625
3 0.0421875 0.2140625 0.0609375 0.1359375
3 0.5609375 0.43046875 0.06640625 0.29921875
3 0.97734375 0.2078125 0.04453125 0.11796875
3 0.30625 0.82890625 0.059375 0.25625
3 0.12109375 0.81171875 0.0625 0.23046875
3 0.9796875 0.43671875 0.040625 0.2578125