3 0.0859375 0.87421875 0.0921875 0.1296875
3 0.559375 0.65546875 0.1140625 0.2421875
3 0.7734375 0.3671875 0.1125 0.240625
3 0.2734375 0.28984375 0.1046875 0.2453125
3 0.42265625 0.9234375 0.0953125 0.15
3 0.33515625 0.91640625 0.0875 0.1328125
3 0.05859375 0.5609375 0.1171875 0.259375
3 0.16796875 0.89140625 0.090625 0.125
3 0.23359375 0.5578125 0.109375 0.2296875
3 0.75859375 0.95859375 0.0953125 0.0828125
3 0.353125 0.3140625 0.1 0.2546875
3 0.6078125 0.33125 0.1078125 0.2203125
3 0.025 0.85625 0.05 0.134375
3 0.18828125 0.2765625 0.1140625 0.259375
2 0.14140625 0.54921875 0.0875 0.2203125
3 0.309375 0.596875 0.1 0.259375
3 0.396875 0.59609375 0.1046875 0.271875
3 0.47890625 0.6078125 0.1015625 0.2828125
3 0.64375 0.671875 0.0984375 0.2453125
3 0.72734375 0.68671875 0.0984375 0.2328125
3 0.81171875 0.7046875 0.090625 0.228125
3 0.8953125 0.6890625 0.115625 0.2625
3 0.959375 0.696875 0.0703125 0.253125
3 0.6859375 0.3625 0.09375 0.2515625
3 0.43671875 0.33515625 0.109375 0.2546875
3 0.525 0.346875 0.1078125 0.2578125
3 0.8515625 0.403125 0.1125 0.2625
3 0.9421875 0.4140625 0.115625 0.2625
3 0.98359375 0.41953125 0.0328125 0.2703125
3 0.8421875 0.96875 0.084375 0.0625
3 0.9046875 0.97578125 0.04375 0.0484375
3 0.671875 0.96484375 0.084375 0.0703125
3 0.58984375 0.95390625 0.0703125 0.0921875
3 0.50859375 0.94296875 0.0796875 0.1140625
3 0.25703125 0.9078125 0.0703125 0.1203125
3 0.10234375 0.2515625 0.09375 0.21875