3 0.58984375 0.9015625 0.0828125 0.196875
3 0.690625 0.5859375 0.0609375 0.215625
3 0.084375 0.90546875 0.0703125 0.1671875
3 0.03125 0.25 0.0578125 0.225
3 0.75625 0.9046875 0.090625 0.190625
3 0.35546875 0.278125 0.075 0.2484375
3 0.26640625 0.578125 0.0734375 0.2078125
3 0.509375 0.9046875 0.071875 0.190625
3 0.703125 0.27109375 0.0625 0.2296875
3 0.53125 0.278125 0.06875 0.253125
3 0.34609375 0.90625 0.0796875 0.184375
3 0.35078125 0.5734375 0.078125 0.2390625
3 0.61328125 0.275 0.06875 0.2453125
3 0.7828125 0.28125 0.0609375 0.24375
3 0.8671875 0.2828125 0.0703125 0.2390625
3 0.9578125 0.2859375 0.0734375 0.259375
3 0.94375 0.57421875 0.071875 0.2546875
3 0.8609375 0.5703125 0.071875 0.26875
3 0.77265625 0.57734375 0.0765625 0.284375
3 0.6046875 0.56640625 0.071875 0.2625
3 0.51953125 0.55234375 0.0734375 0.290625
3 0.43203125 0.56484375 0.0765625 0.253125
3 0.1859375 0.5703125 0.065625 0.2515625
3 0.09140625 0.57734375 0.0703125 0.25
3 0.02421875 0.56875 0.0484375 0.2875
3 0.16484375 0.90078125 0.0640625 0.1890625
3 0.253125 0.90703125 0.065625 0.1796875
3 0.4234375 0.90625 0.059375 0.184375
3 0.66953125 0.903125 0.0671875 0.19375
3 0.84921875 0.9125 0.0640625 0.175
3 0.925 0.91015625 0.0875 0.1796875
3 0.1015625 0.26171875 0.075 0.2234375
3 0.1875 0.275 0.0734375 0.240625
3 0.27109375 0.27109375 0.0765625 0.240625
3 0.44453125 0.28828125 0.0609375 0.24375
3 0.01484375 0.90390625 0.0296875 0.1703125