3 0.75234375 0.9359375 0.0625 0.12421875
3 0.57421875 0.34296875 0.0734375 0.23203125
3 0.58046875 0.91953125 0.06171875 0.1578125
3 0.6640625 0.95 0.06484375 0.09296875
3 0.83515625 0.94765625 0.06640625 0.096875
3 0.49453125 0.9125 0.059375 0.175
3 0.23515625 0.93046875 0.06484375 0.13671875
3 0.83515625 0.3359375 0.06875 0.2265625
3 0.321875 0.6921875 0.06484375 0.23125
3 0.49140625 0.690625 0.07421875 0.24140625
3 0.91953125 0.6921875 0.07578125 0.25703125
3 0.575 0.7046875 0.0671875 0.2515625
3 0.3203125 0.93828125 0.0625 0.12109375
3 0.40859375 0.9359375 0.059375 0.12109375
3 0.14453125 0.71015625 0.071875 0.26484375
3 0.23046875 0.703125 0.0671875 0.2515625
3 0.75 0.7234375 0.07578125 0.278125
3 0.74765625 0.34140625 0.06328125 0.228125
3 0.66328125 0.69375 0.0640625 0.23046875
3 0.66484375 0.34453125 0.0625 0.23203125
3 0.91953125 0.93125 0.06875 0.13359375
3 0.06171875 0.33359375 0.06484375 0.24765625
3 0.06484375 0.92578125 0.06953125 0.146875
3 0.8359375 0.696875 0.071875 0.25234375
3 0.2359375 0.33046875 0.0671875 0.24375
3 0.1453125 0.32109375 0.06015625 0.259375
3 0.91328125 0.31484375 0.06953125 0.2546875
3 0.05625 0.71171875 0.071875 0.2625
3 0.40859375 0.309375 0.06328125 0.271875
3 0.49375 0.30625 0.06015625 0.30234375
3 0.3234375 0.32890625 0.0671875 0.24921875
3 0.4046875 0.71328125 0.06171875 0.27890625
3 0.15078125 0.95546875 0.0625 0.08828125
3 0.98359375 0.93046875 0.03203125 0.13671875
3 0.9828125 0.3078125 0.034375 0.2609375
3 0.984375 0.69375 0.03125 0.24921875
3 0.009375 0.3390625 0.01796875 0.23828125
3 0.00546875 0.93671875 0.01015625 0.125
3 0.0046875 0.7046875 0.009375 0.2125