3 0.790625 0.33359375 0.065625 0.22265625
3 0.03125 0.94296875 0.0625 0.10703125
3 0.28125 0.34296875 0.0671875 0.23046875
3 0.3671875 0.940625 0.0640625 0.11640625
3 0.1078125 0.35234375 0.06328125 0.2390625
3 0.11171875 0.94296875 0.06796875 0.1078125
3 0.02890625 0.35546875 0.05703125 0.23125
3 0.28125 0.64609375 0.06484375 0.25546875
3 0.44296875 0.6625 0.06171875 0.225
3 0.19296875 0.3375 0.05859375 0.2203125
3 0.87265625 0.646875 0.06953125 0.2578125
3 0.446875 0.35 0.06875 0.2421875
3 0.709375 0.9421875 0.0625 0.11171875
3 0.9609375 0.3296875 0.065625 0.22421875
3 0.8890625 0.946875 0.06640625 0.0984375
3 0.8796875 0.33671875 0.059375 0.2203125
3 0.7015625 0.34765625 0.07109375 0.25703125
3 0.96171875 0.6375 0.06796875 0.2484375
3 0.534375 0.35 0.06640625 0.240625
3 0.53125 0.65859375 0.059375 0.21953125
3 0.70234375 0.653125 0.06171875 0.246875
3 0.35703125 0.65234375 0.06484375 0.24765625
3 0.2 0.946875 0.059375 0.10546875
3 0.45234375 0.94296875 0.06484375 0.10703125
3 0.28515625 0.94140625 0.05625 0.11015625
3 0.63203125 0.94453125 0.053125 0.10390625
3 0.8 0.9453125 0.0609375 0.10234375
3 0.36015625 0.36171875 0.0703125 0.26796875
3 0.10078125 0.6375 0.06875 0.27265625
3 0.54140625 0.9484375 0.06796875 0.103125
3 0.61015625 0.64609375 0.06015625 0.2390625
3 0.6140625 0.33125 0.05625 0.21171875
3 0.9703125 0.93984375 0.059375 0.11328125
3 0.19375 0.64296875 0.0671875 0.26640625
3 0.79140625 0.64453125 0.05703125 0.2453125
3 0.0265625 0.6359375 0.053125 0.2765625