3 0.7453125 0.359375 0.0765625 0.228125
3 0.58671875 0.67890625 0.0765625 0.228125
3 0.1609375 0.96171875 0.071875 0.0765625
3 0.1578125 0.3734375 0.07421875 0.24765625
3 0.078125 0.6734375 0.07421875 0.25
3 0.24296875 0.96015625 0.0671875 0.0796875
3 0.49765625 0.9484375 0.071875 0.103125
3 0.57578125 0.3546875 0.07421875 0.2140625
3 0.8421875 0.95546875 0.07421875 0.0890625
3 0.246875 0.36953125 0.0640625 0.2515625
3 0.67109375 0.6921875 0.0734375 0.22734375
3 0.32421875 0.3859375 0.0703125 0.25546875
3 0.0703125 0.3796875 0.06171875 0.24765625
3 0.16171875 0.653125 0.06640625 0.2859375
3 0.24765625 0.6796875 0.0703125 0.2265625
3 0.33203125 0.66953125 0.0703125 0.2671875
3 0.415625 0.64921875 0.06328125 0.27421875
3 0.503125 0.65 0.06796875 0.29609375
3 0.76015625 0.68828125 0.071875 0.22421875
3 0.84609375 0.68671875 0.078125 0.2234375
3 0.9328125 0.66875 0.07734375 0.26640625
3 0.32578125 0.95859375 0.0609375 0.08203125
3 0.41328125 0.9546875 0.06796875 0.08984375
3 0.5859375 0.9546875 0.06640625 0.08984375
3 0.66953125 0.95859375 0.059375 0.08203125
3 0.75859375 0.96796875 0.0609375 0.06328125
3 0.92890625 0.95390625 0.05625 0.09140625
3 0.91875 0.375 0.06953125 0.2734375
3 0.83046875 0.38359375 0.07265625 0.2671875
3 0.41328125 0.390625 0.0734375 0.2546875
3 0.49375 0.371875 0.0734375 0.2625
3 0.984375 0.378125 0.03125 0.2640625
3 0.9890625 0.65859375 0.021875 0.26171875
3 0.01171875 0.37578125 0.0234375 0.21171875
3 0.0171875 0.659375 0.03359375 0.26328125
3 0.65546875 0.36640625 0.06796875 0.25859375