3 0.17265625 0.94609375 0.0890625 0.1078125
3 0.05625 0.721875 0.0875 0.225
3 0.2609375 0.9359375 0.0875 0.128125
3 0.50546875 0.90625 0.0984375 0.1875
3 0.42265625 0.92265625 0.0921875 0.1546875
3 0.590625 0.88671875 0.0984375 0.215625
3 0.6703125 0.88515625 0.090625 0.19375
3 0.3453125 0.940625 0.084375 0.11875
3 0.09375 0.94453125 0.075 0.1109375
3 0.7578125 0.8921875 0.084375 0.153125
3 0.92890625 0.84609375 0.09375 0.190625
3 0.1328125 0.7078125 0.103125 0.2390625
3 0.81015625 0.6140625 0.103125 0.2484375
3 0.74375 0.24296875 0.1015625 0.2515625
3 0.2421875 0.33046875 0.1 0.253125
3 0.4078125 0.3234375 0.0953125 0.221875
3 0.3859375 0.68359375 0.109375 0.2671875
3 0.98359375 0.825 0.0328125 0.2
3 0.56015625 0.6546875 0.10625 0.259375
3 0.56796875 0.278125 0.096875 0.2453125
3 0.8453125 0.85859375 0.0875 0.190625
3 0.30703125 0.6953125 0.1015625 0.25625
3 0.89453125 0.60078125 0.1078125 0.25
3 0.64296875 0.6390625 0.0984375 0.2484375
3 0.2234375 0.709375 0.1046875 0.2625
3 0.72265625 0.61796875 0.09375 0.2375
3 0.4734375 0.67265625 0.096875 0.259375
3 0.8234375 0.23046875 0.109375 0.2671875
3 0.65703125 0.26328125 0.1 0.253125
3 0.32109375 0.32734375 0.1015625 0.2453125
3 0.91328125 0.215625 0.109375 0.259375
3 0.1546875 0.33203125 0.103125 0.2625
3 0.49140625 0.30234375 0.090625 0.2171875
3 0.06328125 0.3546875 0.1015625 0.2640625
3 0.96953125 0.58828125 0.0609375 0.2703125
3 0.0171875 0.3546875 0.034375 0.271875
3 0.9546875 0.2078125 0.05 0.2484375