3 0.75390625 0.28125 0.10625 0.23125
3 0.1234375 0.9828125 0.08125 0.034375
3 0.25546875 0.3875 0.109375 0.2390625
3 0.453125 0.946875 0.084375 0.10625
3 0.08671875 0.4296875 0.1078125 0.246875
3 0.203125 0.97421875 0.0875 0.0515625
3 0.0296875 0.446875 0.059375 0.2375
3 0.31328125 0.68515625 0.1125 0.2625
3 0.475 0.6703125 0.103125 0.2328125
3 0.16796875 0.39921875 0.1 0.228125
3 0.89375 0.5734375 0.1171875 0.265625
3 0.41953125 0.36328125 0.1140625 0.2515625
3 0.78984375 0.89375 0.0828125 0.121875
3 0.9203125 0.24453125 0.1078125 0.2328125
3 0.9625 0.8640625 0.075 0.109375
3 0.84140625 0.2671875 0.1 0.228125
3 0.66875 0.31171875 0.11875 0.265625
3 0.9609375 0.546875 0.078125 0.25625
3 0.50546875 0.34609375 0.1109375 0.2484375
3 0.5609375 0.65 0.1 0.2265625
3 0.728125 0.61171875 0.1078125 0.2546875
3 0.3890625 0.6765625 0.1109375 0.25625
3 0.290625 0.96875 0.078125 0.0625
3 0.5375 0.9421875 0.084375 0.115625
3 0.37265625 0.95703125 0.0765625 0.0859375
3 0.7140625 0.9109375 0.071875 0.1125
3 0.8796875 0.8796875 0.0796875 0.1125
3 0.33671875 0.390625 0.1203125 0.2765625
3 0.134375 0.7109375 0.11875 0.28125
3 0.6265625 0.93203125 0.0859375 0.1140625
3 0.6359375 0.62265625 0.1046875 0.246875
3 0.5796875 0.3125 0.0953125 0.21875
3 0.2265625 0.6984375 0.1171875 0.275
3 0.81328125 0.5859375 0.103125 0.2515625
3 0.0609375 0.7234375 0.1046875 0.28125