3 0.3609375 0.68828125 0.1125 0.3015625
3 0.66796875 0.3546875 0.0875 0.2203125
3 0.159375 0.27265625 0.0921875 0.228125
3 0.97890625 0.37421875 0.0421875 0.2453125
3 0.92890625 0.36796875 0.103125 0.25625
3 0.8359375 0.37421875 0.0875 0.228125
3 0.7578125 0.35 0.10625 0.259375
3 0.58984375 0.3078125 0.1015625 0.2828125
3 0.50703125 0.29296875 0.109375 0.303125
3 0.41796875 0.2984375 0.1109375 0.2515625
3 0.334375 0.27890625 0.1015625 0.253125
3 0.25 0.26015625 0.103125 0.265625
3 0.0765625 0.24140625 0.1046875 0.2453125
3 0.03125 0.61015625 0.0625 0.2203125
3 0.09765625 0.6078125 0.1015625 0.2390625
3 0.1890625 0.62421875 0.0953125 0.2234375
3 0.2765625 0.659375 0.090625 0.2546875