3 0.68125 0.9515625 0.08125 0.096875
3 0.59765625 0.35625 0.109375 0.240625
3 0.51328125 0.921875 0.0859375 0.15625
3 0.590625 0.959375 0.078125 0.08125
3 0.7609375 0.9703125 0.08125 0.059375
3 0.4296875 0.90625 0.0859375 0.1828125
3 0.17109375 0.88359375 0.0859375 0.1453125
3 0.85703125 0.390625 0.103125 0.234375
3 0.29375 0.66171875 0.1 0.2390625
3 0.46171875 0.68671875 0.1109375 0.25
3 0.884375 0.75546875 0.115625 0.265625
3 0.5421875 0.7140625 0.10625 0.259375
3 0.25390625 0.9046875 0.08125 0.1296875
3 0.34140625 0.91640625 0.078125 0.128125
3 0.11640625 0.65234375 0.1125 0.2734375
3 0.20234375 0.65859375 0.10625 0.259375
3 0.71171875 0.76015625 0.11875 0.2859375
3 0.76953125 0.38203125 0.0984375 0.2359375
3 0.63125 0.7171875 0.1 0.2375
3 0.6875 0.371875 0.0984375 0.2390625
3 0.84609375 0.96015625 0.0890625 0.0796875
3 0.09296875 0.2671875 0.103125 0.2546875
3 0.025 0.8515625 0.05 0.15625
3 0.80078125 0.746875 0.1109375 0.2609375
3 0.265625 0.29140625 0.1046875 0.2515625
3 0.17734375 0.26796875 0.1 0.265625
3 0.9375 0.38203125 0.1078125 0.2625
3 0.0421875 0.63984375 0.084375 0.2703125
3 0.43984375 0.29765625 0.1046875 0.278125
3 0.52421875 0.3078125 0.10625 0.3078125
3 0.35234375 0.303125 0.1046875 0.25625
3 0.37265625 0.69609375 0.1046875 0.284375
3 0.08359375 0.8953125 0.075 0.096875
3 0.909375 0.96484375 0.053125 0.0703125
3 0.984375 0.3859375 0.03125 0.2625
3 0.9484375 0.7671875 0.0703125 0.2515625
3 0.040625 0.2640625 0.0546875 0.2375