3 0.62578125 0.9140625 0.0765625 0.171875
3 0.3125 0.5953125 0.0875 0.2359375
3 0.13984375 0.59375 0.0984375 0.265625
3 0.71171875 0.9015625 0.0796875 0.196875
3 0.59609375 0.2671875 0.0890625 0.2359375
3 0.81875 0.6390625 0.09375 0.2546875
3 0.9125 0.64375 0.09375 0.2578125
3 0.28359375 0.871875 0.090625 0.2265625
3 0.2 0.86328125 0.0875 0.228125
3 0.0359375 0.84296875 0.071875 0.2328125
3 0.790625 0.92109375 0.084375 0.1578125
3 0.2203125 0.59609375 0.090625 0.2546875
3 0.68046875 0.27890625 0.09375 0.2453125
3 0.7609375 0.28515625 0.0734375 0.228125
3 0.8515625 0.2859375 0.0859375 0.2234375
3 0.93671875 0.28671875 0.084375 0.2109375
3 0.9859375 0.2859375 0.028125 0.2125
3 0.9734375 0.646875 0.053125 0.246875
3 0.73359375 0.6578125 0.0921875 0.2734375
3 0.64921875 0.6234375 0.09375 0.246875
3 0.57109375 0.625 0.1015625 0.2609375
3 0.478125 0.60390625 0.0953125 0.24375
3 0.38828125 0.62109375 0.0890625 0.28125
3 0.04921875 0.58359375 0.0875 0.2640625
3 0.0875 0.22109375 0.08125 0.2390625
3 0.16796875 0.22578125 0.084375 0.2296875
3 0.253125 0.2296875 0.0828125 0.2234375
3 0.34296875 0.24140625 0.0875 0.225
3 0.42578125 0.24453125 0.0734375 0.2171875
3 0.50625 0.2578125 0.0828125 0.2265625
3 0.36796875 0.88359375 0.078125 0.2171875
3 0.453125 0.871875 0.0796875 0.25625
3 0.5421875 0.87578125 0.08125 0.2484375
3 0.8859375 0.909375 0.084375 0.18125
3 0.94609375 0.9078125 0.0546875 0.184375
3 0.11015625 0.87890625 0.0890625 0.1828125