3 0.7171875 0.31875 0.115625 0.2375
3 0.61640625 0.6609375 0.115625 0.2375
3 0.2453125 0.984375 0.084375 0.03125
3 0.14140625 0.43515625 0.115625 0.25625
3 0.11484375 0.74375 0.1171875 0.259375
3 0.32578125 0.97578125 0.0796875 0.0484375
3 0.57578125 0.9421875 0.0890625 0.1140625
3 0.54921875 0.34375 0.1109375 0.2234375
3 0.91640625 0.8890625 0.0890625 0.1
3 0.228125 0.415625 0.10625 0.259375
3 0.7015625 0.659375 0.1125 0.2359375
3 0.30703125 0.41796875 0.1140625 0.2640625
3 0.05625 0.45625 0.103125 0.2546875
3 0.19375 0.709375 0.115625 0.29375
3 0.2828125 0.72109375 0.1078125 0.2359375
3 0.3640625 0.69609375 0.115625 0.275
3 0.44296875 0.66171875 0.109375 0.28125
3 0.52890625 0.646875 0.11875 0.303125
3 0.7890625 0.640625 0.109375 0.2328125
3 0.8734375 0.6234375 0.115625 0.234375
3 0.946875 0.59140625 0.10625 0.2765625
3 0.4078125 0.96796875 0.075 0.0640625
3 0.49296875 0.95625 0.0828125 0.0875
3 0.66328125 0.9328125 0.08125 0.1
3 0.746875 0.921875 0.0734375 0.090625
3 0.8359375 0.915625 0.0703125 0.0734375
3 0.9828125 0.871875 0.034375 0.1
3 0.890625 0.30390625 0.115625 0.28125
3 0.80546875 0.328125 0.1171875 0.275
3 0.3953125 0.40703125 0.1171875 0.2640625
3 0.471875 0.375 0.1171875 0.271875
3 0.95546875 0.29609375 0.0765625 0.265625
3 0.9875 0.57109375 0.025 0.2609375
3 0.01328125 0.4625 0.0265625 0.2125
3 0.05234375 0.740625 0.078125 0.265625
3 0.6296875 0.34140625 0.1125 0.2671875