3 0.775 0.30859375 0.084375 0.228125
3 0.071875 0.9625 0.071875 0.075
3 0.26875 0.3625 0.0875 0.2359375
3 0.40546875 0.94453125 0.0734375 0.1109375
3 0.09609375 0.38671875 0.084375 0.24375
3 0.15078125 0.95859375 0.0765625 0.0828125
3 0.028125 0.39609375 0.05625 0.2359375
3 0.29453125 0.66484375 0.0875 0.259375
3 0.45703125 0.6671875 0.08125 0.2296875
3 0.1796875 0.36484375 0.078125 0.225
3 0.884375 0.6140625 0.0921875 0.2625
3 0.434375 0.35546875 0.0890625 0.246875
3 0.746875 0.921875 0.071875 0.1171875
3 0.94453125 0.28984375 0.084375 0.2296875
3 0.9265625 0.9109375 0.075 0.103125
3 0.8640625 0.30390625 0.078125 0.225
3 0.6875 0.33046875 0.09375 0.2625
3 0.96328125 0.596875 0.0734375 0.253125
3 0.52109375 0.34765625 0.0875 0.2453125
3 0.5453125 0.65546875 0.078125 0.2234375
3 0.71484375 0.63515625 0.0828125 0.2515625
3 0.37109375 0.6640625 0.0859375 0.253125
3 0.2390625 0.9578125 0.06875 0.084375
3 0.49140625 0.94453125 0.0734375 0.1109375
3 0.3234375 0.95078125 0.065625 0.0984375
3 0.6703125 0.93125 0.0625 0.1078125
3 0.8375 0.9171875 0.0703125 0.1078125
3 0.3484375 0.37421875 0.09375 0.2734375
3 0.1140625 0.671875 0.0921875 0.278125
3 0.58046875 0.94296875 0.0765625 0.109375
3 0.62265625 0.6359375 0.08125 0.24375
3 0.59921875 0.321875 0.075 0.215625
3 0.9859375 0.896875 0.028125 0.11875
3 0.20703125 0.66875 0.090625 0.271875
3 0.803125 0.61875 0.078125 0.25
3 0.03984375 0.6765625 0.0765625 0.2796875