3 0.53828125 0.2984375 0.109375 0.2234375
3 0.31796875 0.95234375 0.0890625 0.0953125
3 0.57421875 0.9203125 0.0953125 0.1546875
3 0.709375 0.27109375 0.1171875 0.240625
3 0.91171875 0.86484375 0.096875 0.146875
3 0.23125 0.96015625 0.0875 0.0796875
3 0.12734375 0.38828125 0.109375 0.2546875
3 0.40625 0.94609375 0.078125 0.1078125
3 0.48984375 0.934375 0.0890625 0.13125
3 0.77734375 0.59296875 0.1046875 0.2359375
3 0.66015625 0.9171875 0.084375 0.1296875
3 0.153125 0.96640625 0.090625 0.0671875
3 0.21484375 0.3734375 0.10625 0.246875
3 0.7984375 0.27734375 0.1140625 0.265625
3 0.60234375 0.61640625 0.1109375 0.2421875
3 0.9734375 0.846875 0.053125 0.146875
3 0.82734375 0.8875 0.090625 0.1296875
3 0.3859375 0.35859375 0.1109375 0.2609375
3 0.9328125 0.53046875 0.1203125 0.26875
3 0.86171875 0.57578125 0.1015625 0.23125
3 0.10703125 0.70078125 0.1140625 0.2609375
3 0.6265625 0.30078125 0.103125 0.259375
3 0.6921875 0.60859375 0.10625 0.2421875
3 0.88046875 0.2609375 0.109375 0.2640625
3 0.74375 0.89921875 0.0796875 0.1296875
3 0.29609375 0.36875 0.1046875 0.2578125
3 0.04296875 0.40546875 0.0859375 0.2328125
3 0.52109375 0.5953125 0.1109375 0.2921875
3 0.43671875 0.6140625 0.1078125 0.2765625
3 0.3546875 0.64921875 0.1125 0.2640625
3 0.47109375 0.3359375 0.1109375 0.2625
3 0.27109375 0.66328125 0.1125 0.2671875
3 0.17890625 0.6640625 0.1125 0.3
3 0.94609375 0.25078125 0.0796875 0.265625
3 0.00859375 0.41484375 0.0171875 0.2203125
3 0.98125 0.5234375 0.0375 0.265625
3 0.03984375 0.6890625 0.0765625 0.2828125
3 0.0921875 0.9796875 0.0375 0.040625