3 0.02578125 0.41640625 0.0515625 0.2171875
3 0.2828125 0.725 0.0765625 0.2125
3 0.0984375 0.42265625 0.0765625 0.2328125
3 0.36171875 0.71796875 0.08125 0.24375
3 0.35234375 0.4234375 0.075 0.2546875
3 0.52734375 0.41953125 0.0765625 0.2515625
3 0.271875 0.41875 0.0734375 0.246875
3 0.4453125 0.703125 0.0828125 0.2609375
3 0.1984375 0.725 0.075 0.253125
3 0.1859375 0.4203125 0.075 0.25
3 0.10625 0.734375 0.078125 0.259375
3 0.69765625 0.7171875 0.06875 0.2171875
3 0.9609375 0.40234375 0.075 0.2609375
3 0.78046875 0.40625 0.071875 0.24375
3 0.6953125 0.40234375 0.065625 0.23125
3 0.7859375 0.6984375 0.0796875 0.284375
3 0.61171875 0.7015625 0.078125 0.2640625
3 0.6046875 0.41015625 0.071875 0.2359375
3 0.86796875 0.40078125 0.075 0.2453125
3 0.8734375 0.68828125 0.075 0.2671875
3 0.44140625 0.43203125 0.065625 0.2421875
3 0.96015625 0.684375 0.0796875 0.26875
3 0.53125 0.6875 0.0796875 0.29375
3 0.53203125 0.97265625 0.0671875 0.0546875
3 0.609375 0.96796875 0.06875 0.0578125
3 0.6953125 0.9671875 0.059375 0.0546875
3 0.03125 0.7296875 0.0546875 0.2671875
3 0.784375 0.9625 0.08125 0.059375
3 0.278125 0.98125 0.059375 0.0375
3 0.44609375 0.978125 0.0578125 0.04375
3 0.1953125 0.98046875 0.0625 0.0390625
3 0.1125 0.98671875 0.059375 0.0265625
3 0.3625 0.978125 0.06875 0.04375
3 0.9453125 0.959375 0.0703125 0.0515625
3 0.8671875 0.965625 0.0671875 0.0453125
3 0.03671875 0.98828125 0.0421875 0.0234375