3 0.12890625 0.43046875 0.1109375 0.2625
3 0.8078125 0.34609375 0.0921875 0.2484375
3 0.30078125 0.39765625 0.090625 0.23125
3 0.21328125 0.41796875 0.096875 0.2484375
3 0.965625 0.31796875 0.059375 0.2328125
3 0.89375 0.334375 0.1015625 0.25
3 0.4640625 0.37890625 0.1 0.2375
3 0.415625 0.6859375 0.0984375 0.2609375
3 0.671875 0.68828125 0.090625 0.234375
3 0.8421875 0.6640625 0.0921875 0.23125
3 0.63828125 0.36875 0.078125 0.2265625
3 0.72265625 0.38125 0.1109375 0.2828125
3 0.04609375 0.44375 0.0921875 0.265625
3 0.0765625 0.73671875 0.09375 0.265625
3 0.15703125 0.7484375 0.084375 0.23125
3 0.24296875 0.71953125 0.084375 0.29375
3 0.334375 0.709375 0.090625 0.2546875
3 0.49921875 0.67109375 0.096875 0.3203125
3 0.5890625 0.66484375 0.090625 0.309375
3 0.7578125 0.66171875 0.090625 0.25
3 0.92890625 0.63828125 0.0828125 0.25625
3 0.9796875 0.62890625 0.040625 0.2671875
3 0.1859375 0.98828125 0.05 0.0234375
3 0.27265625 0.9875 0.0515625 0.025
3 0.35859375 0.9828125 0.0578125 0.034375
3 0.44921875 0.97578125 0.0609375 0.0484375
3 0.55390625 0.3890625 0.084375 0.2421875
3 0.384375 0.42265625 0.0859375 0.271875