3 0.046875 0.76796875 0.0734375 0.2203125
3 0.56328125 0.934375 0.0734375 0.121875
3 0.3328125 0.19609375 0.075 0.0953125
3 0.12578125 0.771875 0.0828125 0.2375
3 0.43125 0.3984375 0.0765625 0.2203125
3 0.26796875 0.390625 0.0859375 0.25625
3 0.3 0.7625 0.08125 0.246875
3 0.2265625 0.971875 0.065625 0.05625
3 0.47421875 0.9515625 0.0765625 0.096875
3 0.378125 0.76328125 0.0875 0.2609375
3 0.89296875 0.725 0.0890625 0.2453125
3 0.17890625 0.390625 0.0859375 0.265625
3 0.08125 0.2046875 0.059375 0.06875
3 0.63828125 0.7421875 0.0765625 0.246875
3 0.38984375 0.965625 0.0703125 0.06875
3 0.85546875 0.35078125 0.0890625 0.25625
3 0.89921875 0.92890625 0.0703125 0.09375
3 0.7203125 0.72734375 0.075 0.2328125
3 0.640625 0.9421875 0.06875 0.096875
3 0.8078125 0.73359375 0.0828125 0.2421875
3 0.34453125 0.403125 0.08125 0.234375
3 0.59609375 0.36796875 0.071875 0.24375
3 0.94453125 0.3390625 0.0859375 0.246875
3 0.55390625 0.753125 0.0859375 0.2546875
3 0.21484375 0.775 0.08125 0.25625
3 0.0859375 0.39140625 0.084375 0.2734375
3 0.77421875 0.359375 0.0796875 0.246875
3 0.4671875 0.76015625 0.075 0.2546875
3 0.5171875 0.38984375 0.071875 0.2140625
3 0.6859375 0.3671875 0.0796875 0.25
3 0.82109375 0.9375 0.0640625 0.0859375
3 0.971875 0.72265625 0.05625 0.2671875
3 0.1390625 0.97890625 0.0625 0.0421875
3 0.50546875 0.17421875 0.06875 0.0703125
3 0.02265625 0.390625 0.0453125 0.275
3 0.30703125 0.98125 0.0640625 0.0375
3 0.7296875 0.9578125 0.06875 0.0578125
3 0.059375 0.97109375 0.059375 0.0578125
3 0.015625 0.21328125 0.03125 0.0671875
3 0.97890625 0.92265625 0.0421875 0.0921875
3 0.159375 0.18828125 0.0546875 0.04375
3 0.41953125 0.18125 0.065625 0.06875
3 0.24296875 0.18203125 0.0578125 0.05
3 0.5875 0.16171875 0.05625 0.0453125