3 0.7890625 0.9125 0.0734375 0.1296875
3 0.56015625 0.33671875 0.09375 0.2375
3 0.61640625 0.9109375 0.075 0.1625
3 0.70234375 0.934375 0.0734375 0.0984375
3 0.87265625 0.91640625 0.075 0.1015625
3 0.5296875 0.9109375 0.075 0.178125
3 0.27265625 0.93984375 0.0765625 0.1203125
3 0.81953125 0.30703125 0.0875 0.23125
3 0.3390625 0.70703125 0.084375 0.2359375
3 0.5078125 0.690625 0.0953125 0.246875
3 0.934375 0.6546875 0.0984375 0.2625
3 0.5921875 0.69765625 0.0890625 0.25625
3 0.35859375 0.94453125 0.0734375 0.1109375
3 0.44609375 0.9390625 0.0703125 0.121875
3 0.1640625 0.740625 0.0953125 0.2703125
3 0.24921875 0.72578125 0.0890625 0.25625
3 0.76875 0.70078125 0.1 0.284375
3 0.7328125 0.3203125 0.0828125 0.2328125
3 0.6796875 0.67890625 0.084375 0.2359375
3 0.65078125 0.33046875 0.0828125 0.2359375
3 0.95546875 0.89296875 0.0796875 0.1390625
3 0.04921875 0.37265625 0.0859375 0.253125
3 0.10390625 0.9421875 0.0828125 0.115625
3 0.8515625 0.6671875 0.09375 0.2578125
3 0.221875 0.35390625 0.0875 0.2484375
3 0.13125 0.35234375 0.0828125 0.2640625
3 0.8953125 0.2796875 0.0921875 0.259375
3 0.0765625 0.74921875 0.09375 0.2671875
3 0.3921875 0.31796875 0.0875 0.2765625
3 0.4765625 0.3078125 0.0859375 0.30625
3 0.309375 0.3453125 0.0890625 0.2546875
3 0.4234375 0.72109375 0.0859375 0.2828125
3 0.19140625 0.96875 0.0703125 0.0625
3 0.9640625 0.26640625 0.05625 0.2625
3 0.9859375 0.65078125 0.028125 0.2515625
3 0.0078125 0.38203125 0.015625 0.2390625
3 0.04453125 0.9578125 0.0203125 0.084375
3 0.02421875 0.746875 0.028125 0.2125