3 0.4765625 0.409375 0.075 0.23125
3 0.8265625 0.4203125 0.07265625 0.24765625
3 0.31484375 0.41640625 0.06953125 0.2265625
3 0.90703125 0.41484375 0.07578125 0.24453125
3 0.40078125 0.71953125 0.0703125 0.25546875
3 0.134375 0.434375 0.075 0.25625
3 0.221875 0.428125 0.0671875 0.2484375
3 0.134375 0.74765625 0.06484375 0.23125
3 0.65546875 0.74296875 0.0609375 0.22421875
3 0.04765625 0.43203125 0.07109375 0.2515625
3 0.74140625 0.44453125 0.0765625 0.275
3 0.83046875 0.7390625 0.06640625 0.2234375
3 0.74375 0.71875 0.0640625 0.25546875
3 0.22578125 0.71796875 0.0671875 0.275
3 0.65078125 0.41796875 0.0609375 0.2234375
3 0.9109375 0.7140625 0.0625 0.2625
3 0.56640625 0.42734375 0.0609375 0.23984375
3 0.39609375 0.43984375 0.06171875 0.28046875
3 0.3140625 0.721875 0.06953125 0.25546875
3 0.046875 0.72109375 0.06796875 0.26171875
3 0.56875 0.703125 0.06640625 0.29921875
3 0.48125 0.7046875 0.0671875 0.3078125
3 0.98046875 0.41171875 0.0390625 0.2453125
3 0.98203125 0.715625 0.0359375 0.265625
3 0.39453125 0.98671875 0.0578125 0.0265625
3 0.3140625 0.98828125 0.05390625 0.02265625
3 0.22109375 0.98984375 0.0515625 0.0203125
3 0.5703125 0.1609375 0.0625 0.03828125
3 0.046875 0.99140625 0.0546875 0.01640625
3 0.13046875 0.9890625 0.05390625 0.02109375