3 0.5828125 0.31171875 0.084375 0.2171875
3 0.215625 0.9203125 0.075 0.13125
3 0.47734375 0.92578125 0.0796875 0.1484375
3 0.75546875 0.32421875 0.090625 0.234375
3 0.81875 0.93828125 0.08125 0.1234375
3 0.12890625 0.91640625 0.0734375 0.1296875
3 0.16171875 0.30703125 0.08125 0.25
3 0.30625 0.9265625 0.0640625 0.128125
3 0.390625 0.9265625 0.0734375 0.1359375
3 0.74921875 0.653125 0.078125 0.23125
3 0.56171875 0.93984375 0.0703125 0.1203125
3 0.05 0.91171875 0.0765625 0.1328125
3 0.25078125 0.3125 0.078125 0.2421875
3 0.84140625 0.35078125 0.084375 0.2609375
3 0.5734375 0.6359375 0.084375 0.2375
3 0.90234375 0.93984375 0.0765625 0.1203125
3 0.73203125 0.94453125 0.0765625 0.1109375
3 0.42109375 0.3359375 0.0796875 0.2578125
3 0.91484375 0.62734375 0.0890625 0.2640625
3 0.83515625 0.65546875 0.075 0.2265625
3 0.071875 0.6078125 0.084375 0.25625
3 0.66796875 0.334375 0.071875 0.25625
3 0.6625 0.64921875 0.078125 0.2375
3 0.925 0.35234375 0.0796875 0.259375
3 0.6484375 0.940625 0.065625 0.11875
3 0.33046875 0.32578125 0.075 0.253125
3 0.07109375 0.3046875 0.06875 0.2296875
3 0.4984375 0.59765625 0.0765625 0.2875
3 0.4125 0.596875 0.075 0.271875
3 0.325 0.6125 0.08125 0.259375
3 0.50859375 0.33359375 0.0796875 0.259375
3 0.23984375 0.6078125 0.0828125 0.2625
3 0.15078125 0.5875 0.078125 0.2953125
3 0.9828125 0.3578125 0.034375 0.265625
3 0.0203125 0.303125 0.0328125 0.2203125
3 0.965625 0.9421875 0.028125 0.115625
3 0.9796875 0.63359375 0.040625 0.2671875
3 0.01484375 0.5796875 0.0296875 0.284375