3 0.8375 0.20546875 0.084375 0.1796875
3 0.74609375 0.2015625 0.1 0.209375
3 0.87265625 0.48671875 0.109375 0.2578125
3 0.365625 0.58203125 0.0890625 0.2453125
3 0.41015625 0.2703125 0.1078125 0.2390625
3 0.49296875 0.2578125 0.1125 0.2453125
3 0.2875 0.58359375 0.109375 0.2640625
3 0.10078125 0.9296875 0.0984375 0.140625
3 0.071875 0.32265625 0.0953125 0.2421875
3 0.1765625 0.925 0.090625 0.15
3 0.9421875 0.8328125 0.09375 0.1953125
3 0.43046875 0.90078125 0.0984375 0.1984375
3 0.79453125 0.5015625 0.0984375 0.240625
3 0.5703125 0.2296875 0.0828125 0.1984375
3 0.6625 0.22734375 0.1078125 0.2359375
3 0.90625 0.175 0.103125 0.2015625
3 0.953125 0.4671875 0.09375 0.2375
3 0.32578125 0.3015625 0.1140625 0.2671875
3 0.24140625 0.2953125 0.09375 0.2171875
3 0.15234375 0.3015625 0.078125 0.2015625
3 0.02421875 0.3390625 0.0484375 0.23125
3 0.04140625 0.61015625 0.0828125 0.2671875
3 0.109375 0.609375 0.1125 0.25
3 0.2046875 0.596875 0.109375 0.25625
3 0.4515625 0.578125 0.1 0.2203125
3 0.53515625 0.559375 0.0859375 0.209375
3 0.61796875 0.53203125 0.0921875 0.2421875
3 0.7109375 0.52578125 0.1 0.25
3 0.259375 0.91953125 0.084375 0.1609375
3 0.3453125 0.915625 0.08125 0.16875
3 0.515625 0.90078125 0.08125 0.1984375
3 0.60625 0.896875 0.0953125 0.190625
3 0.68359375 0.87578125 0.0859375 0.20625
3 0.76875 0.86015625 0.0875 0.1984375
3 0.8546875 0.85625 0.0890625 0.19375