3 0.1375 0.1890625 0.0921875 0.203125
3 0.559375 0.25546875 0.1 0.228125
3 0.80859375 0.29140625 0.1 0.2203125
3 0.38671875 0.234375 0.0984375 0.2265625
3 0.53828125 0.884375 0.1078125 0.23125
3 0.7078125 0.896875 0.115625 0.20625
3 0.0421875 0.8296875 0.084375 0.225
3 0.8984375 0.3046875 0.09375 0.2171875
3 0.34609375 0.51328125 0.1046875 0.2453125
3 0.1265625 0.83671875 0.103125 0.2375
3 0.63671875 0.26171875 0.0890625 0.2078125
3 0.7265625 0.27265625 0.0859375 0.2015625
3 0.20703125 0.84921875 0.0953125 0.2328125
3 0.37734375 0.8734375 0.09375 0.2328125
3 0.96875 0.31875 0.0625 0.23125
3 0.06328125 0.17734375 0.0703125 0.190625
3 0.26640625 0.51171875 0.096875 0.2171875
3 0.621875 0.88984375 0.09375 0.2203125
3 0.22265625 0.2109375 0.090625 0.2125
3 0.79140625 0.90859375 0.0984375 0.1828125
3 0.68046875 0.56953125 0.0890625 0.2234375
3 0.475 0.25234375 0.0890625 0.2296875
3 0.303125 0.215625 0.090625 0.21875
3 0.4296875 0.51796875 0.10625 0.2578125
3 0.4640625 0.88046875 0.1 0.2390625
3 0.2890625 0.8609375 0.09375 0.2328125
3 0.87265625 0.91328125 0.1046875 0.1734375
3 0.765625 0.565625 0.109375 0.2875
3 0.09140625 0.4875 0.1015625 0.259375
3 0.85390625 0.5703125 0.103125 0.26875
3 0.18359375 0.48828125 0.1015625 0.25625
3 0.5953125 0.5390625 0.103125 0.2609375
3 0.51796875 0.51015625 0.1078125 0.3
3 0.9421875 0.58203125 0.103125 0.2625
3 0.02890625 0.4640625 0.0578125 0.271875
3 0.93125 0.9171875 0.05 0.165625
3 0.98046875 0.5828125 0.0390625 0.253125