3 0.09921875 0.9125 0.0703125 0.14375
3 0.35390625 0.9171875 0.0703125 0.1578125
3 0.88671875 0.31171875 0.0703125 0.2078125
3 0.35859375 0.61953125 0.0734375 0.2484375
3 0.52578125 0.9234375 0.0765625 0.153125
3 0.28359375 0.30390625 0.0796875 0.2375
3 0.7984375 0.30390625 0.0734375 0.21875
3 0.86875 0.6203125 0.08125 0.2640625
3 0.87265625 0.9359375 0.0796875 0.128125
3 0.7015625 0.92734375 0.071875 0.1453125
3 0.4546875 0.3109375 0.078125 0.2421875
3 0.2734375 0.59765625 0.078125 0.2515625
3 0.203125 0.29375 0.0765625 0.2203125
3 0.525 0.6234375 0.0625 0.2234375
3 0.43984375 0.61640625 0.0640625 0.2296875
3 0.61171875 0.6125 0.0546875 0.234375
3 0.69765625 0.61953125 0.06875 0.2625
3 0.78125 0.61796875 0.075 0.25625
3 0.95859375 0.62421875 0.0671875 0.26875
3 0.965625 0.30703125 0.06875 0.2328125
3 0.62421875 0.30625 0.0609375 0.2484375
3 0.53828125 0.32109375 0.065625 0.2640625
3 0.36875 0.3203125 0.0765625 0.259375
3 0.1125 0.30625 0.0625 0.2484375
3 0.0390625 0.30703125 0.0734375 0.2359375
3 0.09296875 0.58203125 0.0703125 0.290625
3 0.18359375 0.5796875 0.0640625 0.2921875
3 0.178125 0.91875 0.0703125 0.1421875
3 0.26484375 0.91640625 0.05 0.153125
3 0.02578125 0.91171875 0.0515625 0.1453125
3 0.02734375 0.56328125 0.0546875 0.2703125
3 0.4359375 0.9234375 0.084375 0.1515625
3 0.61328125 0.93125 0.0515625 0.1375
3 0.78515625 0.9390625 0.0640625 0.121875
3 0.95390625 0.93203125 0.0671875 0.1359375
3 0.7109375 0.325 0.08125 0.2703125