3 0.040625 0.84296875 0.08125 0.1671875
3 0.02734375 0.565625 0.0546875 0.225
3 0.12421875 0.85625 0.090625 0.175
3 0.37265625 0.88984375 0.1015625 0.19375
3 0.2859375 0.884375 0.09375 0.175
3 0.45859375 0.89375 0.1015625 0.2125
3 0.534375 0.9109375 0.09375 0.178125
3 0.20546875 0.88203125 0.0859375 0.1515625
3 0.61484375 0.9390625 0.0859375 0.121875
3 0.7921875 0.93515625 0.096875 0.1296875
3 0.08515625 0.5765625 0.1078125 0.2390625
3 0.75625 0.70859375 0.1078125 0.2484375
3 0.8140625 0.33671875 0.10625 0.2515625
3 0.31171875 0.25546875 0.103125 0.253125
3 0.4703125 0.303125 0.0984375 0.2234375
3 0.33203125 0.6359375 0.1140625 0.26875
3 0.8828125 0.93828125 0.103125 0.1234375
3 0.50625 0.66640625 0.109375 0.259375
3 0.6359375 0.3125 0.1 0.2453125
3 0.709375 0.928125 0.090625 0.14375
3 0.25390625 0.621875 0.1046875 0.2578125
3 0.840625 0.7234375 0.1125 0.25
3 0.58984375 0.67734375 0.1015625 0.2484375
3 0.1703125 0.6078125 0.109375 0.2625
3 0.671875 0.684375 0.0984375 0.2375
3 0.41875 0.6546875 0.1015625 0.259375
3 0.89375 0.35078125 0.1125 0.26875
3 0.72578125 0.32734375 0.1046875 0.253125
3 0.38671875 0.27890625 0.1046875 0.2453125
3 0.96328125 0.365625 0.0734375 0.259375
3 0.228125 0.228125 0.10625 0.2625
3 0.55625 0.31015625 0.09375 0.2171875
3 0.134375 0.2203125 0.10625 0.2640625
3 0.93359375 0.74375 0.1046875 0.2703125
3 0.0671875 0.1984375 0.0875 0.271875