3 0.4640625 0.41328125 0.10625 0.2390625
3 0.8125 0.37578125 0.10625 0.2546875
3 0.3046875 0.44296875 0.1 0.234375
3 0.89140625 0.359375 0.109375 0.253125
3 0.43203125 0.73125 0.1046875 0.2625
3 0.12890625 0.4859375 0.109375 0.2640625
3 0.21484375 0.4671875 0.1015625 0.2546875
3 0.17265625 0.79609375 0.096875 0.2375
3 0.6875 0.71875 0.0921875 0.23125
3 0.04765625 0.4953125 0.0953125 0.259375
3 0.73125 0.41171875 0.1140625 0.2828125
3 0.86015625 0.690625 0.096875 0.23125
3 0.771875 0.6828125 0.0984375 0.2625
3 0.25859375 0.75390625 0.1046875 0.28125
3 0.63828125 0.39765625 0.0921875 0.2296875
3 0.93671875 0.6546875 0.0984375 0.26875
3 0.55546875 0.41875 0.09375 0.2453125
3 0.3890625 0.4546875 0.1 0.2859375
3 0.346875 0.7453125 0.1046875 0.2625
3 0.08203125 0.78203125 0.103125 0.26875
3 0.59609375 0.69140625 0.1078125 0.30625
3 0.51015625 0.70546875 0.109375 0.3140625
3 0.96328125 0.34609375 0.0734375 0.2484375
3 0.98515625 0.6453125 0.0296875 0.26875
3 0.46328125 0.98984375 0.0609375 0.0203125
3 0.3828125 0.996875 0.05625 0.00625
3 0.52265625 0.1546875 0.0671875 0.046875