3 0.740625 0.18203125 0.078125 0.1328125
3 0.4890625 0.2171875 0.084375 0.1484375
3 0.62421875 0.78046875 0.103125 0.2328125
3 0.31328125 0.23671875 0.0796875 0.1484375
3 0.403125 0.2265625 0.0765625 0.153125
3 0.8296875 0.17109375 0.0796875 0.1375
3 0.79453125 0.77109375 0.1125 0.246875
3 0.34296875 0.475 0.1015625 0.24375
3 0.1515625 0.2546875 0.071875 0.1359375
3 0.6546875 0.18046875 0.071875 0.125
3 0.565625 0.19921875 0.0734375 0.128125
3 0.0640625 0.25859375 0.0734375 0.11875
3 0.21796875 0.85390625 0.103125 0.2625
3 0.425 0.45390625 0.103125 0.2609375
3 0.9171875 0.1640625 0.0828125 0.15
3 0.68046875 0.43984375 0.0828125 0.2171875
3 0.12890625 0.8640625 0.090625 0.2359375
3 0.58984375 0.43828125 0.1 0.2546875
3 0.46953125 0.8421875 0.0984375 0.271875
3 0.18203125 0.49453125 0.096875 0.2546875
3 0.296875 0.84140625 0.096875 0.246875
3 0.228125 0.2359375 0.0734375 0.1328125
3 0.88671875 0.7875 0.1 0.2671875
3 0.7609375 0.409375 0.103125 0.2828125
3 0.090625 0.509375 0.096875 0.2515625
3 0.84921875 0.4 0.096875 0.2640625
3 0.7125 0.78828125 0.09375 0.2625
3 0.55546875 0.81484375 0.1 0.278125
3 0.26484375 0.49296875 0.09375 0.2171875
3 0.95859375 0.7765625 0.0828125 0.271875
3 0.3828125 0.84140625 0.096875 0.2671875
3 0.5125 0.42890625 0.103125 0.2921875
3 0.93125 0.384375 0.096875 0.2625
3 0.00703125 0.25703125 0.0140625 0.1140625
3 0.02734375 0.51484375 0.0546875 0.2671875
3 0.05859375 0.86875 0.0609375 0.228125
3 0.490625 0.98671875 0.0625 0.0265625
3 0.40234375 0.996875 0.0671875 0.00625
3 0.57421875 0.975 0.0640625 0.0453125
3 0.97890625 0.37109375 0.0421875 0.2546875