3 0.66171875 0.909375 0.0609375 0.18125
3 0.321875 0.6109375 0.0671875 0.23046875
3 0.14921875 0.625 0.0765625 0.259375
3 0.74765625 0.8890625 0.0625 0.20703125
3 0.57578125 0.259375 0.06953125 0.23046875
3 0.8296875 0.6109375 0.071875 0.25
3 0.9234375 0.60703125 0.071875 0.25234375
3 0.3171875 0.8890625 0.071875 0.22109375
3 0.2328125 0.88828125 0.06796875 0.2234375
3 0.05078125 0.884375 0.08671875 0.22578125
3 0.828125 0.90625 0.06953125 0.178125
3 0.2296875 0.6203125 0.06953125 0.25
3 0.66015625 0.2640625 0.0734375 0.2390625
3 0.74140625 0.26328125 0.05390625 0.22421875
3 0.83125 0.25625 0.0671875 0.21796875
3 0.91640625 0.24921875 0.06640625 0.20625
3 0.98046875 0.24375 0.03828125 0.209375
3 0.984375 0.6046875 0.03125 0.24453125
3 0.74609375 0.63671875 0.06875 0.26796875
3 0.659375 0.61015625 0.07265625 0.2421875
3 0.58203125 0.61796875 0.07890625 0.2546875
3 0.4875 0.60546875 0.07421875 0.23828125
3 0.39921875 0.63046875 0.06484375 0.27734375
3 0.05859375 0.62265625 0.065625 0.259375
3 0.06484375 0.2578125 0.06171875 0.234375
3 0.1453125 0.25546875 0.06484375 0.225
3 0.23046875 0.25234375 0.0640625 0.21796875
3 0.32109375 0.25625 0.06796875 0.2203125
3 0.40390625 0.25234375 0.05546875 0.21328125
3 0.48515625 0.2578125 0.0640625 0.221875
3 0.4015625 0.89375 0.059375 0.2125
3 0.4859375 0.87421875 0.0578125 0.2515625
3 0.575 0.87421875 0.059375 0.2515625
3 0.921875 0.89296875 0.065625 0.2140625
3 0.98203125 0.88828125 0.03515625 0.2234375
3 0.14453125 0.91171875 0.0734375 0.1765625