3 0.1484375 0.9375 0.08125 0.125
3 0.0453125 0.6984375 0.0765625 0.2234375
3 0.23671875 0.9296875 0.0796875 0.140625
3 0.484375 0.90703125 0.090625 0.1859375
3 0.40078125 0.92109375 0.0828125 0.1578125
3 0.5703125 0.890625 0.0890625 0.2140625
3 0.65 0.89375 0.08125 0.1921875
3 0.32265625 0.93671875 0.0765625 0.1265625
3 0.06953125 0.93359375 0.0671875 0.1328125
3 0.73671875 0.9046875 0.0765625 0.15
3 0.91015625 0.86796875 0.084375 0.1875
3 0.12265625 0.68828125 0.0921875 0.2375
3 0.80390625 0.6296875 0.090625 0.246875
3 0.75703125 0.25625 0.090625 0.2484375
3 0.2515625 0.3171875 0.0875 0.2515625
3 0.4171875 0.31875 0.084375 0.2203125
3 0.3765625 0.67734375 0.096875 0.265625
3 0.97734375 0.85234375 0.0453125 0.1984375
3 0.5515625 0.6578125 0.09375 0.2578125
3 0.57890625 0.28203125 0.084375 0.24375
3 0.8265625 0.8765625 0.0796875 0.1875
3 0.296875 0.684375 0.0890625 0.2546875
3 0.8890625 0.62109375 0.0953125 0.246875
3 0.63515625 0.64609375 0.0859375 0.246875
3 0.2125 0.69453125 0.0921875 0.259375
3 0.71640625 0.6296875 0.0828125 0.2359375
3 0.46484375 0.67109375 0.084375 0.2578125
3 0.8375 0.24765625 0.0953125 0.265625
3 0.66953125 0.271875 0.0875 0.2515625
3 0.33046875 0.31796875 0.0890625 0.24375
3 0.92734375 0.2375 0.096875 0.25625
3 0.1640625 0.3140625 0.0890625 0.2609375
3 0.5015625 0.3015625 0.0796875 0.215625
3 0.071875 0.33203125 0.0890625 0.2625
3 0.9703125 0.6140625 0.059375 0.26875
3 0.01796875 0.3296875 0.0359375 0.271875
3 0.96875 0.23203125 0.0375 0.25