3 0.02578125 0.40078125 0.0515625 0.215625
3 0.275 0.7171875 0.06953125 0.21015625
3 0.1015625 0.40859375 0.06796875 0.23046875
3 0.35390625 0.71328125 0.0734375 0.240625
3 0.35546875 0.41796875 0.065625 0.253125
3 0.53046875 0.4203125 0.0671875 0.24921875
3 0.275 0.4109375 0.06484375 0.24453125
3 0.43828125 0.70078125 0.07421875 0.2578125
3 0.190625 0.7140625 0.06640625 0.25078125
3 0.1890625 0.409375 0.065625 0.2484375
3 0.0984375 0.7203125 0.06953125 0.25703125
3 0.68984375 0.72421875 0.0609375 0.215625
3 0.9640625 0.41875 0.065625 0.259375
3 0.78359375 0.41640625 0.0640625 0.24140625
3 0.6984375 0.409375 0.05703125 0.2296875
3 0.77890625 0.70859375 0.0703125 0.2828125
3 0.6046875 0.70546875 0.06875 0.26171875
3 0.6078125 0.4140625 0.0640625 0.234375
3 0.87109375 0.4140625 0.06640625 0.24375
3 0.86640625 0.7015625 0.065625 0.265625
3 0.44375 0.4296875 0.05703125 0.23984375
3 0.95390625 0.70078125 0.0703125 0.2671875
3 0.525 0.68828125 0.06953125 0.2921875
3 0.515625 0.9734375 0.06484375 0.053125
3 0.59296875 0.971875 0.0671875 0.05625
3 0.67890625 0.9734375 0.0578125 0.053125
3 0.0234375 0.71328125 0.04609375 0.26640625
3 0.76796875 0.971875 0.0796875 0.05625
3 0.26171875 0.978125 0.0578125 0.04296875
3 0.43046875 0.97734375 0.05703125 0.0453125
3 0.17890625 0.97578125 0.06015625 0.0484375
3 0.0953125 0.98046875 0.05859375 0.0390625
3 0.34609375 0.97578125 0.0671875 0.0484375
3 0.92890625 0.975 0.06796875 0.05
3 0.85078125 0.978125 0.065625 0.04375
3 0.0203125 0.98046875 0.040625 0.03828125
3 0.990625 0.9734375 0.0171875 0.053125