3 0.0265625 0.4421875 0.053125 0.21875
3 0.29453125 0.7359375 0.0875 0.215625
3 0.0953125 0.44375 0.0875 0.2359375
3 0.3734375 0.725 0.09375 0.246875
3 0.34921875 0.43125 0.0875 0.2578125
3 0.5234375 0.41796875 0.0890625 0.2546875
3 0.26796875 0.43125 0.0859375 0.25
3 0.45625 0.70546875 0.096875 0.2640625
3 0.21015625 0.73984375 0.0875 0.25625
3 0.18203125 0.43671875 0.0875 0.253125
3 0.11953125 0.7546875 0.0921875 0.2625
3 0.70859375 0.70703125 0.0796875 0.2203125
3 0.95546875 0.37890625 0.0875 0.2640625
3 0.775 0.3921875 0.084375 0.2453125
3 0.68984375 0.3921875 0.0765625 0.234375
3 0.79609375 0.68359375 0.0953125 0.2875
3 0.621875 0.6953125 0.090625 0.2671875
3 0.6 0.4046875 0.084375 0.2390625
3 0.8625 0.38203125 0.0875 0.2484375
3 0.8828125 0.66875 0.0890625 0.2703125
3 0.4375 0.43515625 0.078125 0.24375
3 0.9609375 0.659375 0.078125 0.271875
3 0.54140625 0.68515625 0.0953125 0.296875
3 0.55703125 0.9703125 0.06875 0.0578125
3 0.63359375 0.96171875 0.071875 0.0625
3 0.71953125 0.95625 0.0625 0.0578125
3 0.04375 0.75390625 0.06875 0.26875
3 0.8078125 0.946875 0.084375 0.0625
3 0.30390625 0.9859375 0.0609375 0.028125
3 0.47265625 0.978125 0.0609375 0.04375
3 0.22109375 0.9875 0.0640625 0.025
3 0.3875 0.9796875 0.071875 0.040625
3 0.96640625 0.9359375 0.0671875 0.05625
3 0.89140625 0.94609375 0.06875 0.05