3 0.13203125 0.1953125 0.0890625 0.203125
3 0.55546875 0.25390625 0.096875 0.228125
3 0.8046875 0.28671875 0.0953125 0.2203125
3 0.38203125 0.2359375 0.0953125 0.225
3 0.5453125 0.884375 0.103125 0.23125
3 0.715625 0.8953125 0.1125 0.209375
3 0.0453125 0.8375 0.0875 0.225
3 0.89453125 0.29765625 0.090625 0.2171875
3 0.34609375 0.515625 0.1015625 0.2453125
3 0.1328125 0.84296875 0.1 0.2375
3 0.6328125 0.259375 0.0859375 0.20625
3 0.72265625 0.26875 0.08125 0.2015625
3 0.21328125 0.8546875 0.0921875 0.2328125
3 0.38359375 0.875 0.0890625 0.23125
3 0.96796875 0.31171875 0.0640625 0.2296875
3 0.0578125 0.18515625 0.0671875 0.190625
3 0.26640625 0.515625 0.09375 0.2171875
3 0.62890625 0.8890625 0.0890625 0.221875
3 0.21796875 0.215625 0.0875 0.2125
3 0.79921875 0.90625 0.0953125 0.1875
3 0.68125 0.56640625 0.0859375 0.221875
3 0.4703125 0.253125 0.084375 0.2296875
3 0.2984375 0.21953125 0.0875 0.2171875
3 0.4296875 0.51875 0.103125 0.2578125
3 0.46953125 0.88046875 0.0953125 0.2390625
3 0.2953125 0.86484375 0.0890625 0.23125
3 0.87890625 0.91015625 0.1015625 0.1796875
3 0.76640625 0.5609375 0.1046875 0.2875
3 0.09140625 0.49453125 0.096875 0.259375
3 0.8546875 0.5640625 0.0984375 0.26875
3 0.18359375 0.49375 0.096875 0.25625
3 0.59609375 0.5375 0.0984375 0.2609375
3 0.51875 0.51015625 0.103125 0.3
3 0.94375 0.57421875 0.0984375 0.2625
3 0.028125 0.471875 0.05625 0.271875
3 0.9390625 0.91328125 0.046875 0.1734375
3 0.98203125 0.575 0.0359375 0.253125