3 0.57265625 0.3078125 0.0734375 0.2140625
3 0.23828125 0.934375 0.06796875 0.128125
3 0.5 0.9265625 0.071875 0.14453125
3 0.74609375 0.3109375 0.078125 0.23046875
3 0.8421875 0.93046875 0.07421875 0.13671875
3 0.1515625 0.93515625 0.0671875 0.1265625
3 0.15234375 0.325 0.06796875 0.246875
3 0.32890625 0.9359375 0.05703125 0.125
3 0.41328125 0.93203125 0.0671875 0.1328125
3 0.75703125 0.63984375 0.06640625 0.228125
3 0.58515625 0.93828125 0.06484375 0.11953125
3 0.071875 0.934375 0.06953125 0.12890625
3 0.24140625 0.32578125 0.065625 0.2390625
3 0.8328125 0.3328125 0.07109375 0.25703125
3 0.58046875 0.63203125 0.071875 0.23359375
3 0.925 0.928125 0.06953125 0.13671875
3 0.75546875 0.93828125 0.0703125 0.11953125
3 0.4125 0.340625 0.0671875 0.25390625
3 0.92109375 0.60546875 0.07578125 0.26015625
3 0.84296875 0.6375 0.06328125 0.2234375
3 0.078125 0.6296875 0.071875 0.25234375
3 0.659375 0.32578125 0.059375 0.253125
3 0.6703125 0.640625 0.06640625 0.234375
3 0.91640625 0.33046875 0.06640625 0.25625
3 0.67109375 0.93515625 0.059375 0.121875
3 0.321875 0.33515625 0.0625 0.25078125
3 0.06171875 0.32734375 0.05703125 0.2265625
3 0.50390625 0.59765625 0.0625 0.28515625
3 0.41796875 0.6015625 0.06171875 0.26953125
3 0.33125 0.621875 0.06875 0.25546875
3 0.5 0.33359375 0.0671875 0.25546875
3 0.24609375 0.62109375 0.06875 0.25859375
3 0.15546875 0.60546875 0.06328125 0.29296875
3 0.9828125 0.33203125 0.034375 0.2640625
3 0.0109375 0.328125 0.021875 0.21953125
3 0.9890625 0.928125 0.021875 0.134375
3 0.98671875 0.609375 0.0265625 0.265625
3 0.0140625 0.60625 0.028125 0.2828125
3 0.009375 0.940625 0.01796875 0.115625