3 0.07265625 0.2859375 0.0859375 0.2015625
3 0.4984375 0.24765625 0.09375 0.2265625
3 0.74921875 0.2234375 0.0921875 0.21875
3 0.32578125 0.26953125 0.090625 0.225
3 0.63125 0.86875 0.1 0.2390625
3 0.80234375 0.853125 0.1078125 0.2421875
3 0.13203125 0.909375 0.0828125 0.18125
3 0.8390625 0.2140625 0.0875 0.215625
3 0.35390625 0.55 0.096875 0.24375
3 0.21953125 0.89921875 0.0953125 0.2015625
3 0.575 0.2359375 0.0828125 0.20625
3 0.66484375 0.22421875 0.078125 0.2
3 0.3 0.896875 0.0875 0.20625
3 0.47109375 0.88828125 0.0859375 0.2234375
3 0.92890625 0.2078125 0.090625 0.2296875
3 0.01484375 0.29296875 0.0296875 0.1890625
3 0.27578125 0.5671875 0.090625 0.215625
3 0.71640625 0.8609375 0.0859375 0.2421875
3 0.1609375 0.28671875 0.084375 0.2125
3 0.88828125 0.85 0.0921875 0.2296875
3 0.6921875 0.52421875 0.0828125 0.221875
3 0.415625 0.26640625 0.08125 0.2296875
3 0.240625 0.271875 0.0828125 0.2171875
3 0.4359375 0.534375 0.0984375 0.25625
3 0.55703125 0.87890625 0.0921875 0.2390625
3 0.38203125 0.89296875 0.0859375 0.2140625
3 0.96015625 0.840625 0.0796875 0.23125
3 0.7734375 0.49921875 0.1 0.2859375
3 0.10078125 0.58671875 0.0921875 0.259375
3 0.86015625 0.4828125 0.09375 0.26875
3 0.18984375 0.56484375 0.0921875 0.25625
3 0.60234375 0.51484375 0.09375 0.259375
3 0.5203125 0.50546875 0.0984375 0.3
3 0.9484375 0.47265625 0.09375 0.2625
3 0.06015625 0.91640625 0.0546875 0.1671875
3 0.0296875 0.58125 0.059375 0.271875
3 0.9859375 0.4640625 0.028125 0.253125