3 0.59140625 0.91171875 0.0703125 0.1765625
3 0.58359375 0.61875 0.075 0.21953125
3 0.75546875 0.6203125 0.08125 0.2375
3 0.42578125 0.26796875 0.071875 0.25078125
3 0.68125 0.91328125 0.0671875 0.1734375
3 0.0921875 0.90625 0.0703125 0.1875
3 0.25234375 0.9015625 0.0625 0.196875
3 0.25234375 0.6390625 0.06640625 0.24140625
3 0.3421875 0.90078125 0.06953125 0.19765625
3 0.428125 0.89140625 0.0625 0.2171875
3 0.08359375 0.6390625 0.0640625 0.2296875
3 0.16640625 0.640625 0.0734375 0.2546875
3 0.34140625 0.278125 0.071875 0.234375
3 0.51640625 0.88515625 0.059375 0.2296875
3 0.08515625 0.28125 0.06875 0.24375
3 0.42265625 0.65 0.0671875 0.253125
3 0.921875 0.6453125 0.07890625 0.26171875
3 0.51171875 0.64296875 0.06796875 0.26015625
3 0.59296875 0.26875 0.06796875 0.24921875
3 0.8453125 0.6484375 0.06875 0.25859375
3 0.853125 0.2703125 0.06953125 0.246875
3 0.17890625 0.27421875 0.06796875 0.24375
3 0.25625 0.28984375 0.0671875 0.21640625
3 0.68125 0.2828125 0.059375 0.21328125
3 0.5140625 0.26953125 0.06640625 0.25546875
3 0.765625 0.2796875 0.07109375 0.25390625
3 0.9375 0.89296875 0.07265625 0.21015625
3 0.3359375 0.64140625 0.06796875 0.259375
3 0.66875 0.63515625 0.0625 0.25078125
3 0.7703125 0.9171875 0.05703125 0.16171875
3 0.85703125 0.91953125 0.05546875 0.1609375
3 0.9359375 0.26015625 0.06640625 0.23828125
3 0.17734375 0.8875 0.06328125 0.21640625
3 0.0171875 0.2796875 0.034375 0.253125
3 0.01953125 0.88671875 0.0390625 0.21875
3 0.01484375 0.64140625 0.0296875 0.2390625
3 0.9875 0.6390625 0.025 0.26171875
3 0.99140625 0.26484375 0.0171875 0.23828125
3 0.9921875 0.89375 0.015625 0.2125