3 0.0265625 0.434375 0.053125 0.21875
3 0.290625 0.73203125 0.084375 0.2140625
3 0.09609375 0.43671875 0.084375 0.234375
3 0.36875 0.72265625 0.090625 0.2453125
3 0.35 0.428125 0.0828125 0.2578125
3 0.525 0.41875 0.084375 0.253125
3 0.26953125 0.4265625 0.08125 0.2484375
3 0.45234375 0.7046875 0.0921875 0.2625
3 0.20625 0.73515625 0.084375 0.2546875
3 0.18359375 0.43125 0.0828125 0.253125
3 0.11484375 0.74765625 0.0875 0.2609375
3 0.7046875 0.71015625 0.0765625 0.21875
3 0.95703125 0.38671875 0.0828125 0.2640625
3 0.77734375 0.396875 0.08125 0.2453125
3 0.69140625 0.39609375 0.0734375 0.2328125
3 0.79296875 0.68828125 0.090625 0.2875
3 0.61875 0.69765625 0.0875 0.265625
3 0.6015625 0.40703125 0.0796875 0.2375
3 0.8640625 0.38828125 0.0828125 0.2484375
3 0.8796875 0.67578125 0.084375 0.2703125
3 0.4390625 0.43359375 0.0734375 0.24375
3 0.9609375 0.66875 0.078125 0.271875
3 0.53828125 0.6859375 0.0890625 0.296875
3 0.5484375 0.97109375 0.06875 0.0578125
3 0.62578125 0.9640625 0.0703125 0.0609375
3 0.71171875 0.96015625 0.0609375 0.05625
3 0.03984375 0.74609375 0.0640625 0.26875
3 0.8 0.95234375 0.0828125 0.0609375
3 0.29453125 0.98515625 0.0609375 0.0296875
3 0.4640625 0.978125 0.059375 0.04375
3 0.21171875 0.98515625 0.0640625 0.0296875
3 0.12890625 0.99296875 0.0609375 0.0140625
3 0.37890625 0.97890625 0.0703125 0.0421875
3 0.9609375 0.94375 0.071875 0.0546875
3 0.88359375 0.95234375 0.06875 0.0484375