3 0.77265625 0.9421875 0.0859375 0.115625
3 0.2640625 0.87734375 0.09375 0.1921875
3 0.6 0.9296875 0.084375 0.140625
3 0.60234375 0.29921875 0.10625 0.2453125
3 0.6890625 0.92109375 0.0875 0.1578125
3 0.35234375 0.8875 0.0921875 0.196875
3 0.521875 0.88984375 0.096875 0.2203125
3 0.08671875 0.8703125 0.084375 0.15625
3 0.1796875 0.86015625 0.0921875 0.203125
3 0.30390625 0.61015625 0.096875 0.2375
3 0.89453125 0.69453125 0.109375 0.2578125
3 0.8125 0.68671875 0.1046875 0.2515625
3 0.47265625 0.6234375 0.10625 0.2453125
3 0.8625 0.325 0.0984375 0.240625
3 0.125 0.60390625 0.1078125 0.2703125
3 0.21171875 0.60859375 0.1 0.2578125
3 0.640625 0.65703125 0.09375 0.2328125
3 0.4421875 0.87890625 0.0921875 0.2390625
3 0.553125 0.6546875 0.1015625 0.2578125
3 0.8546875 0.92734375 0.090625 0.1453125
3 0.77421875 0.31640625 0.0953125 0.2421875
3 0.7234375 0.69765625 0.1109375 0.278125
3 0.94453125 0.31875 0.0953125 0.240625
3 0.69140625 0.3125 0.096875 0.2453125
3 0.096875 0.2140625 0.0984375 0.2515625
3 0.26953125 0.2359375 0.1 0.25625
3 0.51875 0.26875 0.096875 0.2546875
3 0.02421875 0.8359375 0.0484375 0.203125
3 0.0453125 0.5890625 0.090625 0.275
3 0.35625 0.2453125 0.1015625 0.2515625
3 0.440625 0.25703125 0.096875 0.246875
3 0.18125 0.22421875 0.09375 0.2546875
3 0.38203125 0.6453125 0.103125 0.284375
3 0.92265625 0.93203125 0.0609375 0.1359375
3 0.96015625 0.6953125 0.06875 0.2515625
3 0.98828125 0.32734375 0.0234375 0.2359375
3 0.0453125 0.21015625 0.05 0.2375