3 0.15703125 0.940625 0.0734375 0.11875
3 0.58515625 0.64296875 0.07421875 0.2328125
3 0.74609375 0.321875 0.07421875 0.23046875
3 0.240625 0.33203125 0.0640625 0.23828125
3 0.49765625 0.93046875 0.071875 0.1390625
3 0.41015625 0.93828125 0.0671875 0.1234375
3 0.07578125 0.63671875 0.07421875 0.25
3 0.240625 0.94296875 0.071875 0.1140625
3 0.24765625 0.603125 0.071875 0.22109375
3 0.83984375 0.93515625 0.07421875 0.1296875
3 0.32265625 0.3421875 0.05859375 0.24765625
3 0.5765625 0.31484375 0.071875 0.21171875
3 0.07265625 0.93828125 0.0734375 0.1234375
3 0.15390625 0.334375 0.071875 0.25
2 0.15546875 0.6109375 0.0515625 0.2140625
3 0.32890625 0.62890625 0.05625 0.253125
3 0.41484375 0.6125 0.059375 0.265625
3 0.49765625 0.61015625 0.0546875 0.27734375
3 0.67109375 0.64453125 0.05703125 0.2390625
3 0.75625 0.64453125 0.0609375 0.225
3 0.8421875 0.64765625 0.05234375 0.22265625
3 0.921875 0.61796875 0.07265625 0.253125
3 0.98671875 0.6140625 0.0265625 0.25234375
3 0.659375 0.33203125 0.05234375 0.246875
3 0.409375 0.3484375 0.06796875 0.246875
3 0.49765625 0.34453125 0.065625 0.25078125
3 0.8296875 0.34375 0.06875 0.25390625
3 0.921875 0.33828125 0.07421875 0.253125
3 0.984375 0.3328125 0.03125 0.26953125
3 0.92421875 0.9375 0.0640625 0.125
3 0.9890625 0.9375 0.021875 0.125
3 0.7546875 0.9484375 0.0671875 0.103125
3 0.6703125 0.94453125 0.05234375 0.11015625
3 0.5875 0.94140625 0.06015625 0.1171875
3 0.33125 0.94375 0.05234375 0.1125
3 0.06484375 0.32421875 0.05703125 0.2125