3 0.07734375 0.26171875 0.075 0.15
3 0.5 0.21953125 0.084375 0.153125
3 0.1609375 0.2421875 0.06875 0.121875
3 0.065625 0.8640625 0.0828125 0.225
3 0.24921875 0.2375 0.075 0.1328125
3 0.41484375 0.225 0.078125 0.15
3 0.3296875 0.246875 0.0890625 0.178125
3 0.0140625 0.2703125 0.028125 0.14375
3 0.27421875 0.48203125 0.0921875 0.2515625
3 0.7546875 0.17109375 0.075 0.121875
3 0.4359375 0.48203125 0.0828125 0.2203125
3 0.7375 0.79609375 0.084375 0.2390625
3 0.31953125 0.8515625 0.0890625 0.246875
3 0.86015625 0.42265625 0.096875 0.2640625
3 0.65703125 0.81796875 0.0875 0.253125
3 0.91953125 0.15546875 0.0796875 0.109375
3 0.66484375 0.19609375 0.08125 0.14375
3 0.1453125 0.86171875 0.090625 0.240625
3 0.91328125 0.7953125 0.09375 0.2484375
3 0.82421875 0.80546875 0.0875 0.240625
3 0.396875 0.84296875 0.0953125 0.26875
3 0.57578125 0.83359375 0.09375 0.2640625
3 0.95 0.40625 0.090625 0.2515625
3 0.23359375 0.865625 0.0921875 0.259375
3 0.4875 0.84609375 0.0890625 0.265625
3 0.778125 0.4359375 0.0875 0.25
3 0.6921875 0.44609375 0.0890625 0.2484375
3 0.6015625 0.446875 0.0828125 0.240625
3 0.3515625 0.4859375 0.084375 0.2390625
3 0.5234375 0.47109375 0.0796875 0.21875
3 0.1859375 0.47578125 0.0953125 0.2859375
3 0.09453125 0.49375 0.09375 0.2609375
3 0.8421875 0.16640625 0.0640625 0.115625
3 0.978125 0.7890625 0.04375 0.271875
3 0.03046875 0.4953125 0.0609375 0.290625
3 0.575 0.1875 0.0640625 0.115625
3 0.82265625 0.9515625 0.0484375 0.0375
3 0.58515625 0.975 0.0671875 0.04375
3 0.9734375 0.9375 0.053125 0.034375