3 0.15390625 0.16015625 0.08125 0.153125
3 0.57265625 0.22890625 0.090625 0.15625
3 0.2390625 0.16328125 0.075 0.125
3 0.01640625 0.73828125 0.0328125 0.2265625
3 0.32578125 0.18125 0.08125 0.1359375
3 0.4890625 0.21171875 0.0859375 0.153125
3 0.40078125 0.21171875 0.096875 0.18125
3 0.07421875 0.14765625 0.0703125 0.1453125
3 0.28671875 0.42421875 0.1046875 0.253125
3 0.83125 0.24765625 0.08125 0.125
3 0.44296875 0.46640625 0.09375 0.221875
3 0.653125 0.84765625 0.0953125 0.240625
3 0.234375 0.7921875 0.1015625 0.25
3 0.86796875 0.51875 0.109375 0.2671875
3 0.56875 0.84765625 0.1 0.2546875
3 0.97578125 0.275 0.0484375 0.1125
3 0.73828125 0.24921875 0.0890625 0.1453125
3 0.0640625 0.7578125 0.103125 0.2421875
3 0.82265625 0.88359375 0.1046875 0.2328125
3 0.734375 0.87890625 0.1 0.2421875
3 0.31171875 0.8046875 0.109375 0.2703125
3 0.48671875 0.8421875 0.10625 0.265625
3 0.953125 0.525 0.09375 0.253125
3 0.1484375 0.784375 0.1046875 0.2625
3 0.3984375 0.83125 0.1015625 0.2671875
3 0.78515625 0.51015625 0.0984375 0.2515625
3 0.7 0.49765625 0.1 0.25
3 0.61171875 0.475 0.09375 0.240625
3 0.36015625 0.44765625 0.096875 0.240625
3 0.53046875 0.478125 0.0890625 0.2203125
3 0.20234375 0.3953125 0.109375 0.2875
3 0.11015625 0.3890625 0.10625 0.2625
3 0.91640625 0.26640625 0.06875 0.1171875
3 0.909375 0.8859375 0.103125 0.228125
3 0.04296875 0.371875 0.0859375 0.290625
3 0.653125 0.2171875 0.06875 0.1171875
3 0.459375 0.978125 0.06875 0.04375