6 0.66875 0.69921875 0.0359375 0.0390625
0 0.5875 0.6109375 0.021875 0.0328125
5 0.76015625 0.67421875 0.0546875 0.0390625
3 0.525 0.665625 0.0421875 0.03125
3 0.73984375 0.6265625 0.040625 0.0234375
3 0.675 0.57109375 0.034375 0.0296875
4 0.60625 0.6984375 0.0078125 0.0125
4 0.61640625 0.67890625 0.0125 0.0140625
4 0.628125 0.65234375 0.009375 0.0140625
4 0.659375 0.6671875 0.0078125 0.0140625
4 0.690625 0.67734375 0.0078125 0.0125
4 0.721875 0.69140625 0.0078125 0.015625
4 0.7546875 0.703125 0.0078125 0.0140625