6 0.58671875 0.215625 0.053125 0.0484375
5 0.73828125 0.36640625 0.05 0.065625
0 0.7453125 0.15390625 0.040625 0.04375
3 0.8453125 0.20546875 0.0375 0.05
6 0.8140625 0.31484375 0.0390625 0.065625
4 0.79765625 0.0828125 0.0078125 0.015625
4 0.76171875 0.0921875 0.009375 0.0203125
4 0.72421875 0.1015625 0.009375 0.0140625
4 0.6875 0.1140625 0.009375 0.0171875
4 0.64765625 0.1265625 0.0109375 0.015625
4 0.66171875 0.17421875 0.0109375 0.01875
4 0.67734375 0.21796875 0.009375 0.0171875
4 0.69375 0.2640625 0.0078125 0.0171875