0 0.3390625 0.459375 0.0296875 0.04375
6 0.428125 0.56328125 0.0265625 0.04296875
5 0.5796875 0.5171875 0.05234375 0.0390625
4 0.3546875 0.56484375 0.0078125 0.0125
4 0.36953125 0.53984375 0.00859375 0.01328125
4 0.3875 0.50859375 0.00703125 0.01796875
4 0.42421875 0.5234375 0.00703125 0.0171875
4 0.4625 0.53671875 0.00625 0.01328125
4 0.53984375 0.565625 0.00625 0.01640625
4 0.50234375 0.55234375 0.00546875 0.0171875
3 0.25625 0.52421875 0.04609375 0.0296875
3 0.4515625 0.4125 0.028125 0.03359375
3 0.52578125 0.47890625 0.0296875 0.02265625