5 0.13125 0.73515625 0.07421875 0.053125
6 0.29609375 0.6734375 0.034375 0.07578125
0 0.3953125 0.87734375 0.040625 0.06796875
3 0.50859375 0.771875 0.0546875 0.0421875
3 0.13515625 0.84296875 0.0546875 0.03984375
3 0.21875 0.9859375 0.053125 0.028125
4 0.15859375 0.70078125 0.01171875 0.01953125
4 0.2015625 0.7265625 0.009375 0.0203125
4 0.24453125 0.753125 0.00859375 0.01953125
4 0.2890625 0.78046875 0.01015625 0.01640625
4 0.33671875 0.8046875 0.01015625 0.01484375
4 0.36328125 0.75 0.01171875 0.0203125
4 0.409375 0.625 0.0125 0.01640625
4 0.3875 0.6890625 0.0078125 0.01796875