6 0.52578125 0.20390625 0.0609375 0.05625
5 0.70546875 0.3203125 0.0609375 0.071875
0 0.66796875 0.1109375 0.0484375 0.05
3 0.7765625 0.13984375 0.0453125 0.05625
6 0.76875 0.25390625 0.05 0.071875
4 0.7046875 0.0296875 0.0109375 0.0171875
4 0.67109375 0.04609375 0.0125 0.0203125
4 0.63671875 0.06328125 0.0109375 0.015625
4 0.603125 0.08359375 0.0109375 0.0171875
4 0.5671875 0.10390625 0.0140625 0.0171875
4 0.590625 0.14765625 0.0140625 0.0203125
4 0.61484375 0.1875 0.0109375 0.0171875
4 0.640625 0.22890625 0.009375 0.0171875