5 0.38984375 0.38359375 0.0625 0.0609375
6 0.54453125 0.40078125 0.0234375 0.06875
0 0.57734375 0.62109375 0.046875 0.0546875
4 0.45 0.4046875 0.0109375 0.015625
4 0.48203125 0.44921875 0.0125 0.0171875
4 0.5125 0.49296875 0.0140625 0.0140625
4 0.54609375 0.53046875 0.0125 0.015625
4 0.58203125 0.496875 0.0125 0.0171875
4 0.6203125 0.453125 0.0125 0.0140625
4 0.65859375 0.403125 0.009375 0.01875
3 0.70859375 0.57890625 0.0625 0.053125
3 0.4046875 0.64453125 0.05625 0.0421875
3 0.37109375 0.48046875 0.053125 0.0546875