0 0.34296875 0.553125 0.040625 0.0484375
6 0.3546875 0.7578125 0.0296875 0.0703125
5 0.525 0.640625 0.0421875 0.075
4 0.29453125 0.46640625 0.009375 0.0171875
4 0.29140625 0.50859375 0.009375 0.0171875
4 0.2890625 0.55390625 0.0125 0.01875
4 0.2875 0.6 0.0078125 0.0140625
4 0.28515625 0.65 0.009375 0.01875
4 0.33203125 0.65390625 0.009375 0.0171875
4 0.378125 0.653125 0.0078125 0.015625
4 0.42578125 0.65234375 0.0109375 0.015625
3 0.41015625 0.47734375 0.025 0.0515625
6 0.4984375 0.5515625 0.0390625 0.0578125