0 0.32734375 0.4984375 0.021875 0.0359375
6 0.42265625 0.55859375 0.0328125 0.0328125
5 0.50625 0.50390625 0.0421875 0.0234375
3 0.278125 0.57109375 0.0359375 0.03125
3 0.47421875 0.46953125 0.03125 0.025
3 0.4046875 0.4375 0.01875 0.025
4 0.3640625 0.57734375 0.0109375 0.0125
4 0.36875 0.5546875 0.0078125 0.0109375
4 0.37578125 0.528125 0.0109375 0.015625
4 0.4078125 0.53203125 0.009375 0.0171875
4 0.471875 0.53203125 0.009375 0.0125
4 0.50390625 0.534375 0.00625 0.0140625
4 0.43984375 0.53046875 0.00625 0.0125