5 0.58984375 0.28046875 0.0484375 0.0328125
0 0.73203125 0.2390625 0.01875 0.0375
6 0.63359375 0.165625 0.0359375 0.03125
6 0.6453125 0.3125 0.0390625 0.0296875
3 0.74375 0.31484375 0.0359375 0.03125
4 0.64375 0.23671875 0.0078125 0.0125
4 0.66953125 0.2203125 0.0078125 0.0140625
4 0.69296875 0.20390625 0.009375 0.0125
4 0.71796875 0.1828125 0.0078125 0.0140625
4 0.74140625 0.20078125 0.0078125 0.0125
4 0.765625 0.21875 0.00625 0.0125
4 0.790625 0.23828125 0.00625 0.0140625
4 0.81640625 0.26171875 0.00625 0.015625