6 0.6875 0.62734375 0.0515625 0.059375
5 0.62265625 0.76328125 0.06875 0.0578125
0 0.86484375 0.6828125 0.046875 0.053125
3 0.70234375 0.81875 0.04375 0.046875
3 0.846875 0.8484375 0.0375 0.0671875
3 0.84921875 0.5796875 0.0296875 0.0515625
4 0.73125 0.53984375 0.0125 0.0171875
4 0.7453125 0.590625 0.009375 0.021875
4 0.7625 0.640625 0.0109375 0.021875
4 0.7828125 0.68125 0.0140625 0.0171875
4 0.73984375 0.69765625 0.0109375 0.01875
4 0.6984375 0.70703125 0.0140625 0.0203125
4 0.6546875 0.7171875 0.0109375 0.0171875
4 0.6109375 0.7296875 0.0140625 0.01875