6 0.721875 0.6375 0.0375 0.040625
0 0.61796875 0.578125 0.0234375 0.034375
5 0.8015625 0.58515625 0.0546875 0.040625
3 0.575 0.65 0.0421875 0.0328125
3 0.76796875 0.54609375 0.040625 0.025
3 0.68828125 0.51328125 0.034375 0.0296875
4 0.6625 0.65625 0.009375 0.0125
4 0.665625 0.634375 0.0125 0.0140625
4 0.66953125 0.6046875 0.009375 0.0140625
4 0.703125 0.609375 0.009375 0.015625
4 0.7359375 0.61015625 0.0078125 0.0125
4 0.76953125 0.61328125 0.009375 0.015625
4 0.8046875 0.6140625 0.0078125 0.0140625