0 0.321875 0.4078125 0.0359375 0.03125
6 0.22265625 0.5125 0.0390625 0.0359375
5 0.2921875 0.6046875 0.025 0.071875
4 0.17265625 0.44453125 0.009375 0.0125
4 0.21484375 0.45859375 0.0078125 0.0125
4 0.25390625 0.46484375 0.0078125 0.015625
4 0.2921875 0.46484375 0.0078125 0.015625
4 0.28359375 0.503125 0.0078125 0.015625
4 0.275 0.5375 0.00625 0.015625
4 0.2671875 0.57734375 0.0078125 0.015625
4 0.25859375 0.61484375 0.009375 0.015625
3 0.36015625 0.56484375 0.0359375 0.046875
3 0.41953125 0.4765625 0.03125 0.0390625
3 0.2421875 0.37890625 0.03125 0.034375