5 0.15859375 0.35625 0.05859375 0.0671875
6 0.38203125 0.37265625 0.0265625 0.07890625
0 0.41796875 0.62890625 0.04921875 0.06171875
3 0.21328125 0.6578125 0.0609375 0.0390625
3 0.18515625 0.47109375 0.04921875 0.04609375
3 0.56640625 0.56953125 0.05546875 0.04375
4 0.50703125 0.3765625 0.01015625 0.02109375
4 0.46875 0.43125 0.00859375 0.01875
4 0.42734375 0.48125 0.01640625 0.0171875
4 0.38515625 0.52421875 0.01171875 0.01796875
4 0.24609375 0.3375 0.01328125 0.02109375
4 0.31328125 0.42890625 0.009375 0.01875
4 0.35 0.475 0.01015625 0.02265625
4 0.28046875 0.38046875 0.0171875 0.0296875