5 0.38203125 0.39140625 0.05859375 0.05703125
6 0.5375 0.39765625 0.01953125 0.0671875
0 0.5859375 0.615625 0.04296875 0.0515625
4 0.44375 0.40859375 0.009375 0.01484375
4 0.47890625 0.45078125 0.0109375 0.0171875
4 0.51171875 0.4921875 0.0125 0.0125
4 0.5484375 0.52734375 0.0109375 0.01484375
4 0.58125 0.49140625 0.01171875 0.0171875
4 0.61640625 0.44453125 0.01171875 0.01328125
4 0.6515625 0.3921875 0.00859375 0.01875
3 0.71328125 0.5640625 0.059375 0.04921875
3 0.41484375 0.65078125 0.053125 0.0390625
3 0.3703125 0.48984375 0.05 0.0515625