0 0.36640625 0.37265625 0.0484375 0.053125
6 0.32890625 0.575 0.0390625 0.0671875
5 0.5203125 0.49921875 0.053125 0.084375
6 0.51796875 0.40859375 0.0484375 0.059375
3 0.4484375 0.31171875 0.034375 0.05
4 0.3390625 0.275 0.0109375 0.0109375
4 0.32734375 0.31640625 0.0125 0.0140625
4 0.31328125 0.3578125 0.009375 0.0125
4 0.30078125 0.4046875 0.009375 0.0140625
4 0.2875 0.45625 0.009375 0.015625
4 0.33046875 0.46953125 0.0109375 0.015625
4 0.375 0.48046875 0.0125 0.015625
4 0.41953125 0.490625 0.0140625 0.0203125