0 0.3171875 0.4171875 0.0375 0.03125
6 0.2234375 0.5265625 0.040625 0.0375
5 0.29765625 0.615625 0.0265625 0.071875
4 0.1703125 0.46171875 0.009375 0.0125
4 0.21328125 0.4734375 0.0078125 0.0125
4 0.25234375 0.478125 0.0078125 0.015625
4 0.290625 0.47578125 0.0078125 0.015625
4 0.28359375 0.51484375 0.0078125 0.015625
4 0.27734375 0.54921875 0.00625 0.015625
4 0.271875 0.5890625 0.0078125 0.015625
4 0.26484375 0.62734375 0.009375 0.015625
3 0.36328125 0.571875 0.0375 0.0484375
3 0.41796875 0.48125 0.0328125 0.0390625
3 0.2359375 0.39296875 0.0328125 0.034375