5 0.153125 0.76640625 0.078125 0.059375
6 0.31171875 0.690625 0.040625 0.078125
0 0.42890625 0.88515625 0.046875 0.071875
3 0.53203125 0.7703125 0.0578125 0.046875
3 0.16640625 0.8734375 0.0578125 0.04375
3 0.26171875 0.99609375 0.0546875 0.0078125
4 0.17734375 0.7296875 0.0140625 0.0203125
4 0.22265625 0.7515625 0.0109375 0.0203125
4 0.2671875 0.77421875 0.0109375 0.0203125
4 0.3140625 0.79765625 0.0109375 0.0171875
4 0.3640625 0.81796875 0.0109375 0.015625
4 0.3859375 0.7609375 0.0140625 0.021875
4 0.4203125 0.6328125 0.0140625 0.0171875
4 0.4046875 0.6984375 0.009375 0.01875