0 0.34609375 0.5609375 0.0421875 0.05
6 0.36875 0.76484375 0.0328125 0.0703125
5 0.5328125 0.6390625 0.0453125 0.0765625
4 0.29296875 0.4765625 0.009375 0.0171875
4 0.2921875 0.51953125 0.009375 0.0171875
4 0.2921875 0.56484375 0.0125 0.0203125
4 0.29296875 0.6109375 0.0078125 0.0140625
4 0.29296875 0.6609375 0.0109375 0.0203125
4 0.340625 0.6625 0.0109375 0.01875
4 0.38671875 0.659375 0.0078125 0.015625
4 0.43359375 0.65625 0.0125 0.0171875
3 0.409375 0.48203125 0.0265625 0.0515625
6 0.5015625 0.5515625 0.0421875 0.059375