5 0.38046875 0.39375 0.059375 0.0578125
6 0.5359375 0.396875 0.0203125 0.0671875
0 0.58828125 0.6140625 0.04375 0.0515625
4 0.4421875 0.409375 0.009375 0.015625
4 0.478125 0.45078125 0.0109375 0.0171875
4 0.51171875 0.4921875 0.0125 0.0125
4 0.54921875 0.5265625 0.0109375 0.015625
4 0.58125 0.48984375 0.0125 0.0171875
4 0.615625 0.4421875 0.0125 0.0140625
4 0.65 0.38984375 0.009375 0.01875
3 0.7140625 0.56015625 0.0609375 0.05
3 0.4171875 0.65234375 0.053125 0.040625
3 0.3703125 0.4921875 0.0515625 0.053125