5 0.63359375 0.30390625 0.0515625 0.0375
0 0.78046875 0.29296875 0.0234375 0.0390625
6 0.7 0.20078125 0.040625 0.0359375
6 0.68125 0.346875 0.0421875 0.034375
3 0.7765625 0.36953125 0.040625 0.0359375
4 0.6953125 0.27265625 0.009375 0.0125
4 0.7234375 0.26171875 0.009375 0.0140625
4 0.75 0.25078125 0.0109375 0.0140625
4 0.77890625 0.23515625 0.009375 0.0140625
4 0.7984375 0.2578125 0.009375 0.0140625
4 0.81796875 0.2796875 0.0078125 0.0140625
4 0.83828125 0.30390625 0.0078125 0.0140625
4 0.85859375 0.33203125 0.0078125 0.015625