0 0.33828125 0.53359375 0.040625 0.0484375
6 0.32421875 0.73828125 0.03125 0.0703125
5 0.5078125 0.6421875 0.04375 0.0765625
4 0.30078125 0.44140625 0.009375 0.0171875
4 0.2921875 0.4828125 0.009375 0.0171875
4 0.284375 0.528125 0.0125 0.01875
4 0.27734375 0.5734375 0.0078125 0.0140625
4 0.26796875 0.62265625 0.009375 0.01875
4 0.31484375 0.63203125 0.009375 0.0171875
4 0.36015625 0.6375 0.0078125 0.015625
4 0.4078125 0.6421875 0.0109375 0.015625
3 0.4140625 0.46640625 0.025 0.0515625
6 0.4921875 0.55078125 0.040625 0.0578125