0 0.35234375 0.57421875 0.046875 0.053125
6 0.3921875 0.77578125 0.0390625 0.071875
5 0.54453125 0.63515625 0.0515625 0.0796875
4 0.2921875 0.4953125 0.0109375 0.0171875
4 0.29453125 0.5375 0.0109375 0.0171875
4 0.29921875 0.5828125 0.0140625 0.0203125
4 0.30390625 0.62890625 0.009375 0.015625
4 0.3078125 0.678125 0.0125 0.0203125
4 0.3546875 0.67578125 0.0109375 0.01875
4 0.40078125 0.66875 0.009375 0.0171875
4 0.44765625 0.66171875 0.0125 0.0171875
3 0.4078125 0.48984375 0.03125 0.053125
6 0.50625 0.5515625 0.046875 0.0609375