0 0.32734375 0.5046875 0.0203125 0.034375
6 0.425 0.5609375 0.03125 0.03125
5 0.50625 0.50390625 0.040625 0.021875
3 0.28046875 0.57890625 0.0359375 0.0296875
3 0.4734375 0.4703125 0.03125 0.0234375
3 0.40234375 0.440625 0.01875 0.025
4 0.36640625 0.58203125 0.0109375 0.0125
4 0.37109375 0.559375 0.0078125 0.0109375
4 0.3765625 0.53203125 0.0109375 0.015625
4 0.40859375 0.53515625 0.009375 0.0171875
4 0.47265625 0.5328125 0.009375 0.0125
4 0.5046875 0.534375 0.00625 0.0140625
4 0.440625 0.5328125 0.00625 0.0125