0 0.35390625 0.3875 0.04375 0.05
6 0.3375 0.5921875 0.0328125 0.0640625
5 0.51953125 0.496875 0.0453125 0.08125
6 0.5078125 0.40703125 0.04375 0.05625
3 0.42890625 0.31796875 0.03125 0.0484375
4 0.31640625 0.29375 0.009375 0.009375
4 0.30859375 0.3359375 0.0109375 0.0140625
4 0.3 0.378125 0.009375 0.0125
4 0.29140625 0.42578125 0.0078125 0.0125
4 0.28359375 0.47890625 0.0078125 0.015625
4 0.32890625 0.4875 0.009375 0.015625
4 0.3734375 0.49375 0.0109375 0.015625
4 0.41953125 0.49921875 0.0125 0.0203125