0 0.36015625 0.484375 0.040625 0.0453125
6 0.3484375 0.68984375 0.03125 0.06875
5 0.5296875 0.5953125 0.04375 0.078125
3 0.434375 0.4140625 0.0234375 0.053125
6 0.51328125 0.50234375 0.040625 0.0609375
4 0.32421875 0.390625 0.0078125 0.0140625
4 0.31640625 0.43203125 0.00625 0.0140625
4 0.30859375 0.47578125 0.009375 0.0125
4 0.30078125 0.52265625 0.009375 0.0125
4 0.29296875 0.57265625 0.0078125 0.015625
4 0.33828125 0.58203125 0.009375 0.015625
4 0.38203125 0.58828125 0.0078125 0.015625
4 0.428125 0.59296875 0.009375 0.015625