5 0.59765625 0.28359375 0.046875 0.03046875
0 0.740625 0.24765625 0.01796875 0.03671875
6 0.6453125 0.1703125 0.03515625 0.03046875
6 0.6515625 0.31796875 0.0375 0.028125
3 0.75 0.3234375 0.03515625 0.03046875
4 0.653125 0.2421875 0.00703125 0.01171875
4 0.67890625 0.2265625 0.00703125 0.01328125
4 0.703125 0.2109375 0.00859375 0.0125
4 0.72890625 0.190625 0.00703125 0.01328125
4 0.7515625 0.209375 0.00703125 0.0125
4 0.775 0.228125 0.00625 0.0125
4 0.79921875 0.2484375 0.00546875 0.0140625
4 0.82421875 0.27265625 0.00546875 0.01484375