0 0.359375 0.49140625 0.03828125 0.04375
6 0.35859375 0.69765625 0.02734375 0.0671875
5 0.534375 0.59375 0.0390625 0.0765625
3 0.4296875 0.41796875 0.02109375 0.05234375
6 0.51328125 0.5015625 0.03828125 0.059375
4 0.31875 0.4 0.0078125 0.01328125
4 0.31328125 0.44140625 0.00625 0.01328125
4 0.3078125 0.4859375 0.009375 0.0125
4 0.30234375 0.5328125 0.009375 0.0125
4 0.296875 0.58359375 0.0078125 0.01484375
4 0.34296875 0.590625 0.00859375 0.01484375
4 0.38671875 0.59453125 0.00703125 0.01484375
4 0.4328125 0.596875 0.0078125 0.015625