5 0.3984375 0.37578125 0.065625 0.0640625
6 0.5515625 0.40390625 0.028125 0.06875
0 0.56875 0.6265625 0.05 0.0578125
4 0.45703125 0.4015625 0.0109375 0.015625
4 0.4859375 0.4484375 0.0125 0.01875
4 0.5125 0.49375 0.0140625 0.0140625
4 0.54453125 0.53359375 0.0125 0.015625
4 0.58203125 0.503125 0.0140625 0.01875
4 0.62265625 0.4609375 0.0140625 0.0140625
4 0.66484375 0.4140625 0.0109375 0.0203125
3 0.70234375 0.59296875 0.065625 0.05625
3 0.39453125 0.6375 0.0578125 0.0453125
3 0.37265625 0.471875 0.05625 0.0578125