0 0.34453125 0.40078125 0.040625 0.046875
6 0.34609375 0.60625 0.028125 0.0625
5 0.51953125 0.4953125 0.0390625 0.078125
6 0.5 0.40703125 0.040625 0.053125
3 0.41328125 0.325 0.0265625 0.046875
4 0.29921875 0.31015625 0.009375 0.009375
4 0.2953125 0.353125 0.009375 0.0125
4 0.28984375 0.39609375 0.0078125 0.0125
4 0.2859375 0.44453125 0.00625 0.0125
4 0.2828125 0.49765625 0.00625 0.015625
4 0.328125 0.50234375 0.009375 0.015625
4 0.3734375 0.5046875 0.009375 0.015625
4 0.41953125 0.50625 0.0109375 0.01875