0 0.334375 0.48828125 0.0375 0.0484375
6 0.43984375 0.575 0.034375 0.046875
5 0.58125 0.503125 0.0578125 0.046875
4 0.36796875 0.5890625 0.009375 0.0140625
4 0.378125 0.56171875 0.0109375 0.0140625
4 0.390625 0.528125 0.009375 0.01875
4 0.4296875 0.5359375 0.009375 0.01875
4 0.46953125 0.54296875 0.0078125 0.0140625
4 0.55078125 0.5578125 0.009375 0.0171875
4 0.51171875 0.55078125 0.0078125 0.0171875
3 0.2640625 0.56640625 0.05 0.0375
3 0.43671875 0.421875 0.0328125 0.0375
3 0.521875 0.475 0.0328125 0.028125