0 0.33203125 0.540625 0.025 0.0375
6 0.4390625 0.57578125 0.0359375 0.0359375
5 0.50703125 0.50234375 0.04375 0.028125
3 0.3015625 0.62265625 0.040625 0.034375
3 0.46796875 0.4765625 0.034375 0.028125
3 0.3921875 0.46171875 0.021875 0.0265625
4 0.38671875 0.6078125 0.0125 0.0140625
4 0.3859375 0.58515625 0.009375 0.0125
4 0.3859375 0.55703125 0.0125 0.0171875
4 0.41796875 0.553125 0.0109375 0.01875
4 0.48046875 0.53828125 0.0109375 0.0140625
4 0.51171875 0.5328125 0.009375 0.015625
4 0.44921875 0.54453125 0.0078125 0.0140625