0 0.3609375 0.47890625 0.0421875 0.046875
6 0.3421875 0.684375 0.0328125 0.06875
5 0.52578125 0.59609375 0.0453125 0.0796875
3 0.43671875 0.4125 0.025 0.0546875
6 0.51328125 0.50234375 0.04375 0.0625
4 0.328125 0.384375 0.009375 0.0140625
4 0.31875 0.425 0.0078125 0.0140625
4 0.31015625 0.46953125 0.0109375 0.0125
4 0.3 0.515625 0.0109375 0.0125
4 0.290625 0.565625 0.009375 0.015625
4 0.3359375 0.5765625 0.009375 0.015625
4 0.37890625 0.584375 0.0078125 0.015625
4 0.425 0.590625 0.009375 0.015625