0 0.3359375 0.4734375 0.0328125 0.046875
6 0.43359375 0.56953125 0.0296875 0.0453125
5 0.58125 0.51015625 0.05625 0.04375
4 0.3609375 0.57734375 0.009375 0.0125
4 0.3734375 0.55078125 0.009375 0.0140625
4 0.3890625 0.51875 0.0078125 0.01875
4 0.4265625 0.5296875 0.0078125 0.0171875
4 0.465625 0.53984375 0.0078125 0.0140625
4 0.5453125 0.56171875 0.0078125 0.0171875
4 0.50703125 0.5515625 0.00625 0.0171875
3 0.259375 0.5453125 0.0484375 0.0328125
3 0.44375 0.4171875 0.03125 0.0359375
3 0.52421875 0.4765625 0.03125 0.025