6 0.7140625 0.64921875 0.0359375 0.0390625
0 0.61328125 0.584375 0.021875 0.0328125
5 0.796875 0.60078125 0.053125 0.0375
3 0.5671875 0.65390625 0.040625 0.03125
3 0.76484375 0.56015625 0.040625 0.0234375
3 0.68671875 0.5234375 0.0328125 0.028125
4 0.65390625 0.66484375 0.0078125 0.0109375
4 0.65859375 0.64296875 0.0109375 0.0140625
4 0.66328125 0.6140625 0.0078125 0.0125
4 0.69765625 0.61953125 0.0078125 0.0140625
4 0.7296875 0.621875 0.00625 0.0125
4 0.76328125 0.62734375 0.0078125 0.015625
4 0.7984375 0.63046875 0.0078125 0.0140625