6 0.6060096153846154 0.4496951219512195 0.04423076923076923 0.08130081300813008
8 0.7096153846153846 0.38363821138211385 0.014903846153846155 0.052845528455284556
8 0.7367788461538461 0.35010162601626016 0.010817307692307692 0.03861788617886179
8 0.7257211538461539 0.32723577235772355 0.007692307692307693 0.019817073170731708
8 0.7266826923076923 0.30589430894308944 0.005528846153846154 0.019817073170731708
4 0.6870192307692308 0.3719512195121951 0.015625 0.037601626016260166
7 0.6230769230769231 0.40802845528455284 0.020192307692307693 0.016260162601626018
7 0.6283653846153846 0.3958333333333333 0.019951923076923075 0.02032520325203252
7 0.6341346153846154 0.3938008130081301 0.021153846153846155 0.02184959349593496
7 0.6399038461538461 0.3877032520325203 0.018990384615384614 0.02184959349593496
7 0.6581730769230769 0.3643292682926829 0.011298076923076923 0.014227642276422764
4 0.6757211538461538 0.35365853658536583 0.035096153846153846 0.027947154471544715
4 0.6855769230769231 0.34502032520325204 0.027644230769230768 0.020833333333333332
4 0.7346153846153847 0.28709349593495936 0.006490384615384616 0.011178861788617886
4 0.7358173076923077 0.2769308943089431 0.0045673076923076926 0.0066056910569105695
6 0.7091346153846154 0.3125 0.0125 0.032520325203252036
4 0.6891826923076924 0.3333333333333333 0.03485576923076923 0.026422764227642278
6 0.6975961538461538 0.30284552845528456 0.008653846153846154 0.022865853658536585
4 0.7413461538461539 0.3008130081300813 0.008653846153846154 0.02032520325203252
4 0.7108173076923077 0.2820121951219512 0.006009615384615385 0.014227642276422764
4 0.7271634615384616 0.26422764227642276 0.0014423076923076924 0.007113821138211382
7 0.9865384615384616 0.4146341463414634 0.0069711538461538465 0.032520325203252036
8 0.9507211538461539 0.44359756097560976 0.03028846153846154 0.06910569105691057
8 0.9197115384615384 0.4405487804878049 0.03245192307692308 0.06758130081300813
7 0.8942307692307693 0.38465447154471544 0.015384615384615385 0.023373983739837397
4 0.8728365384615384 0.35721544715447157 0.022596153846153846 0.029471544715447155
8 0.8322115384615385 0.3633130081300813 0.013221153846153846 0.041158536585365856
4 0.8259615384615384 0.33485772357723576 0.015865384615384615 0.022865853658536585
4 0.8158653846153846 0.31046747967479676 0.008173076923076924 0.02184959349593496
2 0.7807692307692308 0.2891260162601626 0.015384615384615385 0.033028455284552845
4 0.7716346153846154 0.2820121951219512 0.0028846153846153848 0.009654471544715448
4 0.7427884615384616 0.2693089430894309 0.0033653846153846156 0.006097560975609756
4 0.9868990384615385 0.4651930894308943 0.014663461538461538 0.053353658536585365
4 0.9745192307692307 0.4502032520325203 0.01201923076923077 0.059959349593495935
4 0.9975961538461539 0.46214430894308944 0.004807692307692308 0.05945121951219512
4 0.9697115384615385 0.4141260162601626 0.00625 0.04369918699186992
4 0.8504807692307692 0.37703252032520324 0.0069711538461538465 0.041158536585365856
4 0.8836538461538461 0.38160569105691056 0.007451923076923077 0.0391260162601626
4 0.8603365384615385 0.36534552845528456 0.005528846153846154 0.038109756097560975
4 0.7915865384615385 0.3155487804878049 0.004326923076923077 0.01676829268292683
4 0.9550480769230769 0.3932926829268293 0.0057692307692307696 0.023882113821138213
4 0.9478365384615385 0.3988821138211382 0.006490384615384616 0.02032520325203252
4 0.8163461538461538 0.33739837398373984 0.004807692307692308 0.016260162601626018
4 0.6850961538461539 0.30691056910569103 0.003125 0.020833333333333332
4 0.7235576923076923 0.34552845528455284 0.004326923076923077 0.012703252032520325