4 0.36767578125 0.9691056910569106 0.158203125 0.06124661246612466
4 0.4375 0.9056910569105691 0.13427734375 0.0921409214092141
4 0.50830078125 0.8563685636856369 0.08984375 0.07100271002710028
4 0.59375 0.789159891598916 0.072265625 0.06287262872628727
4 0.61669921875 0.7463414634146341 0.05908203125 0.04769647696476965
8 0.69091796875 0.6308943089430894 0.02197265625 0.03197831978319783
8 0.72900390625 0.624390243902439 0.0185546875 0.03143631436314363
8 0.8046875 0.6390243902439025 0.02392578125 0.03739837398373984
8 0.84130859375 0.643360433604336 0.04150390625 0.03577235772357724
8 0.869140625 0.6233062330623306 0.02294921875 0.03143631436314363
8 0.78759765625 0.6168021680216802 0.02197265625 0.03197831978319783
2 0.74462890625 0.5593495934959349 0.06005859375 0.026558265582655827
4 0.48779296875 0.9701897018970189 0.041015625 0.05962059620596206
4 0.5380859375 0.9533875338753387 0.0517578125 0.09322493224932249
4 0.58154296875 0.9506775067750678 0.0439453125 0.0981029810298103
4 0.7666015625 0.8666666666666667 0.02587890625 0.07317073170731707
4 0.77001953125 0.8 0.02099609375 0.03902439024390244
4 0.7841796875 0.7642276422764228 0.02294921875 0.05257452574525745
4 0.73046875 0.6666666666666666 0.01318359375 0.036314363143631435
4 0.68359375 0.7224932249322493 0.0185546875 0.02926829268292683
4 0.74169921875 0.6639566395663956 0.01318359375 0.036314363143631435
4 0.65966796875 0.6319783197831979 0.009765625 0.030894308943089432
4 0.7109375 0.6276422764227643 0.01318359375 0.02981029810298103
4 0.775390625 0.6439024390243903 0.01318359375 0.03414634146341464
4 0.8974609375 0.6650406504065041 0.01220703125 0.037940379403794036
4 0.91162109375 0.662330623306233 0.01123046875 0.04065040650406504
4 0.9482421875 0.6883468834688347 0.02001953125 0.027642276422764227