4 0.8778846153846154 0.4794207317073171 0.03317307692307692 0.024898373983739838
4 0.8706730769230769 0.44715447154471544 0.02956730769230769 0.048272357723577235
4 0.8610576923076924 0.4242886178861789 0.023798076923076922 0.039634146341463415
4 0.8454326923076924 0.3871951219512195 0.017788461538461538 0.03709349593495935
4 0.8435096153846153 0.36636178861788615 0.014423076923076924 0.018292682926829267
8 0.8216346153846154 0.32113821138211385 0.008653846153846154 0.019817073170731708
8 0.7870192307692307 0.3313008130081301 0.008173076923076924 0.022865853658536585
8 0.8132211538461539 0.31046747967479676 0.005288461538461539 0.016260162601626018
4 0.8086538461538462 0.29776422764227645 0.007932692307692307 0.014227642276422764
6 0.7163461538461539 0.38414634146341464 0.028365384615384615 0.061991869918699184
8 0.6997596153846154 0.35060975609756095 0.007451923076923077 0.026422764227642278
8 0.6975961538461538 0.3282520325203252 0.003605769230769231 0.01524390243902439
8 0.6853365384615384 0.38871951219512196 0.014903846153846155 0.04065040650406504
7 0.6757211538461538 0.3795731707317073 0.007211538461538462 0.019817073170731708
7 0.675 0.35721544715447157 0.007451923076923077 0.013719512195121951
4 0.6574519230769231 0.4100609756097561 0.021634615384615384 0.04014227642276423
4 0.5795673076923077 0.4481707317073171 0.04399038461538462 0.04420731707317073
4 0.604326923076923 0.42022357723577236 0.04783653846153846 0.03709349593495935
4 0.6192307692307693 0.3938008130081301 0.040865384615384616 0.034552845528455285
4 0.5632211538461539 0.4725609756097561 0.042067307692307696 0.037601626016260166
4 0.8262019230769231 0.3678861788617886 0.0038461538461538464 0.03048780487804878
4 0.8199519230769231 0.3673780487804878 0.004326923076923077 0.030995934959349592
4 0.8420673076923076 0.3053861788617886 0.0026442307692307694 0.014735772357723578
4 0.8454326923076924 0.29776422764227645 0.0019230769230769232 0.011178861788617886
4 0.8036057692307692 0.3323170731707317 0.004326923076923077 0.009654471544715448
4 0.7254807692307692 0.34146341463414637 0.0028846153846153848 0.020833333333333332
4 0.7230769230769231 0.34247967479674796 0.0019230769230769232 0.018292682926829267
4 0.7199519230769231 0.3592479674796748 0.004326923076923077 0.010670731707317074
4 0.7146634615384615 0.3597560975609756 0.004086538461538462 0.011686991869918699
4 0.7100961538461539 0.36026422764227645 0.005048076923076923 0.012703252032520325
4 0.6634615384615384 0.41514227642276424 0.007932692307692307 0.043191056910569105
4 0.6793269230769231 0.3353658536585366 0.003605769230769231 0.017276422764227643
4 0.6766826923076923 0.3328252032520325 0.003605769230769231 0.017276422764227643
4 0.6745192307692308 0.3546747967479675 0.0038461538461538464 0.014227642276422764
4 0.7362980769230769 0.3196138211382114 0.003125 0.008638211382113821
4 0.7396634615384615 0.3226626016260163 0.003125 0.016260162601626018
4 0.7709134615384615 0.32621951219512196 0.0038461538461538464 0.018292682926829267
4 0.8454326923076924 0.2891260162601626 0.0019230769230769232 0.006097560975609756
4 0.5918269230769231 0.45934959349593496 0.008653846153846154 0.04878048780487805
4 0.5495192307692308 0.42784552845528456 0.006730769230769231 0.04014227642276423
4 0.640625 0.421239837398374 0.006490384615384616 0.020833333333333332
4 0.6353365384615385 0.41971544715447157 0.0045673076923076926 0.020833333333333332
4 0.6305288461538462 0.4192073170731707 0.0038461538461538464 0.0350609756097561
4 0.6459134615384615 0.3877032520325203 0.005528846153846154 0.024390243902439025
8 0.6330528846153847 0.4616361788617886 0.02956730769230769 0.06046747967479675