7 0.979326923076923 0.41310975609756095 0.03894230769230769 0.03861788617886179
7 0.9850961538461539 0.33739837398373984 0.01826923076923077 0.027947154471544715
7 0.9060096153846153 0.29776422764227645 0.013942307692307693 0.022357723577235773
7 0.7574519230769231 0.2616869918699187 0.00625 0.024898373983739838
8 0.9420673076923077 0.3673780487804878 0.031971153846153844 0.06961382113821138
8 0.9127403846153846 0.3434959349593496 0.029326923076923077 0.06859756097560976
8 0.8764423076923077 0.31808943089430897 0.021634615384615384 0.05436991869918699
7 0.8975961538461539 0.27235772357723576 0.009615384615384616 0.01676829268292683
4 0.8817307692307692 0.2764227642276423 0.022596153846153846 0.03048780487804878
4 0.8307692307692308 0.22967479674796748 0.012740384615384615 0.023882113821138213
8 0.823076923076923 0.22154471544715448 0.005528846153846154 0.014735772357723578
8 0.8076923076923077 0.23780487804878048 0.008413461538461538 0.023373983739837397
8 0.7877403846153846 0.20782520325203252 0.005048076923076923 0.01524390243902439
4 0.7992788461538461 0.19969512195121952 0.010817307692307692 0.008638211382113821
2 0.7836538461538461 0.19410569105691056 0.008894230769230769 0.022865853658536585
2 0.7875 0.1839430894308943 0.007692307692307693 0.012195121951219513
7 0.7819711538461539 0.22306910569105692 0.0033653846153846156 0.016260162601626018
6 0.7675480769230769 0.3226626016260163 0.03365384615384615 0.11890243902439024
4 0.6096153846153847 0.4425813008130081 0.052884615384615384 0.09857723577235772
6 0.6009615384615384 0.36128048780487804 0.04591346153846154 0.07469512195121951
7 0.6189903846153846 0.3277439024390244 0.015865384615384615 0.020833333333333332
7 0.6360576923076923 0.3125 0.014903846153846155 0.019308943089430895
7 0.6314903846153846 0.31453252032520324 0.01658653846153846 0.01676829268292683
7 0.6240384615384615 0.32113821138211385 0.01658653846153846 0.019308943089430895
7 0.6415865384615385 0.3074186991869919 0.016826923076923076 0.02032520325203252
7 0.6701923076923076 0.2779471544715447 0.015625 0.012195121951219513
4 0.6947115384615384 0.28760162601626016 0.018028846153846152 0.036585365853658534
4 0.6872596153846153 0.26778455284552843 0.035096153846153846 0.023882113821138213
4 0.6978365384615385 0.2611788617886179 0.02716346153846154 0.02032520325203252
4 0.7028846153846153 0.2525406504065041 0.035096153846153846 0.031504065040650404
6 0.7252403846153846 0.23221544715447154 0.011538461538461539 0.033028455284552845
6 0.7175480769230769 0.22002032520325204 0.008894230769230769 0.021341463414634148
4 0.7230769230769231 0.21290650406504066 0.005288461538461539 0.011686991869918699
4 0.7346153846153847 0.20020325203252032 0.005528846153846154 0.013211382113821139
4 0.7367788461538461 0.195630081300813 0.0045673076923076926 0.011178861788617886
8 0.740625 0.20426829268292682 0.004086538461538462 0.014227642276422764
4 0.7504807692307692 0.19207317073170732 0.0014423076923076924 0.01016260162601626
4 0.7536057692307693 0.18800813008130082 0.001201923076923077 0.008130081300813009
6 0.7485576923076923 0.17632113821138212 0.004807692307692308 0.012195121951219513
4 0.9807692307692307 0.3851626016260163 0.01826923076923077 0.031504065040650404
4 0.9956730769230769 0.37296747967479676 0.008653846153846154 0.06097560975609756
4 0.890625 0.32113821138211385 0.007211538461538462 0.04217479674796748
4 0.8966346153846154 0.3053861788617886 0.0069711538461538465 0.0391260162601626
4 0.9526442307692308 0.2997967479674797 0.007211538461538462 0.03861788617886179
4 0.9300480769230769 0.29065040650406504 0.00625 0.034552845528455285
4 0.9728365384615385 0.304369918699187 0.010336538461538461 0.037601626016260166
4 0.8709134615384615 0.2820121951219512 0.007451923076923077 0.018800813008130083
4 0.7574519230769231 0.2545731707317073 0.007211538461538462 0.013719512195121951
4 0.8427884615384615 0.24796747967479674 0.003605769230769231 0.022357723577235773
4 0.8478365384615385 0.2505081300813008 0.003605769230769231 0.020833333333333332
4 0.8466346153846154 0.22357723577235772 0.003125 0.01676829268292683
4 0.838701923076923 0.23221544715447154 0.003605769230769231 0.021341463414634148
4 0.5610576923076923 0.4070121951219512 0.016826923076923076 0.07621951219512195
4 0.6951923076923077 0.42022357723577236 0.011538461538461539 0.039634146341463415
4 0.734375 0.23577235772357724 0.0026442307692307694 0.019308943089430895
4 0.7355769230769231 0.2342479674796748 0.0028846153846153848 0.018292682926829267
4 0.7040865384615385 0.2301829268292683 0.0033653846153846156 0.012195121951219513
4 0.708173076923077 0.22560975609756098 0.0033653846153846156 0.015752032520325202
4 0.7048076923076924 0.2190040650406504 0.0019230769230769232 0.008130081300813009
4 0.7100961538461539 0.2764227642276423 0.004326923076923077 0.028455284552845527
2 0.6841346153846154 0.3567073170731707 0.008173076923076924 0.026422764227642278
4 0.6533653846153846 0.28353658536585363 0.006730769230769231 0.017784552845528455
4 0.8425480769230769 0.22205284552845528 0.0028846153846153848 0.01524390243902439
4 0.8733173076923076 0.2530487804878049 0.0057692307692307696 0.016260162601626018