4 0.1923828125 0.9752066115702479 0.08056640625 0.04855371900826446
4 0.22705078125 0.9245867768595041 0.0693359375 0.1012396694214876
4 0.26318359375 0.868801652892562 0.05224609375 0.08367768595041322
4 0.310546875 0.7985537190082644 0.0390625 0.06508264462809918
4 0.32275390625 0.765495867768595 0.03271484375 0.056818181818181816
8 0.3701171875 0.6466942148760331 0.0146484375 0.03202479338842975
8 0.3828125 0.6353305785123967 0.00927734375 0.030991735537190084
8 0.40380859375 0.621900826446281 0.01123046875 0.028925619834710745
8 0.3818359375 0.6012396694214877 0.0087890625 0.023760330578512397
7 0.43359375 0.6694214876033058 0.00634765625 0.01859504132231405
4 0.470703125 0.6425619834710744 0.017578125 0.025826446280991736
8 0.48291015625 0.6570247933884298 0.01904296875 0.03925619834710744
6 0.59130859375 0.8357438016528925 0.064453125 0.18801652892561985
4 0.63232421875 0.7458677685950413 0.03466796875 0.0640495867768595
8 0.64306640625 0.7024793388429752 0.02001953125 0.04442148760330578
6 0.61083984375 0.6208677685950413 0.033203125 0.04338842975206612
4 0.6279296875 0.6621900826446281 0.0068359375 0.025826446280991736
8 0.69677734375 0.8429752066115702 0.04248046875 0.09297520661157024
4 0.8359375 0.9101239669421488 0.1044921875 0.08884297520661157
4 0.79541015625 0.8460743801652892 0.09814453125 0.06301652892561983
4 0.77001953125 0.8068181818181818 0.09375 0.09090909090909091
7 0.66943359375 0.7758264462809917 0.01025390625 0.03615702479338843
7 0.6728515625 0.7262396694214877 0.00732421875 0.024793388429752067
2 0.66455078125 0.6177685950413223 0.0400390625 0.08884297520661157
4 0.3076171875 0.9018595041322314 0.01708984375 0.10743801652892562
4 0.35546875 0.7541322314049587 0.009765625 0.05371900826446281
4 0.41748046875 0.6921487603305785 0.01123046875 0.04338842975206612
4 0.43017578125 0.6900826446280992 0.01123046875 0.045454545454545456
4 0.6259765625 0.756198347107438 0.0087890625 0.0640495867768595
4 0.66064453125 0.7262396694214877 0.00927734375 0.05165289256198347
4 0.7109375 0.7768595041322314 0.01318359375 0.0506198347107438
4 0.70849609375 0.9111570247933884 0.02490234375 0.07541322314049587
4 0.43408203125 0.6549586776859504 0.0078125 0.01962809917355372
4 0.49853515625 0.7045454545454546 0.009765625 0.03925619834710744
4 0.880859375 0.9493801652892562 0.0205078125 0.09400826446280992
4 0.85595703125 0.9653925619834711 0.017578125 0.06921487603305786
4 0.908203125 0.8398760330578512 0.01318359375 0.08471074380165289
4 0.9580078125 0.8698347107438017 0.02001953125 0.07334710743801653