6 0.80029296875 0.9142561983471075 0.08984375 0.1652892561983471
8 0.58984375 0.7799586776859504 0.0302734375 0.10743801652892562
8 0.53466796875 0.7117768595041323 0.02197265625 0.07851239669421488
8 0.55712890625 0.6652892561983471 0.015625 0.040289256198347105
8 0.55517578125 0.621900826446281 0.01123046875 0.040289256198347105
4 0.6357421875 0.756198347107438 0.03173828125 0.07644628099173553
7 0.765625 0.8295454545454546 0.041015625 0.03305785123966942
7 0.7548828125 0.8047520661157025 0.04052734375 0.04132231404958678
7 0.7431640625 0.8006198347107438 0.04296875 0.04442148760330578
7 0.7314453125 0.7882231404958677 0.03857421875 0.04442148760330578
7 0.6943359375 0.7407024793388429 0.02294921875 0.028925619834710745
4 0.65869140625 0.71900826446281 0.0712890625 0.056818181818181816
4 0.638671875 0.7014462809917356 0.05615234375 0.042355371900826444
4 0.5390625 0.5836776859504132 0.01318359375 0.022727272727272728
4 0.53662109375 0.5630165289256198 0.00927734375 0.013429752066115703
6 0.5908203125 0.6353305785123967 0.025390625 0.06611570247933884
4 0.63134765625 0.6776859504132231 0.07080078125 0.05371900826446281
6 0.6142578125 0.6157024793388429 0.017578125 0.04648760330578512
4 0.525390625 0.6115702479338843 0.017578125 0.04132231404958678
4 0.58740234375 0.5733471074380165 0.01220703125 0.028925619834710745
4 0.55419921875 0.5371900826446281 0.0029296875 0.014462809917355372
7 0.02734375 0.8429752066115702 0.01416015625 0.06611570247933884
8 0.10009765625 0.9018595041322314 0.0615234375 0.14049586776859505
8 0.1630859375 0.8956611570247934 0.06591796875 0.13739669421487602
7 0.21484375 0.7820247933884298 0.03125 0.047520661157024795
4 0.25830078125 0.7262396694214877 0.0458984375 0.05991735537190083
8 0.3408203125 0.7386363636363636 0.02685546875 0.08367768595041322
4 0.353515625 0.6807851239669421 0.0322265625 0.04648760330578512
4 0.3740234375 0.631198347107438 0.0166015625 0.04442148760330578
2 0.4453125 0.5878099173553719 0.03125 0.06714876033057851
4 0.4638671875 0.5733471074380165 0.005859375 0.01962809917355372
4 0.5224609375 0.5475206611570248 0.0068359375 0.012396694214876033
4 0.026611328125 0.9457644628099173 0.02978515625 0.10847107438016529
4 0.0517578125 0.9152892561983471 0.0244140625 0.12190082644628099
4 0.0048828125 0.9395661157024794 0.009765625 0.12086776859504132
4 0.0615234375 0.8419421487603306 0.0126953125 0.08884297520661157
4 0.3037109375 0.7665289256198347 0.01416015625 0.08367768595041322
4 0.236328125 0.7758264462809917 0.01513671875 0.07954545454545454
4 0.28369140625 0.7427685950413223 0.01123046875 0.07747933884297521
4 0.42333984375 0.6415289256198347 0.0087890625 0.03409090909090909
4 0.09130859375 0.7995867768595041 0.01171875 0.04855371900826446
4 0.10595703125 0.8109504132231405 0.01318359375 0.04132231404958678
4 0.373046875 0.6859504132231405 0.009765625 0.03305785123966942
4 0.6396484375 0.6239669421487604 0.00634765625 0.042355371900826444
4 0.5615234375 0.7024793388429752 0.0087890625 0.025826446280991736