8 0.9397387273493468 0.36615384615384616 0.04214075010535188 0.14153846153846153
7 0.8963337547408344 0.3251282051282051 0.024441635061104087 0.055384615384615386
4 0.9654445849136115 0.13743589743589743 0.011799410029498525 0.05846153846153846
4 0.9738727349346818 0.11487179487179487 0.040455120101137804 0.06358974358974359
6 0.7083860092709651 0.17435897435897435 0.06700379266750948 0.10153846153846154
6 0.6573957016434893 0.14564102564102563 0.02107037505267594 0.06974358974358974
8 0.673409186683523 0.36512820512820515 0.04382638010956595 0.15897435897435896
8 0.6721449641803624 0.2317948717948718 0.023177412557943533 0.09846153846153846
8 0.650653181626633 0.25846153846153846 0.028234302570585755 0.08717948717948718
7 0.5992414664981036 0.2523076923076923 0.021491782553729456 0.04923076923076923
4 0.5415086388537717 0.4297435897435897 0.06363253265908134 0.14051282051282052
4 0.4361567635903919 0.37948717948717947 0.12726506531816267 0.13846153846153847
4 0.3889591234723978 0.4430769230769231 0.14243573535608933 0.10974358974358975
4 0.3105773282764433 0.5497435897435897 0.13105773282764432 0.1476923076923077
8 0.46186262115465654 0.6687179487179488 0.09397387273493468 0.28615384615384615
8 0.29119258322798147 0.7610256410256411 0.13780025284450062 0.20102564102564102
4 0.22713864306784662 0.7117948717948718 0.17656974294142436 0.2964102564102564
4 0.9941002949852508 0.3271794871794872 0.011799410029498525 0.08512820512820513
4 0.7724399494310998 0.16923076923076924 0.01685630004214075 0.07076923076923076
4 0.8567214496418036 0.21025641025641026 0.010956595027391488 0.0441025641025641
4 0.5579435313948589 0.27794871794871795 0.012642225031605562 0.07794871794871795
4 0.5697429414243573 0.3353846153846154 0.0134850400337126 0.052307692307692305
4 0.4989464812473662 0.49230769230769234 0.017699115044247787 0.07897435897435898
4 0.4829329962073325 0.48102564102564105 0.016013485040033713 0.08102564102564103
4 0.8942267172355668 0.27076923076923076 0.02402022756005057 0.048205128205128206
4 0.3442899283607248 0.5897435897435898 0.017699115044247787 0.16512820512820514
4 0.2292456805731142 0.47897435897435897 0.01980615254951538 0.14564102564102563
4 0.45048461862621153 0.48615384615384616 0.017699115044247787 0.09333333333333334
4 0.4310998735777497 0.5128205128205128 0.018120522545301308 0.14871794871794872