4 0.11962890625 0.5747126436781609 0.06298828125 0.12183908045977011
4 0.01513671875 0.5540229885057472 0.02734375 0.11839080459770115
4 0.05859375 0.4632183908045977 0.05078125 0.09540229885057472
4 0.07568359375 0.4045977011494253 0.04248046875 0.05517241379310345
4 0.69873046875 0.603448275862069 0.1337890625 0.10229885057471265
4 0.65966796875 0.5252873563218391 0.11279296875 0.1
4 0.6298828125 0.46206896551724136 0.11279296875 0.11609195402298851
2 0.447265625 0.41379310344827586 0.1064453125 0.36091954022988504
8 0.18994140625 0.46091954022988507 0.033203125 0.11609195402298851
8 0.2607421875 0.3275862068965517 0.021484375 0.07816091954022988
8 0.12353515625 0.2367816091954023 0.0166015625 0.04597701149425287
6 0.35205078125 0.37471264367816093 0.02099609375 0.14942528735632185
8 0.7626953125 0.8632183908045977 0.1240234375 0.2482758620689655
7 0.76123046875 0.674712643678161 0.06591796875 0.09770114942528736
7 0.51953125 0.3563218390804598 0.01513671875 0.03793103448275862
7 0.49658203125 0.2482758620689655 0.0078125 0.035632183908045977
8 0.5 0.23563218390804597 0.0302734375 0.040229885057471264
7 0.51025390625 0.41724137931034483 0.0087890625 0.07011494252873564
4 0.5283203125 0.48160919540229885 0.01513671875 0.06896551724137931
4 0.525390625 0.4517241379310345 0.0166015625 0.05862068965517241
4 0.115234375 0.39655172413793105 0.01171875 0.08505747126436781
4 0.12646484375 0.3896551724137931 0.01025390625 0.09310344827586207
4 0.01513671875 0.8655172413793103 0.02587890625 0.20229885057471264
4 0.009765625 0.7206896551724138 0.01953125 0.1367816091954023
4 0.04833984375 0.6436781609195402 0.0224609375 0.08160919540229886
4 0.1201171875 0.26436781609195403 0.0107421875 0.05057471264367816
4 0.16650390625 0.2747126436781609 0.0078125 0.04827586206896552
4 0.15234375 0.26666666666666666 0.01025390625 0.04252873563218391
4 0.17822265625 0.2747126436781609 0.00732421875 0.05057471264367816
4 0.1904296875 0.27241379310344827 0.0078125 0.02413793103448276
4 0.13671875 0.23563218390804597 0.00537109375 0.047126436781609195
4 0.1435546875 0.23793103448275862 0.0068359375 0.041379310344827586
4 0.10546875 0.23908045977011494 0.0087890625 0.03793103448275862
4 0.30078125 0.32988505747126434 0.009765625 0.05057471264367816
4 0.6181640625 0.8126436781609195 0.0322265625 0.08160919540229886
4 0.8759765625 0.8781609195402299 0.0234375 0.21724137931034482
4 0.84765625 0.8390804597701149 0.02001953125 0.19310344827586207
4 0.91650390625 0.8540229885057471 0.02734375 0.11264367816091954
4 0.9384765625 0.8574712643678161 0.01904296875 0.12183908045977011
4 0.8701171875 0.6505747126436782 0.02880859375 0.13333333333333333
4 0.9482421875 0.6563218390804598 0.0166015625 0.14367816091954022
4 0.96875 0.6540229885057471 0.02783203125 0.10574712643678161
4 0.9638671875 0.7735632183908046 0.0283203125 0.09540229885057472
4 0.82373046875 0.7793103448275862 0.02294921875 0.11149425287356322
4 0.71240234375 0.628735632183908 0.017578125 0.08160919540229886
4 0.70166015625 0.6781609195402298 0.0244140625 0.11494252873563218
4 0.7744140625 0.5379310344827586 0.021484375 0.11954022988505747
4 0.705078125 0.6091954022988506 0.1083984375 0.021839080459770115
4 0.79296875 0.5149425287356322 0.0166015625 0.11149425287356322
4 0.80810546875 0.5195402298850574 0.0185546875 0.12413793103448276