8 0.16017742730409068 0.9624292331446217 0.1310990635781173 0.06484817292846114
8 0.29275505174963035 0.9621718991250643 0.14588467225234106 0.06433350488934637
8 0.3082799408575653 0.9246011322696861 0.13947757516017742 0.06433350488934637
7 0.4004435682602267 0.8808543489449305 0.06850665352390341 0.048893463715903245
7 0.42828979793001476 0.8715903242408647 0.051256776737309016 0.04477611940298507
7 0.43272548053228194 0.8103448275862069 0.041399704287826515 0.03962943901183737
4 0.4958107442089699 0.8214101904271744 0.10349926071956629 0.06484817292846114
7 0.5892065056678166 0.8710756562017499 0.029078363725973385 0.049922799794132784
7 0.5303104977821587 0.7853834276891405 0.02858551010349926 0.024704065877509007
8 0.6379990142927551 0.8646423057128152 0.07146377525874816 0.09469891919711786
4 0.6919664859536717 0.7732887287699434 0.06702809265648102 0.049922799794132784
4 0.7336126170527353 0.7236232629953679 0.03499260719566289 0.050437467833247554
6 0.8905864958107442 0.7586206896551724 0.07589945786101528 0.08234688625836335
2 0.8804829965500246 0.6747297992794647 0.0665352390340069 0.07102418939783839
4 0.03824051256776737 0.9823160061760166 0.04921636274026615 0.035362840967575936
4 0.07906850665352391 0.9473546062789501 0.03089699359290291 0.09778692743180649
4 0.1033563331690488 0.9227277406073082 0.023144406111384908 0.06617086978898619
4 0.2610399211434204 0.8355995882655687 0.038570724494825036 0.059552238805970166
4 0.1424248398225727 0.8708903757076686 0.0322819122720552 0.0713175501801339
4 0.4648299655002464 0.9308131755018013 0.032163627402661404 0.1029336078229542
4 0.543716116313455 0.9072876994338651 0.04066535239034018 0.06176016469377252
4 0.5549778215869886 0.8219969119917654 0.035032035485460786 0.07793618116314968
4 0.5908822079842287 0.8304529078744209 0.03642681123706252 0.04043746783324764
4 0.42228684080827994 0.8830211013896038 0.027333661902415 0.079408131755018
4 0.6159093149334648 0.7514153371075656 0.021705273533760457 0.04705609881626342
4 0.7056628881222277 0.7359752959341225 0.019561360275998054 0.03235203293875457
4 0.6817249876786594 0.7367112712300566 0.0223854115327748 0.03235203293875457
4 0.810551996057171 0.7245805455481215 0.013888615081320768 0.04484817292846108
4 0.8995367175948744 0.7321152856407617 0.016525381961557516 0.046793618116315015