8 0.04052734375 0.9180432020330368 0.0673828125 0.156289707750953
8 0.169921875 0.7198221092757306 0.04736328125 0.10927573062261753
8 0.67822265625 0.8602287166454892 0.10791015625 0.16264294790343076
7 0.95458984375 0.9123252858958069 0.06640625 0.09529860228716645
4 0.84130859375 0.8526048284625158 0.20556640625 0.0940279542566709
4 0.783203125 0.7833545108005082 0.16845703125 0.0724269377382465
4 0.71728515625 0.7293519695044473 0.17919921875 0.08195679796696315
2 0.3525390625 0.6073697585768743 0.09375 0.2128335451080051
4 0.4541015625 0.6543837357052097 0.0615234375 0.07179161372299873
7 0.50927734375 0.6956797966963151 0.02490234375 0.052096569250317665
8 0.46826171875 0.6067344345616265 0.044921875 0.05082592121982211
4 0.43896484375 0.5317662007623888 0.068359375 0.02477763659466328
7 0.5400390625 0.6346886912325286 0.03076171875 0.03303684879288437
4 0.0595703125 0.567979669631512 0.01171875 0.045743329097839895
4 0.06591796875 0.5565438373570522 0.00927734375 0.03748411689961881
4 0.12890625 0.5698856416772554 0.01220703125 0.04383735705209657
4 0.025390625 0.6048284625158831 0.01611328125 0.022236340533672173
4 0.0244140625 0.5851334180432021 0.0224609375 0.01588310038119441
4 0.046875 0.6245235069885642 0.01806640625 0.02096569250317662
4 0.19970703125 0.6048284625158831 0.01708984375 0.03811944091486658
4 0.41357421875 0.6467598475222364 0.01318359375 0.056543837357052096
4 0.43505859375 0.7484116899618806 0.025390625 0.042566709021601014
4 0.5546875 0.7445997458703939 0.0224609375 0.08386277001270648
4 0.58544921875 0.7484116899618806 0.0263671875 0.08132147395171538
4 0.58642578125 0.693138500635324 0.02490234375 0.03303684879288437
4 0.65478515625 0.6766200762388819 0.01171875 0.05717916137229987
4 0.6298828125 0.6715374841168996 0.0146484375 0.05781448538754765
4 0.50439453125 0.6346886912325286 0.0146484375 0.06353240152477764
4 0.849609375 0.9364675984752223 0.037109375 0.12706480304955528
4 0.8486328125 0.8684879288437103 0.02978515625 0.0590851334180432
4 0.90869140625 0.9186785260482846 0.02978515625 0.11181702668360864
4 0.67041015625 0.8907242693773825 0.029296875 0.12325285895806862
4 0.62939453125 0.9186785260482846 0.037109375 0.0781448538754765