3 0.9 0.53828125 0.03828125 0.03203125
3 0.9 0.49140625 0.03671875 0.03125
3 0.2625 0.49453125 0.0375 0.04375
3 0.8125 0.5234375 0.03828125 0.03671875
3 0.22421875 0.66953125 0.03828125 0.03828125
3 0.96875 0.553125 0.04453125 0.03671875
3 0.43125 0.58671875 0.01953125 0.06875
3 0.48046875 0.69921875 0.01953125 0.05625
3 0.76171875 0.50703125 0.03828125 0.03515625
3 0.85390625 0.48359375 0.040625 0.03984375
3 0.771875 0.61640625 0.03671875 0.03515625
3 0.2234375 0.62109375 0.03671875 0.0390625
3 0.41328125 0.73359375 0.01953125 0.06796875
3 0.40859375 0.47890625 0.02109375 0.06953125
3 0.70078125 0.5015625 0.04140625 0.0359375
3 0.475 0.42421875 0.02109375 0.0734375
3 0.3640625 0.35625 0.02265625 0.065625
3 0.7578125 0.55234375 0.03671875 0.0359375
3 0.4109375 0.96875 0.01796875 0.0609375
3 0.4 0.13359375 0.01796875 0.065625
3 0.42734375 0.32890625 0.01796875 0.06796875
3 0.9546875 0.5109375 0.03671875 0.03203125
4 0.86796875 0.83125 0.01171875 0.01796875
3 0.709375 0.54140625 0.03828125 0.0390625
4 0.9703125 0.85859375 0.01171875 0.0140625
4 0.74609375 0.76484375 0.01015625 0.01875
4 0.81953125 0.21875 0.01015625 0.01640625
4 0.69140625 0.19140625 0.01015625 0.01484375
4 0.66484375 0.10859375 0.01015625 0.0140625
4 0.88125 0.134375 0.0109375 0.01875