3 0.8921875 0.41953125 0.0421875 0.0375
3 0.8265625 0.46640625 0.04375 0.0453125
3 0.94375 0.46953125 0.0453125 0.0421875
3 0.38203125 0.73125 0.04375 0.0453125
3 0.25859375 0.71328125 0.04375 0.04375
3 0.84296875 0.4203125 0.0484375 0.046875
3 0.75859375 0.46015625 0.0453125 0.04375
3 0.4546875 0.6390625 0.0296875 0.0671875
3 0.37734375 0.3421875 0.03125 0.071875
3 0.471875 0.5140625 0.0328125 0.071875
3 0.51640625 0.62265625 0.03125 0.0640625
3 0.24921875 0.6640625 0.0453125 0.05
3 0.425 0.4734375 0.0328125 0.0734375
3 0.71328125 0.50234375 0.0453125 0.0453125
3 0.52109375 0.753125 0.0328125 0.075
3 0.58828125 0.9578125 0.034375 0.0671875
3 0.48359375 0.8359375 0.03125 0.071875
3 0.7609375 0.50390625 0.0421875 0.0421875
3 0.428125 0.26171875 0.03125 0.0765625
3 0.696875 0.46484375 0.05 0.04375
3 0.315625 0.1375 0.0390625 0.0890625
3 0.39453125 0.30078125 0.0328125 0.06875
4 0.9 0.77578125 0.015625 0.0171875
4 0.57109375 0.30390625 0.0109375 0.0171875
4 0.1515625 0.93828125 0.015625 0.0171875
3 0.4234375 0.596875 0.028125 0.0703125
4 0.0875 0.4359375 0.0125 0.015625
3 0.98359375 0.43125 0.0265625 0.0375
4 0.7546875 0.72734375 0.0140625 0.0203125
4 0.76796875 0.6875 0.0140625 0.0203125
4 0.62578125 0.15625 0.0125 0.015625
4 0.02890625 0.53828125 0.0125 0.015625
4 0.89609375 0.19609375 0.015625 0.0171875
4 0.83984375 0.1 0.015625 0.0203125
4 0.98671875 0.76796875 0.0140625 0.0171875
4 0.81796875 0.684375 0.0140625 0.01875
4 0.7796875 0.09921875 0.0171875 0.021875