3 0.203125 0.66875 0.0421875 0.04375
3 0.56171875 0.615625 0.04375 0.053125
3 0.81171875 0.59140625 0.04375 0.034375
3 0.26328125 0.47890625 0.040625 0.05
3 0.87421875 0.55703125 0.04375 0.0359375
3 0.01796875 0.7234375 0.0359375 0.04375
3 0.4015625 0.8859375 0.025 0.0703125
3 0.746875 0.478125 0.046875 0.0390625
3 0.17890625 0.6234375 0.04375 0.046875
3 0.1203125 0.63984375 0.04375 0.0421875
3 0.4875 0.39765625 0.0265625 0.0765625
3 0.47109375 0.603125 0.0265625 0.0703125
3 0.37890625 0.81015625 0.0265625 0.06875
3 0.76640625 0.53125 0.046875 0.0375
3 0.41953125 0.65234375 0.025 0.0765625
3 0.22734375 0.60078125 0.0453125 0.0453125
3 0.6828125 0.45390625 0.0421875 0.034375
3 0.4203125 0.95 0.028125 0.0796875
3 0.6578125 0.62578125 0.0421875 0.0390625
3 0.41328125 0.359375 0.028125 0.071875
3 0.6953125 0.559375 0.0421875 0.0359375
3 0.70625 0.51640625 0.04375 0.034375
3 0.75078125 0.57109375 0.04375 0.0359375
3 0.5234375 0.0609375 0.0265625 0.0734375
3 0.44765625 0.2546875 0.0265625 0.071875
3 0.01328125 0.68125 0.0265625 0.05
3 0.4546875 0.80703125 0.021875 0.0703125
3 0.55546875 0.01875 0.0234375 0.0328125
3 0.61328125 0.4171875 0.04375 0.04375
4 0.9328125 0.87578125 0.015625 0.015625
3 0.00546875 0.546875 0.0109375 0.040625
4 0.990625 0.29140625 0.0140625 0.015625
3 0.81796875 0.54375 0.028125 0.03125
4 0.26015625 0.2015625 0.0125 0.015625
4 0.08984375 0.83515625 0.0140625 0.0171875
4 0.8578125 0.14375 0.0140625 0.0171875
4 0.15625 0.821875 0.0125 0.01875
4 0.82421875 0.2046875 0.0140625 0.01875
4 0.1125 0.41484375 0.0140625 0.0140625
4 0.01640625 0.8875 0.015625 0.015625