3 0.453125 0.77890625 0.0390625 0.08125
3 0.38984375 0.6921875 0.03125 0.071875
3 0.41875 0.32578125 0.03125 0.075
3 0.70390625 0.55703125 0.0546875 0.0515625
3 0.46875 0.0296875 0.03125 0.059375
3 0.4140625 0.6515625 0.03125 0.0625
3 0.54765625 0.2140625 0.03125 0.08125
3 0.4046875 0.5296875 0.0328125 0.0703125
3 0.43359375 0.42265625 0.03125 0.071875
3 0.1296875 0.7015625 0.0421875 0.04375
3 0.51171875 0.21875 0.0296875 0.0765625
3 0.475 0.48984375 0.0265625 0.071875
3 0.39140625 0.2921875 0.034375 0.071875
3 0.3890625 0.959375 0.0328125 0.0625
3 0.50546875 0.08046875 0.0375 0.0796875
3 0.06875 0.596875 0.0484375 0.0515625
3 0.1953125 0.67578125 0.0484375 0.0546875
3 0.421875 0.93125 0.0328125 0.071875
4 0.740625 0.22421875 0.0171875 0.0234375
4 0.9734375 0.49140625 0.01875 0.0234375
3 0.08984375 0.71640625 0.021875 0.046875
3 0.12109375 0.64921875 0.0453125 0.040625
4 0.003125 0.86640625 0.00625 0.0203125
4 0.10390625 0.8109375 0.0140625 0.015625
4 0.1796875 0.81171875 0.0109375 0.0109375
4 0.1796875 0.8015625 0.0109375 0.0171875
4 0.20703125 0.80703125 0.0109375 0.0203125
4 0.21875 0.81875 0.0078125 0.0125
4 0.1390625 0.85234375 0.015625 0.015625
4 0.07734375 0.3796875 0.0140625 0.0140625
4 0.00703125 0.45078125 0.0109375 0.0203125
4 0.0875 0.43359375 0.0125 0.0109375
4 0.1109375 0.30859375 0.0109375 0.0109375
4 0.16171875 0.38984375 0.0140625 0.0140625
4 0.159375 0.4015625 0.0125 0.015625
4 0.1515625 0.42109375 0.015625 0.015625
4 0.25078125 0.20859375 0.0125 0.0203125
4 0.75703125 0.078125 0.0125 0.01875
4 0.85 0.17109375 0.0109375 0.0171875
4 0.9 0.23046875 0.0109375 0.0140625
4 0.8984375 0.2421875 0.0125 0.0171875
4 0.85625 0.265625 0.009375 0.0140625
4 0.853125 0.27890625 0.0125 0.0203125
4 0.79375 0.27421875 0.0125 0.015625
4 0.83046875 0.20859375 0.0109375 0.0140625
4 0.82890625 0.196875 0.0109375 0.0140625
4 0.80546875 0.159375 0.0125 0.0125
4 0.765625 0.10390625 0.0140625 0.01875
4 0.77265625 0.10859375 0.0125 0.01875
4 0.66015625 0.08671875 0.0109375 0.0203125
4 0.66015625 0.1484375 0.015625 0.0234375
4 0.59609375 0.2765625 0.009375 0.01875
1 0.69375 0.503125 0.028125 0.025
4 0.84140625 0.78046875 0.0078125 0.0109375
4 0.83515625 0.77734375 0.009375 0.015625
4 0.79140625 0.78046875 0.0109375 0.015625
4 0.7765625 0.80390625 0.0140625 0.0203125
4 0.8546875 0.86015625 0.0140625 0.0171875
4 0.8515625 0.87109375 0.0140625 0.0140625
4 0.653125 0.725 0.009375 0.0140625
4 0.62109375 0.703125 0.0078125 0.0109375
4 0.6265625 0.709375 0.00625 0.0109375
4 0.62109375 0.6890625 0.0078125 0.0125
4 0.671875 0.71953125 0.009375 0.015625
4 0.671875 0.734375 0.0109375 0.015625