3 0.134375 0.62734375 0.0734375 0.0734375
3 0.365625 0.8078125 0.040625 0.078125
3 0.20859375 0.55859375 0.0546875 0.0609375
3 0.4171875 0.96015625 0.0390625 0.06875
6 0.375 0.9328125 0.059375 0.109375
3 0.52421875 0.24609375 0.0515625 0.0890625
3 0.428125 0.74453125 0.0484375 0.084375
3 0.4640625 0.09140625 0.0515625 0.1
3 0.9703125 0.471875 0.059375 0.05625
3 0.48046875 0.26640625 0.04375 0.0765625
3 0.8515625 0.55 0.046875 0.046875
3 0.44765625 0.43515625 0.0546875 0.103125
3 0.471875 0.503125 0.0421875 0.0875
3 0.4484375 0.29921875 0.05 0.096875
3 0.8171875 0.58671875 0.046875 0.0453125
3 0.7 0.53671875 0.0703125 0.0453125
3 0.89375 0.565625 0.04375 0.0421875
3 0.7015625 0.57734375 0.0578125 0.0546875
3 0.409375 0.61484375 0.0359375 0.0703125
3 0.75546875 0.55625 0.05 0.0484375
3 0.4703125 0.61953125 0.0375 0.0671875
3 0.196875 0.609375 0.0515625 0.053125
3 0.925 0.63046875 0.05 0.0484375
2 0.78203125 0.51171875 0.109375 0.0859375
2 0.5328125 0.40234375 0.090625 0.2640625
3 0.70234375 0.490625 0.071875 0.0578125
3 0.30625 0.67265625 0.046875 0.053125