3 0.4390625 0.8515625 0.03203125 0.07890625
3 0.70859375 0.53046875 0.04921875 0.04296875
3 0.48671875 0.7765625 0.02890625 0.075
3 0.4140625 0.121875 0.02265625 0.0765625
3 0.45078125 0.05859375 0.0265625 0.06796875
3 0.1234375 0.75625 0.02734375 0.03671875
3 0.84453125 0.6390625 0.04453125 0.04296875
3 0.36640625 0.31484375 0.0203125 0.07109375
3 0.5203125 0.89375 0.02421875 0.07578125
3 0.4234375 0.440625 0.01953125 0.06484375
3 0.475 0.9390625 0.021875 0.07890625
3 0.13828125 0.69296875 0.0375 0.03515625
3 0.215625 0.7109375 0.046875 0.03515625
3 0.03203125 0.8046875 0.046875 0.0390625
2 0.41640625 0.94140625 0.0328125 0.1171875
4 0.05390625 0.27265625 0.0125 0.01796875
4 0.0046875 0.5046875 0.00859375 0.01015625
4 0.01875 0.52265625 0.0125 0.009375
4 0.028125 0.51171875 0.01015625 0.01171875
4 0.06015625 0.49453125 0.0125 0.0109375
4 0.16328125 0.44609375 0.0125 0.0125
4 0.203125 0.459375 0.01015625 0.015625
4 0.053125 0.9609375 0.015625 0.01484375
4 0.15546875 0.8921875 0.01171875 0.01953125
4 0.1328125 0.87109375 0.01015625 0.015625
4 0.19296875 0.86640625 0.0109375 0.01796875
4 0.19609375 0.884375 0.00859375 0.01328125
4 0.2203125 0.84453125 0.0078125 0.0125
4 0.22890625 0.85390625 0.00859375 0.0109375
4 0.196875 0.83984375 0.01171875 0.01484375
4 0.36640625 0.97109375 0.00859375 0.0171875
4 0.80546875 0.76640625 0.01015625 0.01484375
4 0.70546875 0.68671875 0.0078125 0.0109375
4 0.640625 0.69609375 0.0078125 0.0125
4 0.7171875 0.69375 0.0078125 0.01328125
4 0.72109375 0.709375 0.0078125 0.0125
4 0.71328125 0.6796875 0.01015625 0.01484375
4 0.734375 0.69296875 0.00703125 0.01171875
4 0.7375 0.70078125 0.00859375 0.0140625
4 0.74453125 0.6890625 0.0078125 0.0125
4 0.8875 0.8234375 0.01328125 0.0140625
4 0.8703125 0.734375 0.0078125 0.0109375
4 0.8640625 0.73125 0.00703125 0.0140625
4 0.92265625 0.13984375 0.01171875 0.01796875
4 0.95390625 0.21640625 0.01171875 0.0171875
4 0.9234375 0.22578125 0.00859375 0.0109375
4 0.92109375 0.23671875 0.0140625 0.01328125
4 0.88515625 0.24375 0.0109375 0.0140625
4 0.8515625 0.1484375 0.01328125 0.0203125
4 0.784375 0.20625 0.00859375 0.01328125
4 0.78359375 0.19296875 0.009375 0.01484375
4 0.790625 0.16875 0.009375 0.0125
4 0.7890625 0.1609375 0.009375 0.0125
4 0.79375 0.0796875 0.01015625 0.01484375
4 0.71484375 0.03203125 0.009375 0.01484375
4 0.64765625 0.15703125 0.0125 0.01875
4 0.60703125 0.175 0.00625 0.01328125
4 0.58671875 0.21796875 0.0078125 0.01171875
4 0.59921875 0.228125 0.0078125 0.015625
4 0.56796875 0.23203125 0.01171875 0.01328125
4 0.57734375 0.2546875 0.0078125 0.01953125
4 0.55703125 0.2484375 0.01015625 0.01640625
4 0.57578125 0.16328125 0.01015625 0.0171875
4 0.6734375 0.17578125 0.009375 0.01875
4 0.6296875 0.24140625 0.0078125 0.0140625
4 0.64609375 0.23984375 0.009375 0.015625
4 0.6265625 0.28046875 0.009375 0.01484375
4 0.63359375 0.24921875 0.009375 0.0125
4 0.6828125 0.19296875 0.00859375 0.0140625
4 0.675 0.2203125 0.01171875 0.01953125
4 0.615625 0.30703125 0.0125 0.01875