3 0.890625 0.59375 0.0421875 0.0375
3 0.89765625 0.546875 0.040625 0.0359375
3 0.265625 0.46171875 0.04375 0.0484375
3 0.80625 0.56640625 0.04375 0.0421875
3 0.203125 0.6296875 0.04375 0.04375
3 0.95703125 0.61796875 0.0484375 0.0421875
3 0.41953125 0.5765625 0.0296875 0.0703125
3 0.453125 0.69453125 0.0265625 0.0578125
3 0.7578125 0.54375 0.0421875 0.040625
3 0.853125 0.5328125 0.0453125 0.0453125
3 0.753125 0.653125 0.040625 0.040625
3 0.209375 0.58125 0.0421875 0.04375
3 0.38125 0.71953125 0.028125 0.0703125
3 0.4125 0.46640625 0.03125 0.071875
3 0.6984375 0.5296875 0.0453125 0.040625
3 0.4859375 0.42109375 0.03125 0.075
3 0.38515625 0.3390625 0.03125 0.06875
3 0.74765625 0.5875 0.040625 0.040625
3 0.346875 0.9515625 0.0265625 0.0625
3 0.45234375 0.1234375 0.0265625 0.0671875
3 0.4515625 0.3203125 0.0265625 0.0703125
3 0.9484375 0.57421875 0.040625 0.0375
4 0.81796875 0.87890625 0.0140625 0.01875
3 0.7015625 0.5703125 0.04375 0.04375
4 0.915625 0.9203125 0.0140625 0.015625
4 0.70703125 0.796875 0.0125 0.0203125
4 0.85546875 0.265625 0.0125 0.0171875
4 0.7328125 0.22109375 0.0125 0.015625
4 0.71796875 0.13515625 0.0125 0.015625
4 0.928125 0.190625 0.0140625 0.0203125