3 0.78203125 0.63125 0.03984375 0.0359375
3 0.8140625 0.4984375 0.0390625 0.03671875
3 0.94140625 0.478125 0.0375 0.03359375
3 0.08671875 0.72578125 0.0375 0.03671875
3 0.725 0.528125 0.03828125 0.0390625
3 0.2203125 0.61171875 0.03671875 0.0390625
3 0.0296875 0.75546875 0.0453125 0.0484375
3 0.70234375 0.4765625 0.03828125 0.0359375
3 0.9 0.52109375 0.0328125 0.03359375
3 0.7640625 0.48671875 0.04296875 0.0390625
3 0.41796875 0.0796875 0.01953125 0.0703125
3 0.39609375 0.0234375 0.02109375 0.04609375
4 0.74140625 0.71796875 0.01171875 0.015625
3 0.36953125 0.11015625 0.01640625 0.06875
3 0.17265625 0.63203125 0.02890625 0.028125
3 0.39609375 0.1015625 0.01796875 0.08046875
4 0.61796875 0.18203125 0.0109375 0.01640625
4 0.87109375 0.76953125 0.01171875 0.01796875
4 0.76640625 0.11171875 0.01015625 0.01875
4 0.0703125 0.42109375 0.01328125 0.01328125
4 0.56640625 0.903125 0.00859375 0.0203125
4 0.73984375 0.12265625 0.01171875 0.01796875