3 0.89609375 0.55859375 0.0421875 0.0375
3 0.81796875 0.5796875 0.04375 0.0453125
3 0.92734375 0.62265625 0.0453125 0.0421875
3 0.31015625 0.6765625 0.04375 0.0453125
3 0.2 0.61796875 0.04375 0.04375
3 0.84921875 0.54296875 0.0484375 0.046875
3 0.75703125 0.55078125 0.0453125 0.04375
3 0.41015625 0.61484375 0.0296875 0.0671875
3 0.43828125 0.31015625 0.03125 0.071875
3 0.46875 0.503125 0.0328125 0.071875
3 0.4734375 0.6203125 0.03125 0.0640625
3 0.2078125 0.56796875 0.0453125 0.05
3 0.43828125 0.44921875 0.0328125 0.0734375
3 0.69921875 0.575 0.0453125 0.0453125
3 0.4328125 0.7453125 0.0328125 0.075
3 0.42578125 0.96015625 0.034375 0.0671875
3 0.3703125 0.81015625 0.03125 0.071875
3 0.74375 0.59296875 0.0421875 0.0421875
3 0.51328125 0.2515625 0.03125 0.0765625
3 0.696875 0.53359375 0.05 0.04375
3 0.45078125 0.09609375 0.0390625 0.0890625
3 0.46875 0.2765625 0.0328125 0.06875
4 0.78125 0.89609375 0.015625 0.0171875
4 0.63359375 0.340625 0.0109375 0.0171875
4 0.02265625 0.79296875 0.015625 0.0171875
3 0.3953125 0.56484375 0.028125 0.0703125
4 0.134375 0.29921875 0.0125 0.015625
3 0.978125 0.60078125 0.0265625 0.0375
4 0.66171875 0.80078125 0.0140625 0.0203125
4 0.6875 0.76796875 0.0140625 0.0203125
4 0.7359375 0.2203125 0.0125 0.015625
4 0.04453125 0.375 0.0125 0.015625
4 0.9765625 0.35 0.015625 0.0171875
4 0.95625 0.23984375 0.015625 0.0203125
4 0.865625 0.91796875 0.0140625 0.0171875
4 0.7359375 0.78203125 0.0140625 0.01875
4 0.9 0.21875 0.0171875 0.021875