3 0.22265625 0.70078125 0.04140625 0.04609375
3 0.4640625 0.103125 0.02109375 0.0671875
3 0.50859375 0.21640625 0.01953125 0.07109375
3 0.2453125 0.62265625 0.04296875 0.05859375
3 0.1359375 0.67890625 0.04140625 0.0359375
3 0.19296875 0.65859375 0.03984375 0.04453125
3 0.41640625 0.7671875 0.02421875 0.07890625
3 0.88125 0.52109375 0.0421875 0.03828125
3 0.340625 0.43203125 0.0328125 0.0609375
3 0.48203125 0.65859375 0.02109375 0.06015625
3 0.1984375 0.55546875 0.04453125 0.0484375
3 0.4375 0.6265625 0.0203125 0.075
3 0.7125 0.4546875 0.0421875 0.0390625
3 0.81875 0.55859375 0.0421875 0.0359375
3 0.70390625 0.54140625 0.04140625 0.03359375
3 0.98203125 0.56796875 0.03046875 0.03046875
3 0.7625 0.54375 0.04921875 0.04140625
3 0.37578125 0.1953125 0.0234375 0.05546875
3 0.046875 0.77265625 0.03984375 0.0390625
3 0.82421875 0.51171875 0.028125 0.034375
3 0.76875 0.5015625 0.0421875 0.03671875
3 0.709375 0.4921875 0.0375 0.03671875
3 0.50546875 0.02421875 0.021875 0.04765625
3 0.48984375 0.846875 0.01953125 0.078125
3 0.44453125 0.92734375 0.02109375 0.06328125
3 0.4703125 0.95546875 0.02109375 0.0890625
3 0.421875 0.98515625 0.01875 0.0296875
3 0.07578125 0.715625 0.05078125 0.040625
4 0.01484375 0.9359375 0.01484375 0.0140625
4 0.2234375 0.83671875 0.0109375 0.01640625
4 0.24296875 0.80546875 0.01171875 0.015625
4 0.25078125 0.8328125 0.00859375 0.01171875
4 0.2515625 0.84296875 0.01015625 0.0140625
4 0.10546875 0.88203125 0.015625 0.015625
4 0.13671875 0.88046875 0.0140625 0.015625
4 0.13984375 0.8921875 0.01171875 0.01015625
4 0.0359375 0.49375 0.01015625 0.01171875
4 0.03125 0.4296875 0.0078125 0.00859375
4 0.06875 0.50859375 0.01171875 0.0125
4 0.1078125 0.4640625 0.0125 0.0109375
4 0.115625 0.484375 0.0125 0.01484375
4 0.13359375 0.4140625 0.0125 0.01484375
4 0.56953125 0.234375 0.0078125 0.0109375
4 0.56171875 0.2140625 0.009375 0.0171875
4 0.5609375 0.25234375 0.00703125 0.01328125
4 0.571875 0.26171875 0.0078125 0.015625
4 0.590625 0.24140625 0.0078125 0.0140625
4 0.60390625 0.31953125 0.009375 0.0171875
4 0.61953125 0.14296875 0.00703125 0.01328125
4 0.61875 0.15703125 0.009375 0.0171875
4 0.6453125 0.15703125 0.009375 0.015625
4 0.6015625 0.1453125 0.009375 0.0125
4 0.71796875 0.1875 0.009375 0.0171875
4 0.72421875 0.20546875 0.01171875 0.015625
4 0.85234375 0.209375 0.01171875 0.01484375
4 0.903125 0.15546875 0.0078125 0.0140625
4 0.7734375 0.2015625 0.009375 0.0109375
4 0.78203125 0.20078125 0.009375 0.0171875
4 0.796875 0.18046875 0.00859375 0.0140625
4 0.79453125 0.171875 0.01015625 0.01328125
4 0.93515625 0.0859375 0.01171875 0.02421875
4 0.98203125 0.26171875 0.01171875 0.01796875
4 0.86875 0.74296875 0.00625 0.0109375
4 0.86015625 0.7421875 0.0078125 0.01328125
4 0.790625 0.80234375 0.01015625 0.01484375
4 0.7671875 0.74375 0.01171875 0.015625
4 0.759375 0.72421875 0.009375 0.01328125
4 0.74453125 0.7046875 0.0109375 0.0140625