3 0.2484375 0.72890625 0.046875 0.0484375
3 0.215625 0.68828125 0.04375 0.0515625
3 0.1640625 0.7171875 0.046875 0.05625
3 0.48984375 0.60859375 0.028125 0.0703125
3 0.44609375 0.6078125 0.0296875 0.0703125
3 0.371875 0.09765625 0.0359375 0.0921875
3 0.5296875 0.70234375 0.03125 0.071875
3 0.78515625 0.409375 0.0515625 0.0484375
3 0.2546875 0.65859375 0.0453125 0.0484375
3 0.84296875 0.51796875 0.046875 0.0421875
3 0.3828125 0.34296875 0.028125 0.0703125
3 0.5171875 0.7859375 0.0328125 0.071875
3 0.5375 0.3640625 0.0484375 0.0640625
3 0.5640625 0.90859375 0.0328125 0.078125
3 0.7046875 0.47109375 0.0546875 0.0578125
3 0.290625 0.5140625 0.04375 0.059375
3 0.98515625 0.484375 0.0296875 0.034375
3 0.43203125 0.66875 0.028125 0.0734375
3 0.59375 0.3984375 0.053125 0.05625
3 0.0421875 0.83203125 0.0203125 0.084375
3 0.6546875 0.896875 0.046875 0.1734375
3 0.81875 0.46953125 0.0484375 0.0484375
3 0.3546875 0.18046875 0.028125 0.071875
3 0.478125 0.3921875 0.034375 0.0765625
3 0.5234375 0.953125 0.0296875 0.0828125
3 0.55078125 0.98359375 0.0234375 0.0296875
3 0.69921875 0.50859375 0.0421875 0.0453125
3 0.39921875 0.30234375 0.028125 0.075
4 0.0890625 0.39140625 0.0109375 0.0125
4 0.13359375 0.4875 0.0109375 0.0140625
4 0.0875 0.5296875 0.0140625 0.015625
4 0.11953125 0.5125 0.009375 0.0140625
4 0.15703125 0.46171875 0.0125 0.0125
4 0.1703125 0.50078125 0.0109375 0.01875
4 0.16796875 0.4703125 0.0140625 0.0109375
4 0.7265625 0.09375 0.015625 0.0171875
4 0.7140625 0.11328125 0.009375 0.0140625
4 0.72109375 0.14609375 0.015625 0.021875
4 0.73671875 0.1265625 0.0109375 0.01875
4 0.75 0.14609375 0.0140625 0.0234375
4 0.671875 0.04375 0.0125 0.0171875
4 0.66640625 0.07578125 0.0125 0.0203125
4 0.70234375 0.07578125 0.009375 0.015625
4 0.6890625 0.09296875 0.009375 0.015625
4 0.69375 0.0984375 0.009375 0.0125
4 0.6515625 0.13515625 0.0125 0.0171875
4 0.62109375 0.14375 0.0109375 0.0171875
4 0.625 0.09765625 0.0140625 0.015625
4 0.66328125 0.1421875 0.0109375 0.0171875
4 0.59453125 0.2390625 0.0109375 0.0171875
4 0.5359375 0.178125 0.0109375 0.01875
4 0.5484375 0.209375 0.0125 0.0203125
4 0.9546875 0.1921875 0.0125 0.01875
4 0.9140625 0.121875 0.0125 0.0203125
4 0.9234375 0.11640625 0.0125 0.01875
4 0.778125 0.6984375 0.0109375 0.0140625
4 0.79609375 0.70078125 0.0109375 0.0171875
4 0.75625 0.69296875 0.0140625 0.015625
4 0.75390625 0.67265625 0.009375 0.0125
4 0.80859375 0.6890625 0.0125 0.015625
4 0.7984375 0.671875 0.0140625 0.015625
4 0.7609375 0.6578125 0.009375 0.0125
4 0.7671875 0.66796875 0.0140625 0.0109375
4 0.84375 0.7078125 0.0125 0.0171875
4 0.88671875 0.69453125 0.015625 0.01875
4 0.89921875 0.715625 0.0140625 0.0171875
4 0.915625 0.76484375 0.0140625 0.0171875
4 0.9953125 0.78125 0.009375 0.021875
4 0.1171875 0.94296875 0.0140625 0.0171875
4 0.1921875 0.88515625 0.0171875 0.0125
4 0.19296875 0.89375 0.0140625 0.015625
4 0.16640625 0.9390625 0.0140625 0.0109375
4 0.16640625 0.95 0.0140625 0.0140625
4 0.240625 0.8875 0.0125 0.015625
4 0.25625 0.8609375 0.009375 0.015625
4 0.246875 0.86015625 0.0109375 0.0140625
4 0.30625 0.83984375 0.009375 0.015625
4 0.28359375 0.8609375 0.0125 0.015625
4 0.44140625 0.9546875 0.009375 0.015625