3 0.20625 0.671875 0.0453125 0.046875
3 0.18203125 0.625 0.04375 0.05
3 0.12578125 0.6421875 0.0453125 0.0546875
3 0.4671875 0.60390625 0.0265625 0.06875
3 0.425 0.59453125 0.028125 0.0703125
3 0.45859375 0.0796875 0.0328125 0.090625
3 0.48671875 0.7046875 0.028125 0.071875
3 0.79765625 0.4703125 0.05 0.046875
3 0.22734375 0.60390625 0.04375 0.0484375
3 0.83203125 0.58828125 0.0453125 0.040625
3 0.41796875 0.321875 0.0265625 0.0703125
3 0.45703125 0.78359375 0.0296875 0.0703125
3 0.56484375 0.375 0.046875 0.0625
3 0.478125 0.91328125 0.03125 0.0765625
3 0.70625 0.5140625 0.053125 0.05625
3 0.2921875 0.4703125 0.0421875 0.0578125
3 0.97890625 0.5859375 0.0296875 0.0328125
3 0.3984375 0.65078125 0.0265625 0.071875
3 0.6125 0.4203125 0.0515625 0.0546875
3 0.56875 0.91640625 0.040625 0.1671875
3 0.81796875 0.53671875 0.046875 0.046875
3 0.42421875 0.15703125 0.0265625 0.0703125
3 0.50078125 0.390625 0.03125 0.075
3 0.42890625 0.94765625 0.0265625 0.08125
3 0.44921875 0.98359375 0.021875 0.0296875
3 0.69296875 0.55 0.040625 0.04375
3 0.44296875 0.2859375 0.025 0.0734375
4 0.12109375 0.30859375 0.0109375 0.0125
4 0.14375 0.41171875 0.0109375 0.0125
4 0.08984375 0.44296875 0.0125 0.015625
4 0.12578125 0.43359375 0.009375 0.0125
4 0.17265625 0.39140625 0.0125 0.0125
4 0.17734375 0.4328125 0.009375 0.0171875
4 0.18125 0.40234375 0.0140625 0.0109375
4 0.80625 0.14921875 0.0140625 0.0171875
4 0.78984375 0.16640625 0.0078125 0.0140625
4 0.78984375 0.2 0.0140625 0.021875
4 0.809375 0.18359375 0.009375 0.0171875
4 0.81796875 0.20546875 0.0140625 0.0234375
4 0.76328125 0.0890625 0.0109375 0.0171875
4 0.7515625 0.11953125 0.0125 0.0203125
4 0.7859375 0.12734375 0.009375 0.0140625
4 0.76953125 0.140625 0.009375 0.0140625
4 0.7734375 0.14765625 0.009375 0.0125
4 0.7234375 0.17421875 0.0125 0.0171875
4 0.6921875 0.1765625 0.0109375 0.0171875
4 0.70625 0.13203125 0.0125 0.015625
4 0.73359375 0.184375 0.0109375 0.015625
4 0.646875 0.2640625 0.0109375 0.0171875
4 0.60234375 0.19296875 0.0109375 0.01875
4 0.6078125 0.22578125 0.0125 0.0203125
4 0.9578125 0.0625 0.015625 0.025
4 0.98359375 0.21640625 0.0125 0.0203125
4 0.99375 0.21328125 0.0109375 0.01875
4 0.73046875 0.7515625 0.0109375 0.0140625
4 0.74765625 0.7578125 0.009375 0.0171875
4 0.71015625 0.7421875 0.0125 0.015625
4 0.7125 0.721875 0.009375 0.0109375
4 0.76328125 0.74921875 0.0109375 0.015625
4 0.75625 0.73046875 0.0125 0.015625
4 0.72265625 0.70859375 0.009375 0.0109375
4 0.7265625 0.71953125 0.0140625 0.0109375
4 0.79296875 0.775 0.0109375 0.0171875
4 0.8375 0.7703125 0.0140625 0.01875
4 0.84609375 0.79375 0.0125 0.0171875
4 0.8515625 0.8453125 0.0125 0.0171875
4 0.93046875 0.87890625 0.01875 0.0203125
4 0.03359375 0.85390625 0.0125 0.0171875
4 0.11875 0.8125 0.0171875 0.0125
4 0.11796875 0.82109375 0.0140625 0.015625
4 0.0828125 0.86015625 0.0140625 0.0109375
4 0.08046875 0.87109375 0.0140625 0.0140625
4 0.165625 0.825 0.0125 0.015625
4 0.18671875 0.80234375 0.0078125 0.015625
4 0.17734375 0.79921875 0.0109375 0.0125
4 0.23984375 0.7921875 0.0078125 0.015625
4 0.21328125 0.80859375 0.0125 0.015625
4 0.3484375 0.9328125 0.009375 0.0140625