3 0.2375 0.7171875 0.040625 0.04375
3 0.58046875 0.603125 0.0421875 0.0515625
3 0.82265625 0.5359375 0.04375 0.0328125
3 0.26328125 0.5203125 0.0390625 0.0484375
3 0.878125 0.49140625 0.0421875 0.034375
3 0.06015625 0.8046875 0.0421875 0.0421875
3 0.46953125 0.89765625 0.0234375 0.0703125
3 0.7390625 0.43515625 0.0453125 0.0375
3 0.20546875 0.67734375 0.0421875 0.046875
3 0.15 0.70390625 0.0421875 0.040625
3 0.46953125 0.40078125 0.025 0.0765625
3 0.4890625 0.60625 0.025 0.0703125
3 0.434375 0.8265625 0.0234375 0.0671875
3 0.7671875 0.484375 0.0453125 0.0359375
3 0.446875 0.6640625 0.021875 0.0765625
3 0.2484375 0.646875 0.04375 0.04375
3 0.67265625 0.42265625 0.0421875 0.0328125
3 0.5 0.95625 0.025 0.0796875
3 0.67734375 0.59609375 0.040625 0.0390625
3 0.390625 0.3765625 0.025 0.0703125
3 0.703125 0.52421875 0.040625 0.034375
3 0.70625 0.48046875 0.04375 0.0328125
3 0.759375 0.5265625 0.04375 0.034375
3 0.446875 0.06328125 0.0234375 0.071875
3 0.40625 0.26796875 0.0234375 0.071875
3 0.0421875 0.76484375 0.046875 0.0484375
3 0.50859375 0.81015625 0.0203125 0.0703125
3 0.47109375 0.01640625 0.021875 0.03125
3 0.596875 0.3984375 0.04375 0.0421875
4 0.99140625 0.79453125 0.015625 0.015625
3 0.01640625 0.63359375 0.01875 0.040625
4 0.946875 0.209375 0.0140625 0.015625
3 0.82109375 0.4875 0.028125 0.0296875
4 0.2125 0.24765625 0.0125 0.015625
4 0.1546875 0.90078125 0.0140625 0.0171875
4 0.790625 0.0875 0.0125 0.015625
4 0.21796875 0.8765625 0.0125 0.01875
4 0.76796875 0.153125 0.0125 0.01875
4 0.103125 0.4828125 0.0140625 0.0140625
4 0.090625 0.965625 0.015625 0.015625