3 0.90078125 0.46796875 0.04375 0.0375
3 0.8921875 0.421875 0.0421875 0.0375
3 0.26484375 0.5359375 0.04375 0.05
3 0.81171875 0.46875 0.04375 0.0421875
3 0.2578125 0.71484375 0.04375 0.04375
3 0.97109375 0.47109375 0.05 0.04375
3 0.44765625 0.59765625 0.03125 0.071875
3 0.515625 0.69921875 0.0296875 0.059375
3 0.75859375 0.46171875 0.04375 0.040625
3 0.8453125 0.42265625 0.046875 0.046875
3 0.78828125 0.5671875 0.0421875 0.040625
3 0.2484375 0.6671875 0.0421875 0.0453125
3 0.45546875 0.7453125 0.03125 0.0703125
3 0.40625 0.4953125 0.0328125 0.071875
3 0.69765625 0.46640625 0.046875 0.0421875
3 0.4625 0.4296875 0.0328125 0.0765625
3 0.34140625 0.38203125 0.034375 0.06875
3 0.76328125 0.50703125 0.0421875 0.0421875
3 0.49375 0.97265625 0.028125 0.0546875
3 0.33828125 0.15625 0.0296875 0.0671875
3 0.3984375 0.34375 0.0296875 0.0703125
3 0.95 0.43203125 0.0421875 0.0375
4 0.91953125 0.7625 0.0140625 0.0203125
3 0.71328125 0.5046875 0.04375 0.0453125
4 0.78828125 0.71796875 0.0125 0.0203125
4 0.765625 0.1671875 0.0125 0.0171875
4 0.63515625 0.1625 0.0125 0.015625
4 0.59453125 0.0859375 0.0125 0.015625
4 0.81171875 0.0734375 0.0140625 0.0203125