3 0.784375 0.6265625 0.040625 0.0359375
3 0.8140625 0.49296875 0.0390625 0.0375
3 0.940625 0.4703125 0.0375 0.034375
3 0.090625 0.7328125 0.0375 0.0375
3 0.72578125 0.52421875 0.0390625 0.0390625
3 0.22265625 0.61640625 0.0375 0.0390625
3 0.034375 0.76328125 0.046875 0.05
3 0.7015625 0.47265625 0.0390625 0.0359375
3 0.9 0.5140625 0.0328125 0.034375
3 0.7640625 0.48203125 0.04375 0.0390625
3 0.4109375 0.08125 0.0203125 0.0703125
3 0.3875 0.025 0.021875 0.046875
4 0.7453125 0.7140625 0.0125 0.015625
3 0.3625 0.1125 0.0171875 0.06875
3 0.175 0.6375 0.0296875 0.028125
3 0.3890625 0.103125 0.01875 0.08125
4 0.6125 0.1796875 0.0109375 0.0171875
4 0.87578125 0.76328125 0.0125 0.01875
4 0.759375 0.10703125 0.0109375 0.01875
4 0.06875 0.42890625 0.0140625 0.0140625
4 0.5734375 0.9015625 0.009375 0.0203125
4 0.73359375 0.11875 0.0125 0.01875