3 0.50234375 0.7828125 0.0328125 0.0796875
3 0.425 0.7078125 0.0265625 0.071875
3 0.38984375 0.3421875 0.025 0.075
3 0.7109375 0.52109375 0.0515625 0.0484375
3 0.3875 0.0390625 0.028125 0.065625
3 0.44140625 0.6640625 0.0265625 0.0609375
3 0.49765625 0.21015625 0.0265625 0.08125
3 0.41171875 0.54609375 0.028125 0.06875
3 0.421875 0.43515625 0.0265625 0.071875
3 0.1703125 0.76328125 0.040625 0.040625
3 0.4625 0.22109375 0.0234375 0.0765625
3 0.47421875 0.49453125 0.021875 0.071875
3 0.35703125 0.3140625 0.0296875 0.0703125
3 0.4703125 0.9703125 0.028125 0.059375
3 0.43203125 0.0859375 0.0328125 0.078125
3 0.0921875 0.6703125 0.0453125 0.0484375
3 0.23046875 0.72578125 0.0453125 0.0515625
3 0.49765625 0.93828125 0.028125 0.0703125
4 0.6890625 0.18671875 0.015625 0.021875
4 0.96484375 0.409375 0.0171875 0.0234375
3 0.13359375 0.784375 0.01875 0.0453125
3 0.153125 0.71328125 0.0421875 0.0375
4 0.06796875 0.94921875 0.01875 0.0203125
4 0.1640625 0.875 0.0125 0.015625
4 0.2390625 0.8625 0.0109375 0.0109375
4 0.23671875 0.85234375 0.009375 0.015625
4 0.26484375 0.853125 0.0109375 0.01875
4 0.278125 0.86328125 0.0078125 0.0125
4 0.20546875 0.909375 0.0140625 0.015625
4 0.0625 0.4546875 0.0125 0.0125
4 0.00625 0.53671875 0.009375 0.01875
4 0.0828125 0.50625 0.0125 0.009375
4 0.08359375 0.37890625 0.0109375 0.0109375
4 0.14765625 0.45078125 0.0140625 0.0125
4 0.14765625 0.4625 0.0109375 0.015625
4 0.14296875 0.4828125 0.0140625 0.0140625
4 0.20390625 0.25625 0.0109375 0.0203125
4 0.6796875 0.03984375 0.0125 0.0171875
4 0.7875 0.115625 0.0109375 0.015625
4 0.846875 0.16484375 0.0109375 0.0140625
4 0.84765625 0.1765625 0.0109375 0.015625
4 0.81015625 0.2078125 0.0078125 0.0140625
4 0.809375 0.22109375 0.0125 0.01875
4 0.75 0.2265625 0.0109375 0.015625
4 0.77421875 0.15546875 0.0109375 0.0140625
4 0.771875 0.14453125 0.009375 0.0125
4 0.74140625 0.11171875 0.0125 0.0125
4 0.69296875 0.06328125 0.0125 0.01875
4 0.7 0.0671875 0.0125 0.01875
4 0.5859375 0.06484375 0.009375 0.0203125
4 0.596875 0.12578125 0.0140625 0.0234375
4 0.55546875 0.26328125 0.0078125 0.01875
1 0.69140625 0.46953125 0.0265625 0.0234375
4 0.884375 0.7171875 0.00625 0.0109375
4 0.878125 0.71484375 0.0078125 0.015625
4 0.8359375 0.72578125 0.009375 0.015625
4 0.825 0.7515625 0.0140625 0.01875
4 0.91171875 0.79296875 0.0140625 0.0171875
4 0.9109375 0.8046875 0.0125 0.0125
4 0.68984375 0.6953125 0.0078125 0.0125
4 0.6546875 0.67890625 0.00625 0.0109375
4 0.6609375 0.684375 0.00625 0.0109375
4 0.6515625 0.66484375 0.00625 0.0125
4 0.7078125 0.6859375 0.0078125 0.0140625
4 0.71015625 0.70078125 0.009375 0.015625