3 0.4921875 0.55078125 0.0390625 0.03671875
3 0.9 0.51171875 0.04296875 0.03671875
3 0.9125 0.59296875 0.03671875 0.03046875
3 0.7921875 0.5859375 0.04140625 0.03828125
3 0.59375 0.603125 0.03828125 0.03359375
3 0.33984375 0.65859375 0.04140625 0.04375
3 0.18203125 0.52109375 0.03984375 0.04296875
3 0.13984375 0.69609375 0.034375 0.03671875
3 0.18671875 0.6765625 0.03671875 0.04375
3 0.13828125 0.64375 0.03984375 0.04296875
3 0.98125 0.63203125 0.03671875 0.034375
3 0.54765625 0.4859375 0.04375 0.0359375
3 0.2625 0.578125 0.0421875 0.04453125
3 0.38515625 0.52578125 0.03984375 0.04296875
3 0.61484375 0.52265625 0.0421875 0.0359375
3 0.7203125 0.48203125 0.0453125 0.03515625
3 0.08203125 0.72578125 0.04609375 0.0484375
3 0.40703125 0.028125 0.02109375 0.05546875
3 0.5171875 0.90546875 0.0203125 0.06875
3 0.41328125 0.46171875 0.04140625 0.040625
3 0.49921875 0.97421875 0.01953125 0.04921875
3 0.4890625 0.88203125 0.01796875 0.0703125
3 0.01640625 0.815625 0.0328125 0.04375
3 0.38046875 0.01171875 0.0234375 0.0234375
3 0.41015625 0.13046875 0.01953125 0.071875
3 0.3859375 0.13203125 0.01640625 0.0703125
4 0.80390625 0.08203125 0.01171875 0.01640625
4 0.68671875 0.11640625 0.01328125 0.01875
4 0.80546875 0.70546875 0.01171875 0.01875
4 0.7390625 0.69140625 0.01015625 0.01328125
4 0.78671875 0.16171875 0.01171875 0.01328125
4 0.5546875 0.25703125 0.0109375 0.01484375
4 0.5921875 0.18125 0.00859375 0.0140625
4 0.88984375 0.23125 0.01015625 0.01796875