3 0.1765625 0.71171875 0.065625 0.065625
3 0.44375 0.83125 0.0296875 0.075
3 0.23125 0.62734375 0.0484375 0.0546875
3 0.53046875 0.96640625 0.0296875 0.065625
6 0.48359375 0.9484375 0.0453125 0.103125
3 0.46171875 0.24765625 0.040625 0.0859375
3 0.4890625 0.7546875 0.0375 0.08125
3 0.36640625 0.11171875 0.0390625 0.0984375
3 0.95546875 0.35703125 0.0671875 0.0484375
3 0.42421875 0.278125 0.034375 0.0734375
3 0.853125 0.46328125 0.0421875 0.0421875
3 0.43359375 0.44921875 0.040625 0.1
3 0.4734375 0.51015625 0.03125 0.0859375
3 0.4015625 0.3171875 0.0390625 0.09375
3 0.82890625 0.50703125 0.0421875 0.040625
3 0.70234375 0.48671875 0.0671875 0.0375
3 0.8984375 0.46796875 0.040625 0.0375
3 0.7140625 0.5265625 0.053125 0.0484375
3 0.43984375 0.6328125 0.028125 0.06875
3 0.76171875 0.4921875 0.0453125 0.0421875
3 0.5 0.62265625 0.0296875 0.0640625
3 0.2328125 0.67890625 0.0453125 0.046875
3 0.94375 0.5234375 0.0453125 0.0421875
2 0.7765625 0.44296875 0.1015625 0.0734375
2 0.5078125 0.396875 0.05625 0.2625
3 0.69375 0.4421875 0.0671875 0.05
3 0.35390625 0.7140625 0.0421875 0.0484375