3 0.4984375 0.5515625 0.04375 0.040625
3 0.8984375 0.4625 0.046875 0.0421875
3 0.92109375 0.5421875 0.040625 0.034375
3 0.80078125 0.55 0.0453125 0.04375
3 0.60546875 0.590625 0.0421875 0.0375
3 0.36015625 0.6765625 0.046875 0.0484375
3 0.18671875 0.559375 0.0453125 0.046875
3 0.16640625 0.73828125 0.0390625 0.040625
3 0.2109375 0.71328125 0.0421875 0.0484375
3 0.15859375 0.68671875 0.0453125 0.046875
3 0.98671875 0.57265625 0.0265625 0.0390625
3 0.5453125 0.48046875 0.0484375 0.040625
3 0.2734375 0.60625 0.046875 0.05
3 0.3890625 0.53984375 0.0453125 0.046875
3 0.61640625 0.50859375 0.046875 0.040625
3 0.71640625 0.45546875 0.05 0.040625
3 0.1125 0.775 0.0515625 0.053125
3 0.35 0.04296875 0.028125 0.0578125
3 0.56640625 0.9 0.028125 0.0703125
3 0.409375 0.47265625 0.0453125 0.0453125
3 0.55703125 0.97109375 0.025 0.0515625
3 0.5359375 0.88046875 0.0265625 0.071875
3 0.05859375 0.871875 0.0375 0.046875
3 0.321875 0.0296875 0.0265625 0.0265625
3 0.365625 0.14453125 0.028125 0.0734375
3 0.3421875 0.1484375 0.025 0.071875
4 0.75078125 0.0484375 0.0140625 0.0171875
4 0.63828125 0.096875 0.015625 0.0203125
4 0.828125 0.66640625 0.0140625 0.0203125
4 0.7609375 0.6609375 0.0109375 0.0140625
4 0.74296875 0.1296875 0.0125 0.0140625
4 0.525 0.25234375 0.0125 0.015625
4 0.55234375 0.17265625 0.0109375 0.015625
4 0.85390625 0.1859375 0.0125 0.01875