3 0.9 0.4890625 0.03671875 0.03125
3 0.82734375 0.5234375 0.03828125 0.0390625
3 0.9421875 0.546875 0.03984375 0.0359375
3 0.34375 0.70703125 0.0375 0.0390625
3 0.225 0.66796875 0.03828125 0.03828125
3 0.8515625 0.48125 0.0421875 0.03984375
3 0.76171875 0.50546875 0.03984375 0.03671875
3 0.43125 0.62890625 0.01796875 0.065625
3 0.40625 0.3234375 0.01953125 0.06875
3 0.46953125 0.50859375 0.0203125 0.06953125
3 0.49453125 0.6234375 0.0203125 0.0609375
3 0.22421875 0.61796875 0.03828125 0.04375
3 0.43046875 0.4609375 0.0203125 0.07109375
3 0.709375 0.5390625 0.0390625 0.0390625
3 0.4765625 0.753125 0.02109375 0.071875
3 0.50703125 0.96640625 0.0234375 0.06484375
3 0.42578125 0.828125 0.01953125 0.0703125
3 0.75625 0.54921875 0.03671875 0.0359375
3 0.4703125 0.253125 0.01796875 0.07421875
3 0.7 0.49921875 0.04375 0.0359375
3 0.38125 0.1109375 0.02421875 0.0859375
3 0.43046875 0.28515625 0.02109375 0.06640625
4 0.84609375 0.84140625 0.01328125 0.01484375
4 0.60390625 0.31953125 0.00859375 0.015625
4 0.08046875 0.87109375 0.01328125 0.01484375
3 0.4078125 0.58203125 0.01640625 0.06875
4 0.1046875 0.365625 0.01015625 0.0140625
3 0.98828125 0.51640625 0.02109375 0.03359375
4 0.71171875 0.76796875 0.0109375 0.01796875
4 0.73125 0.73125 0.01171875 0.01796875
4 0.68359375 0.18359375 0.01015625 0.0140625
4 0.0296875 0.45625 0.0109375 0.0140625
4 0.94296875 0.26953125 0.01328125 0.015625
4 0.90390625 0.16484375 0.0125 0.01875
4 0.9328125 0.8484375 0.01171875 0.01484375
4 0.78125 0.73671875 0.01171875 0.01640625
4 0.8453125 0.15390625 0.01328125 0.01953125