3 0.4859375 0.54921875 0.04375 0.040625
3 0.8953125 0.56015625 0.046875 0.0421875
3 0.8984375 0.6421875 0.040625 0.034375
3 0.7796875 0.62109375 0.0453125 0.04375
3 0.58046875 0.6140625 0.0421875 0.0375
3 0.321875 0.63828125 0.046875 0.0484375
3 0.18203125 0.48203125 0.0453125 0.046875
3 0.11875 0.65078125 0.0390625 0.040625
3 0.1671875 0.63671875 0.0421875 0.0484375
3 0.1234375 0.5984375 0.0453125 0.046875
3 0.96171875 0.68984375 0.040625 0.0390625
3 0.54921875 0.4921875 0.0484375 0.040625
3 0.2546875 0.5484375 0.046875 0.05
3 0.3828125 0.51171875 0.0453125 0.046875
3 0.6109375 0.53671875 0.046875 0.040625
3 0.72109375 0.509375 0.05 0.040625
3 0.0578125 0.6734375 0.0515625 0.053125
3 0.4640625 0.02421875 0.028125 0.0484375
3 0.46796875 0.9046875 0.028125 0.0703125
3 0.41875 0.4515625 0.0453125 0.0453125
3 0.44140625 0.9703125 0.025 0.0515625
3 0.44296875 0.878125 0.0265625 0.071875
3 0.43984375 0.00703125 0.0265625 0.0140625
3 0.45625 0.12265625 0.028125 0.0734375
3 0.43125 0.12109375 0.025 0.071875
4 0.85234375 0.121875 0.0140625 0.0171875
4 0.73203125 0.1421875 0.015625 0.0203125
4 0.778125 0.74140625 0.0140625 0.0203125
4 0.7140625 0.71875 0.0109375 0.0140625
4 0.82578125 0.19921875 0.0125 0.0140625
4 0.58359375 0.265625 0.0125 0.015625
4 0.63046875 0.19453125 0.0109375 0.015625
4 0.91953125 0.28046875 0.0125 0.01875