3 0.165625 0.69453125 0.0625 0.0625
3 0.4265625 0.828125 0.0265625 0.07421875
3 0.225 0.61328125 0.0453125 0.053125
3 0.50625 0.9671875 0.0265625 0.06484375
6 0.46015625 0.9484375 0.040625 0.103125
3 0.475 0.24609375 0.0359375 0.084375
3 0.47578125 0.75390625 0.03359375 0.0796875
3 0.38671875 0.10546875 0.03359375 0.09609375
3 0.9625 0.38125 0.06484375 0.0453125
3 0.4359375 0.27421875 0.03125 0.071875
3 0.8546875 0.48203125 0.040625 0.040625
3 0.4359375 0.44609375 0.0359375 0.0984375
3 0.47265625 0.50859375 0.0265625 0.084375
3 0.4109375 0.3125 0.03359375 0.09140625
3 0.828125 0.52421875 0.040625 0.03828125
3 0.703125 0.49765625 0.065625 0.03359375
3 0.89921875 0.4890625 0.03828125 0.0359375
3 0.7125 0.5375 0.05078125 0.0453125
3 0.4328125 0.6296875 0.02421875 0.0671875
3 0.76171875 0.50625 0.04296875 0.040625
3 0.49375 0.62265625 0.0265625 0.0625
3 0.2234375 0.66484375 0.04296875 0.0453125
3 0.9421875 0.546875 0.04296875 0.040625
2 0.77890625 0.4578125 0.0984375 0.06875
2 0.51328125 0.39765625 0.0421875 0.2609375
3 0.696875 0.45234375 0.06484375 0.046875
3 0.34296875 0.70625 0.0390625 0.04609375