3 0.22265625 0.696875 0.04140625 0.04375
3 0.19453125 0.65234375 0.0390625 0.046875
3 0.13984375 0.67421875 0.04140625 0.0515625
3 0.4765625 0.60625 0.0203125 0.06796875
3 0.43359375 0.60078125 0.021875 0.06875
3 0.421875 0.08515625 0.02578125 0.0890625
3 0.5046875 0.7046875 0.02265625 0.0703125
3 0.79375 0.44453125 0.04609375 0.04296875
3 0.2375 0.62734375 0.03984375 0.04453125
3 0.83828125 0.559375 0.04296875 0.03671875
3 0.403125 0.3296875 0.0203125 0.06875
3 0.48203125 0.7859375 0.02421875 0.06875
3 0.55390625 0.36953125 0.0421875 0.059375
3 0.5140625 0.91328125 0.02421875 0.075
3 0.70703125 0.49609375 0.0484375 0.0515625
3 0.290625 0.48828125 0.03671875 0.05546875
3 0.984375 0.54375 0.02734375 0.03125
3 0.41171875 0.659375 0.0203125 0.07109375
3 0.60546875 0.4109375 0.04765625 0.05078125
3 0.00546875 0.7734375 0.0109375 0.08359375
3 0.60546875 0.9125 0.02578125 0.17109375
3 0.8203125 0.50859375 0.04296875 0.04296875
3 0.39453125 0.16484375 0.0203125 0.06953125
3 0.49140625 0.390625 0.025 0.0734375
3 0.46796875 0.95234375 0.01953125 0.08046875
3 0.49140625 0.9859375 0.0203125 0.02734375
3 0.696875 0.5328125 0.0375 0.04140625
3 0.42421875 0.29140625 0.01875 0.07265625
4 0.10546875 0.3421875 0.01015625 0.01171875
4 0.1375 0.44296875 0.009375 0.0125
4 0.08671875 0.47890625 0.01171875 0.0140625
4 0.12109375 0.46640625 0.0078125 0.0125
4 0.1640625 0.4203125 0.01171875 0.01171875
4 0.17265625 0.4609375 0.00859375 0.0171875
4 0.17421875 0.43046875 0.0125 0.01015625
4 0.77421875 0.12421875 0.01328125 0.015625
4 0.759375 0.1421875 0.00703125 0.01328125
4 0.7625 0.17578125 0.0125 0.0203125
4 0.78046875 0.1578125 0.00859375 0.0171875
4 0.79140625 0.17890625 0.01171875 0.02265625
4 0.7265625 0.06796875 0.01015625 0.015625
4 0.7171875 0.09921875 0.01015625 0.01953125
4 0.75234375 0.10390625 0.0078125 0.0140625
4 0.7375 0.11875 0.0078125 0.0140625
4 0.74140625 0.125 0.00859375 0.01171875
4 0.69453125 0.15625 0.0109375 0.01640625
4 0.66328125 0.1609375 0.009375 0.01640625
4 0.6734375 0.115625 0.01171875 0.01484375
4 0.70546875 0.16484375 0.009375 0.015625
4 0.62578125 0.25234375 0.009375 0.01640625
4 0.575 0.18515625 0.009375 0.01796875
4 0.58359375 0.2171875 0.0109375 0.01875
4 0.91796875 0.02421875 0.0140625 0.02421875
4 0.9890625 0.25 0.01015625 0.0171875
4 0.95703125 0.175 0.01015625 0.01875
4 0.9671875 0.17109375 0.01015625 0.0171875
4 0.7515625 0.73046875 0.009375 0.01328125
4 0.76953125 0.73515625 0.00859375 0.01640625
4 0.73046875 0.72265625 0.01171875 0.01484375
4 0.73125 0.70234375 0.00859375 0.0109375
4 0.78359375 0.725 0.01015625 0.0140625
4 0.775 0.70703125 0.01171875 0.01484375
4 0.73984375 0.68828125 0.0078125 0.0109375
4 0.74453125 0.69921875 0.0125 0.01015625
4 0.815625 0.7484375 0.01015625 0.015625
4 0.86015625 0.73984375 0.01328125 0.01796875
4 0.8703125 0.7625 0.01171875 0.015625
4 0.88046875 0.81328125 0.01171875 0.01640625
4 0.96171875 0.83984375 0.01640625 0.01953125
4 0.06640625 0.89296875 0.01171875 0.015625
4 0.14765625 0.84453125 0.015625 0.0109375
4 0.14765625 0.853125 0.0125 0.0140625
4 0.115625 0.8953125 0.0125 0.01015625
4 0.1140625 0.90625 0.0125 0.01328125
4 0.1953125 0.853125 0.0109375 0.01484375
4 0.2140625 0.82890625 0.00703125 0.015625
4 0.2046875 0.8265625 0.009375 0.0125
4 0.26640625 0.8140625 0.00703125 0.015625
4 0.24140625 0.83203125 0.0109375 0.01484375
4 0.38671875 0.94453125 0.0078125 0.0140625