3 0.2 0.74453125 0.071875 0.071875
3 0.47890625 0.8359375 0.0375 0.078125
3 0.24609375 0.6546875 0.053125 0.059375
3 0.57890625 0.96015625 0.0359375 0.06875
6 0.5296875 0.94765625 0.05625 0.1046875
3 0.4359375 0.253125 0.0484375 0.0890625
3 0.515625 0.7546875 0.0453125 0.084375
3 0.3265625 0.128125 0.0484375 0.1
3 0.93828125 0.31015625 0.071875 0.0546875
3 0.4015625 0.28671875 0.0421875 0.0765625
3 0.84765625 0.4265625 0.046875 0.046875
3 0.428125 0.45703125 0.0515625 0.103125
3 0.47421875 0.5125 0.0390625 0.0875
3 0.3828125 0.32890625 0.046875 0.0953125
3 0.828125 0.47265625 0.046875 0.04375
3 0.7 0.465625 0.0703125 0.04375
3 0.89296875 0.4265625 0.04375 0.0421875
3 0.715625 0.50390625 0.0578125 0.053125
3 0.45390625 0.63828125 0.034375 0.0703125
3 0.759375 0.46484375 0.0484375 0.046875
3 0.51328125 0.621875 0.0359375 0.065625
3 0.25234375 0.70625 0.05 0.0515625
3 0.94375 0.47734375 0.0484375 0.046875
2 0.76875 0.41484375 0.1078125 0.0828125
2 0.496875 0.396875 0.0828125 0.2640625
3 0.68671875 0.421875 0.071875 0.05625
3 0.37734375 0.728125 0.0453125 0.0515625