3 0.203125 0.6703125 0.0453125 0.05
3 0.50546875 0.1015625 0.028125 0.06875
3 0.53828125 0.21875 0.0265625 0.0734375
3 0.23359375 0.5953125 0.0484375 0.0625
3 0.11953125 0.63984375 0.0453125 0.040625
3 0.178125 0.62578125 0.04375 0.0484375
3 0.3890625 0.75703125 0.0328125 0.08125
3 0.87734375 0.5609375 0.0453125 0.0421875
3 0.3484375 0.415625 0.0390625 0.0640625
3 0.465625 0.65546875 0.0265625 0.0625
3 0.19453125 0.5234375 0.05 0.053125
3 0.425 0.61953125 0.028125 0.0765625
3 0.71640625 0.47734375 0.0453125 0.04375
3 0.8109375 0.59140625 0.0453125 0.040625
3 0.6984375 0.5625 0.0453125 0.0375
3 0.97265625 0.61796875 0.0328125 0.0328125
3 0.75625 0.57109375 0.053125 0.046875
3 0.40859375 0.184375 0.0296875 0.0578125
3 0.02109375 0.7234375 0.0421875 0.04375
3 0.82109375 0.5453125 0.03125 0.0375
3 0.7671875 0.5296875 0.0453125 0.040625
3 0.709375 0.5140625 0.040625 0.040625
3 0.55546875 0.02734375 0.0265625 0.05
3 0.45390625 0.84375 0.028125 0.0796875
3 0.4 0.91953125 0.028125 0.065625
3 0.42265625 0.95 0.0296875 0.090625
3 0.371875 0.97421875 0.021875 0.03125
3 0.05546875 0.6703125 0.0546875 0.0453125
4 0.18984375 0.80625 0.0125 0.0171875
4 0.2125 0.7765625 0.0140625 0.0171875
4 0.2171875 0.8046875 0.009375 0.0125
4 0.2171875 0.81484375 0.0109375 0.015625
4 0.06796875 0.8390625 0.0171875 0.0171875
4 0.09921875 0.840625 0.015625 0.0171875
4 0.10078125 0.85234375 0.0125 0.0109375
4 0.0390625 0.4453125 0.0109375 0.0125
4 0.04140625 0.38125 0.009375 0.009375
4 0.0703125 0.46328125 0.0125 0.0140625
4 0.1140625 0.4234375 0.0140625 0.0125
4 0.11953125 0.44453125 0.0140625 0.015625
4 0.14453125 0.3765625 0.0140625 0.015625
4 0.596875 0.24296875 0.009375 0.0109375
4 0.59140625 0.221875 0.0109375 0.01875
4 0.58671875 0.26015625 0.0078125 0.0140625
4 0.59609375 0.2703125 0.009375 0.015625
4 0.6171875 0.25234375 0.009375 0.0140625
4 0.621875 0.33125 0.0109375 0.01875
4 0.65625 0.15703125 0.0078125 0.0140625
4 0.65390625 0.17109375 0.0109375 0.01875
4 0.68046875 0.17421875 0.0109375 0.0171875
4 0.63828125 0.1578125 0.0109375 0.0140625
4 0.74921875 0.21171875 0.0109375 0.01875
4 0.75390625 0.23046875 0.0140625 0.0171875
4 0.88046875 0.24765625 0.0125 0.015625
4 0.93671875 0.19921875 0.009375 0.0140625
4 0.803125 0.23203125 0.0109375 0.0125
4 0.81171875 0.23203125 0.0109375 0.01875
4 0.82890625 0.21328125 0.009375 0.015625
4 0.82734375 0.2046875 0.0109375 0.0140625
4 0.97578125 0.13359375 0.0140625 0.025
4 0.9984375 0.3125 0.003125 0.01875
4 0.84140625 0.78046875 0.0078125 0.0109375
4 0.8328125 0.778125 0.009375 0.0140625
4 0.7578125 0.83125 0.0109375 0.015625
4 0.740625 0.7703125 0.0140625 0.0171875
4 0.734375 0.75 0.0109375 0.0140625
4 0.721875 0.72890625 0.0125 0.015625