3 0.47265625 0.403125 0.0421875 0.0703125
3 0.1515625 0.31484375 0.0359375 0.034375
3 0.42890625 0.78515625 0.0359375 0.0703125
3 0.7734375 0.290625 0.03125 0.0296875
3 0.26015625 0.48203125 0.0578125 0.0484375
3 0.43359375 0.61484375 0.0375 0.0625
3 0.5 0.55859375 0.0265625 0.053125
3 0.36875 0.459375 0.0421875 0.0375
3 0.75 0.45390625 0.034375 0.03125
2 0.67421875 0.38359375 0.1109375 0.0703125
2 0.27734375 0.38359375 0.178125 0.0625
2 0.075 0.2671875 0.0984375 0.0765625
3 0.41875 0.37265625 0.0375 0.0375
3 0.659375 0.4859375 0.0421875 0.034375
3 0.8578125 0.46484375 0.034375 0.034375
3 0.90703125 0.45625 0.03125 0.034375
3 0.51484375 0.2796875 0.0421875 0.034375
3 0.3265625 0.31171875 0.0375 0.0328125
3 0.06875 0.4359375 0.0453125 0.0328125
3 0.11875 0.4390625 0.0578125 0.0359375
3 0.17265625 0.44609375 0.034375 0.03125
3 0.21796875 0.4578125 0.053125 0.0359375
3 0.26328125 0.45234375 0.040625 0.034375
3 0.31484375 0.45546875 0.03125 0.0296875
3 0.5859375 0.32578125 0.0328125 0.03125
3 0.5859375 0.29921875 0.0421875 0.0328125
3 0.63046875 0.3046875 0.0328125 0.028125
3 0.68125 0.31171875 0.0421875 0.034375