3 0.4375 0.50078125 0.046875 0.04375
3 0.90625 0.5671875 0.0421875 0.0375
3 0.421875 0.3875 0.0484375 0.0671875
3 0.62265625 0.61953125 0.05 0.0546875
3 0.25390625 0.65234375 0.05 0.046875
3 0.78203125 0.5984375 0.04375 0.0375
3 0.5234375 0.7421875 0.0421875 0.071875
3 0.06015625 0.42421875 0.0515625 0.046875
3 0.615625 0.52578125 0.04375 0.0453125
3 0.5859375 0.06484375 0.034375 0.08125
3 0.4921875 0.97734375 0.03125 0.0453125
3 0.5234375 0.9875 0.028125 0.025
4 0.421875 0.1671875 0.0125 0.01875