3 0.6453125 0.453125 0.0390625 0.0453125
3 0.95625 0.54375 0.0484375 0.0390625
3 0.68125 0.6765625 0.0421875 0.046875
3 0.840625 0.5375 0.04375 0.0359375
3 0.2671875 0.48671875 0.0515625 0.04375
3 0.753125 0.53203125 0.0453125 0.0359375
3 0.45234375 0.853125 0.0359375 0.0734375
3 0.0609375 0.44765625 0.0515625 0.0453125
3 0.56328125 0.0609375 0.0296875 0.0796875
3 0.5171875 0.91484375 0.0328125 0.084375
3 0.5546875 0.80625 0.0296875 0.0796875
3 0.584375 0.87734375 0.03125 0.0828125
4 0.4234375 0.209375 0.0125 0.0203125
4 0.72265625 0.1203125 0.0125 0.0265625