3 0.75234375 0.4671875 0.053125 0.0453125
3 0.9546875 0.46484375 0.0484375 0.040625
3 0.8734375 0.46484375 0.05078125 0.040625
3 0.75234375 0.51796875 0.053125 0.0453125
3 0.97109375 0.51328125 0.053125 0.0453125
3 0.8125 0.50703125 0.053125 0.04296875
3 0.56640625 0.9734375 0.03125 0.053125
3 0.9109375 0.5515625 0.0578125 0.0453125
3 0.81484375 0.46484375 0.053125 0.040625
2 0.82578125 0.553125 0.103125 0.04296875
3 0.271875 0.58984375 0.0484375 0.05078125
3 0.86875 0.50625 0.03984375 0.0375
3 0.9203125 0.50703125 0.0453125 0.04140625
3 0.2796875 0.63828125 0.04375 0.034375
3 0.28359375 0.684375 0.05078125 0.0375
3 0.6375 0.75703125 0.05390625 0.06015625