3 0.28359375 0.6140625 0.0484375 0.0453125
3 0.75234375 0.48984375 0.053125 0.0453125
3 0.94765625 0.41875 0.05 0.0421875
3 0.80546875 0.43203125 0.0453125 0.0375
3 0.74609375 0.44375 0.053125 0.0453125
3 0.9671875 0.46171875 0.0515625 0.04375
3 0.303125 0.70546875 0.0484375 0.040625
3 0.86875 0.42734375 0.0515625 0.0421875
3 0.86328125 0.471875 0.0453125 0.04375
3 0.29296875 0.6609375 0.05 0.040625
3 0.659375 0.7453125 0.0359375 0.0703125
3 0.9171875 0.46328125 0.0484375 0.0375
3 0.8078125 0.47421875 0.0484375 0.0421875
3 0.91953125 0.50859375 0.0484375 0.0390625
3 0.61328125 0.96640625 0.028125 0.0484375
4 0.3546875 0.26796875 0.0140625 0.01875
4 0.34921875 0.34609375 0.0125 0.0203125
4 0.24375 0.165625 0.009375 0.021875