3 0.27265625 0.59296875 0.04375 0.04140625
3 0.4015625 0.70859375 0.04140625 0.04375
3 0.35234375 0.43359375 0.046875 0.046875
3 0.24453125 0.46640625 0.04453125 0.03671875
3 0.9546875 0.46640625 0.04609375 0.03515625
3 0.75078125 0.47109375 0.04921875 0.0390625
3 0.27578125 0.6390625 0.04375 0.0390625
3 0.753125 0.51875 0.04921875 0.040625
3 0.875 0.46953125 0.0484375 0.0359375
3 0.57890625 0.07421875 0.0234375 0.0734375
3 0.81171875 0.465625 0.0421875 0.03203125
3 0.86484375 0.5109375 0.0421875 0.03984375
3 0.9703125 0.51328125 0.0484375 0.03984375
3 0.91953125 0.50859375 0.04453125 0.034375
3 0.5140625 0.74296875 0.0203125 0.0765625
3 0.81015625 0.50703125 0.04453125 0.03671875
3 0.53359375 0.96796875 0.0234375 0.06171875
3 0.9140625 0.55546875 0.05234375 0.03359375
3 0.50078125 0.52890625 0.02109375 0.0734375
3 0.56484375 0.9765625 0.0234375 0.04375