3 0.73515625 0.6265625 0.0390625 0.0328125
3 0.390625 0.421875 0.0453125 0.0578125
3 0.90546875 0.5328125 0.0453125 0.0328125
3 0.84765625 0.53515625 0.046875 0.0375
3 0.7921875 0.5296875 0.0453125 0.0328125
3 0.2203125 0.57890625 0.0453125 0.0390625
3 0.75234375 0.575 0.046875 0.0359375
3 0.08671875 0.57109375 0.0546875 0.0453125
3 0.72890625 0.53125 0.0421875 0.0359375
3 0.26484375 0.46015625 0.0421875 0.0375
3 0.1578125 0.490625 0.05625 0.0453125
3 0.15859375 0.57421875 0.046875 0.0375
3 0.9734375 0.5375 0.0484375 0.0375
3 0.79921875 0.49140625 0.0421875 0.0328125
3 0.53359375 0.4578125 0.0234375 0.078125
3 0.28515625 0.59140625 0.05 0.040625
3 0.4546875 0.334375 0.028125 0.0671875
3 0.7484375 0.4890625 0.0421875 0.0296875
3 0.58515625 0.22109375 0.021875 0.059375
3 0.4953125 0.14921875 0.025 0.0765625