3 0.428125 0.51484375 0.0484375 0.0421875
3 0.17890625 0.4484375 0.0546875 0.046875
3 0.6203125 0.6703125 0.0453125 0.0375
3 0.1953125 0.5421875 0.0546875 0.046875
3 0.1078125 0.621875 0.046875 0.040625
3 0.81796875 0.5734375 0.0484375 0.0390625
3 0.8078125 0.665625 0.046875 0.0359375
3 0.025 0.55 0.0484375 0.04375
3 0.62421875 0.54609375 0.046875 0.040625
3 0.70703125 0.66640625 0.0453125 0.040625
3 0.584375 0.09921875 0.03125 0.0734375
3 0.44921875 0.596875 0.046875 0.04375
3 0.60546875 0.36875 0.0390625 0.0796875
3 0.546875 0.61875 0.046875 0.040625
3 0.97734375 0.596875 0.03125 0.0421875
3 0.00703125 0.49375 0.0140625 0.040625
4 0.346875 0.2171875 0.0140625 0.01875
3 0.73125 0.60625 0.0484375 0.0421875