3 0.7390625 0.61796875 0.0375 0.03203125
3 0.38828125 0.42578125 0.04296875 0.05703125
3 0.90625 0.51875 0.04453125 0.03125
3 0.8484375 0.52265625 0.0453125 0.0359375
3 0.79296875 0.51953125 0.04453125 0.03203125
3 0.2234375 0.58828125 0.04453125 0.03828125
3 0.7546875 0.56640625 0.04609375 0.03359375
3 0.0890625 0.58515625 0.05390625 0.04296875
3 0.7296875 0.5234375 0.04140625 0.03515625
3 0.26328125 0.46875 0.04140625 0.03671875
3 0.1578125 0.50234375 0.0546875 0.04375
3 0.16171875 0.5859375 0.0453125 0.0359375
3 0.97421875 0.52109375 0.04765625 0.03515625
3 0.7984375 0.48125 0.04140625 0.03203125
3 0.53203125 0.45703125 0.02109375 0.078125
3 0.28828125 0.59921875 0.0484375 0.03828125
3 0.44921875 0.3359375 0.02578125 0.065625
3 0.74765625 0.48046875 0.040625 0.028125
3 0.575 0.21796875 0.01953125 0.05859375
3 0.4828125 0.14921875 0.02265625 0.0765625