3 0.7625 0.53828125 0.04765625 0.0359375
3 0.2109375 0.57421875 0.0421875 0.03984375
3 0.26171875 0.63359375 0.04609375 0.03828125
3 0.94140625 0.4890625 0.04453125 0.03359375
3 0.2671875 0.58125 0.046875 0.03984375
3 0.81640625 0.49140625 0.03984375 0.03359375
3 0.884375 0.48359375 0.04453125 0.03828125
3 0.81328125 0.45078125 0.0421875 0.0296875
2 0.02578125 0.62734375 0.0515625 0.0578125
3 0.59921875 0.36796875 0.03046875 0.0546875
3 0.63125 0.7734375 0.02421875 0.06875
3 0.75390625 0.45625 0.04140625 0.034375
3 0.51796875 0.03125 0.0203125 0.0625
3 0.4734375 0.2984375 0.01953125 0.07578125
3 0.5203125 0.72578125 0.02265625 0.078125
3 0.5328125 0.43515625 0.02421875 0.08125
3 0.7515625 0.49453125 0.04140625 0.03046875
3 0.50859375 0.190625 0.0171875 0.06953125
3 0.49296875 0.01328125 0.01953125 0.0265625
4 0.203125 0.18359375 0.0109375 0.02890625
4 0.68125 0.08203125 0.01015625 0.02421875
4 0.70625 0.128125 0.01015625 0.021875
4 0.39609375 0.28046875 0.01015625 0.021875