3 0.43359375 0.3578125 0.03359375 0.06796875
3 0.834375 0.5515625 0.0421875 0.034375
3 0.76171875 0.50625 0.03984375 0.03828125
3 0.69140625 0.571875 0.04375 0.0453125
3 0.578125 0.51171875 0.040625 0.04296875
3 0.6 0.98359375 0.0265625 0.03203125
3 0.5671875 0.9734375 0.02421875 0.053125
3 0.59765625 0.659375 0.04140625 0.0640625
3 0.26875 0.9890625 0.01875 0.02109375
3 0.2140625 0.5046875 0.04765625 0.04609375
3 0.28046875 0.690625 0.04609375 0.04296875
3 0.515625 0.046875 0.0234375 0.08203125
4 0.9671875 0.371875 0.01015625 0.015625
4 0.64140625 0.12109375 0.00859375 0.0234375
4 0.63515625 0.18671875 0.00625 0.01796875
4 0.6375 0.1625 0.009375 0.01875
4 0.6265625 0.2015625 0.00859375 0.01875
4 0.70234375 0.14375 0.0078125 0.02421875
4 0.68828125 0.07421875 0.00703125 0.0171875
4 0.67578125 0.02890625 0.00703125 0.021875
4 0.68203125 0.0171875 0.00546875 0.02265625
4 0.64140625 0.04296875 0.009375 0.01953125
4 0.703125 0.06328125 0.01015625 0.021875