3 0.23046875 0.38203125 0.046875 0.0421875
2 0.03359375 0.62578125 0.0671875 0.0671875
3 0.26328125 0.6625 0.046875 0.040625
3 0.51015625 0.8140625 0.0328125 0.0765625
3 0.16953125 0.4609375 0.0421875 0.0421875
3 0.5671875 0.51875 0.0453125 0.04375
3 0.63203125 0.60078125 0.04375 0.05
3 0.5625 0.059375 0.0296875 0.0796875
3 0.5171875 0.9765625 0.028125 0.046875
3 0.54375 0.0140625 0.0265625 0.028125
2 0.44453125 0.92265625 0.04375 0.1484375
3 0.740625 0.5734375 0.046875 0.040625
3 0.01484375 0.4421875 0.028125 0.040625
3 0.54921875 0.9859375 0.0265625 0.028125
4 0.715625 0.03828125 0.0109375 0.0203125
4 0.665625 0.19765625 0.0125 0.0171875
4 0.73046875 0.16328125 0.0140625 0.0234375
2 0.940625 0.6921875 0.090625 0.084375