3 0.75390625 0.48046875 0.0546875 0.0484375
3 0.95625 0.4890625 0.05 0.04375
3 0.875 0.484375 0.053125 0.04375
3 0.75078125 0.53125 0.0546875 0.0484375
3 0.96953125 0.53828125 0.0546875 0.0484375
3 0.81171875 0.5234375 0.0546875 0.0453125
3 0.540625 0.97421875 0.034375 0.0515625
3 0.9078125 0.57265625 0.059375 0.0484375
3 0.81640625 0.48125 0.0546875 0.04375
2 0.82265625 0.5703125 0.1046875 0.0484375
3 0.2671875 0.578125 0.0515625 0.053125
3 0.86796875 0.52578125 0.0421875 0.0390625
3 0.91953125 0.52890625 0.046875 0.04375
3 0.27265625 0.6265625 0.0453125 0.0359375
3 0.27421875 0.67265625 0.053125 0.040625
3 0.62421875 0.7640625 0.05625 0.0625