3 0.73828125 0.63515625 0.05 0.040625
3 0.75234375 0.5109375 0.05 0.0421875
3 0.03046875 0.48515625 0.046875 0.04375
3 0.490625 0.20078125 0.025 0.075
3 0.275 0.60625 0.046875 0.0421875
3 0.659375 0.70859375 0.034375 0.0609375
3 0.8078125 0.4953125 0.0453125 0.0390625
3 0.871875 0.4546875 0.05 0.040625
3 0.28203125 0.65546875 0.046875 0.0421875
3 0.7484375 0.4625 0.0515625 0.0421875
3 0.8640625 0.49765625 0.04375 0.0390625
3 0.46015625 0.08984375 0.0265625 0.0765625
3 0.96796875 0.49375 0.046875 0.0375
3 0.9171875 0.49375 0.0453125 0.0328125
3 0.80859375 0.4546875 0.04375 0.0328125
3 0.5203125 0.41171875 0.0296875 0.075
3 0.63515625 0.83046875 0.028125 0.0765625
3 0.578125 0.6671875 0.025 0.0765625
3 0.49140625 0.06953125 0.0234375 0.071875
3 0.64765625 0.9640625 0.025 0.05625
3 0.46640625 0.01328125 0.0234375 0.0265625
4 0.3765625 0.26953125 0.009375 0.0203125