3 0.2390625 0.36328125 0.05 0.0453125
2 0.03046875 0.5921875 0.0609375 0.071875
3 0.25234375 0.64609375 0.05 0.04375
3 0.48828125 0.8140625 0.0375 0.078125
3 0.17265625 0.43828125 0.0453125 0.0453125
3 0.565625 0.5234375 0.046875 0.0453125
3 0.625 0.61015625 0.046875 0.0515625
3 0.59296875 0.06484375 0.034375 0.08125
3 0.484375 0.97578125 0.03125 0.0484375
3 0.57734375 0.01875 0.028125 0.028125
2 0.415625 0.9171875 0.0546875 0.15
3 0.73515625 0.58984375 0.0484375 0.0421875
3 0.0203125 0.40859375 0.0296875 0.0421875
3 0.515625 0.98671875 0.028125 0.0265625
4 0.74765625 0.05390625 0.0125 0.0203125
4 0.6859375 0.21015625 0.0125 0.0171875
4 0.753125 0.18046875 0.015625 0.0234375
2 0.9265625 0.72265625 0.0953125 0.0890625