3 0.42734375 0.5125 0.0484375 0.0421875
3 0.18125 0.4375 0.05625 0.0484375
3 0.6140625 0.67421875 0.046875 0.0390625
3 0.19375 0.53125 0.0546875 0.046875
3 0.10390625 0.60859375 0.0484375 0.0421875
3 0.815625 0.584375 0.05 0.040625
3 0.8015625 0.6765625 0.046875 0.0375
3 0.0234375 0.5328125 0.046875 0.04375
3 0.62265625 0.55 0.046875 0.0421875
3 0.70078125 0.6734375 0.0453125 0.0421875
3 0.5984375 0.10234375 0.034375 0.0734375
3 0.4453125 0.5953125 0.0484375 0.0453125
3 0.61015625 0.37265625 0.0421875 0.0796875
3 0.54296875 0.6203125 0.046875 0.0421875
3 0.9734375 0.61328125 0.0328125 0.04375
3 0.0078125 0.4765625 0.015625 0.040625
4 0.35703125 0.21171875 0.0140625 0.0203125
3 0.72734375 0.6140625 0.0484375 0.0421875