3 0.2078125 0.46640625 0.05 0.0453125
2 0.0828125 0.76015625 0.090625 0.0734375
3 0.32109375 0.725 0.05 0.04375
3 0.6015625 0.796875 0.0390625 0.078125
3 0.17265625 0.559375 0.0453125 0.0453125
3 0.56953125 0.4984375 0.0484375 0.046875
3 0.65625 0.5578125 0.0484375 0.053125
3 0.43125 0.06015625 0.0359375 0.08125
3 0.65703125 0.95234375 0.03125 0.053125
3 0.4 0.02265625 0.028125 0.0296875
2 0.5703125 0.9203125 0.05625 0.15
3 0.7515625 0.5 0.0484375 0.04375
3 0.01953125 0.5859375 0.0296875 0.0421875
3 0.690625 0.95390625 0.028125 0.0375
4 0.5703125 0.00234375 0.0125 0.0046875
4 0.56953125 0.1625 0.0125 0.01875
4 0.621875 0.1109375 0.015625 0.0234375
2 0.96484375 0.5546875 0.0703125 0.090625