3 0.1765625 0.7015625 0.053125 0.053125
3 0.2890625 0.63828125 0.040625 0.0453125
3 0.78359375 0.45390625 0.0421875 0.0421875
3 0.25 0.61015625 0.046875 0.0484375
3 0.2390625 0.66484375 0.0453125 0.046875
3 0.17734375 0.64296875 0.046875 0.0484375
3 0.834375 0.45546875 0.046875 0.0390625
3 0.31484375 0.56875 0.0453125 0.040625
3 0.5265625 0.21484375 0.0265625 0.0734375
3 0.51875 0.63203125 0.03125 0.0671875
3 0.1140625 0.67734375 0.05 0.0515625
3 0.390625 0.0515625 0.028125 0.0734375
4 0.8640625 0.68203125 0.0140625 0.0203125
4 0.8125 0.64609375 0.015625 0.0203125
4 0.89609375 0.6953125 0.01875 0.0234375
4 0.64375 0.2125 0.0140625 0.0265625