3 0.2921875 0.5609375 0.04609375 0.046875
3 0.8640625 0.4484375 0.0421875 0.03671875
3 0.78984375 0.4859375 0.0421875 0.0359375
3 0.7875 0.44140625 0.04453125 0.03671875
3 0.22578125 0.58984375 0.03984375 0.040625
3 0.26015625 0.62421875 0.04453125 0.04921875
3 0.16953125 0.62109375 0.04453125 0.05
3 0.3203125 0.6609375 0.0421875 0.04375
3 0.209375 0.64921875 0.04140625 0.0453125
3 0.02421875 0.7359375 0.0484375 0.046875
3 0.50625 0.703125 0.02421875 0.0703125
3 0.58515625 0.6640625 0.02109375 0.06875
3 0.55390625 0.81015625 0.01875 0.07578125
3 0.52734375 0.85703125 0.01953125 0.07421875
4 0.6609375 0.18359375 0.01015625 0.015625
4 0.8265625 0.6734375 0.0125 0.01328125
4 0.81953125 0.69609375 0.01484375 0.01328125
4 0.20546875 0.8140625 0.01171875 0.01875
4 0.73671875 0.165625 0.01015625 0.01796875