3 0.22265625 0.49609375 0.04609375 0.04296875
3 0.09765625 0.62890625 0.04375 0.03828125
3 0.77734375 0.48828125 0.04375 0.03203125
3 0.27734375 0.63515625 0.0421875 0.04296875
3 0.91953125 0.5515625 0.04453125 0.0359375
3 0.6265625 0.6390625 0.04453125 0.0390625
3 0.8625 0.553125 0.04296875 0.03125
3 0.43203125 0.50625 0.0453125 0.0359375
3 0.625 0.78515625 0.0234375 0.071875
3 0.5671875 0.9734375 0.02421875 0.0515625
3 0.60078125 0.98203125 0.02421875 0.034375
4 0.65546875 0.04296875 0.00859375 0.02109375
4 0.69609375 0.13671875 0.00859375 0.02578125
4 0.32890625 0.2859375 0.01015625 0.015625
4 0.36328125 0.26171875 0.0109375 0.0203125
4 0.33359375 0.31171875 0.009375 0.01875