3 0.52265625 0.4375 0.03125 0.028125
3 0.86484375 0.40546875 0.028125 0.025
3 0.80546875 0.2953125 0.03125 0.025
3 0.13671875 0.48359375 0.0390625 0.0296875
3 0.39609375 0.51953125 0.0359375 0.0328125
3 0.8203125 0.40703125 0.03125 0.025
3 0.81015625 0.44296875 0.03125 0.0265625
3 0.271875 0.4765625 0.0375 0.03125
3 0.44765625 0.603125 0.021875 0.04375
3 0.45078125 0.75546875 0.021875 0.0625
3 0.0359375 0.3234375 0.0375 0.0265625
3 0.35625 0.4734375 0.0359375 0.0296875
3 0.50625 0.84140625 0.021875 0.0671875
3 0.71875 0.4203125 0.028125 0.025
3 0.5 0.76171875 0.01875 0.0640625
3 0.51328125 0.92109375 0.025 0.05
3 0.49375 0.66640625 0.01875 0.0515625
3 0.3171875 0.50546875 0.034375 0.03125
3 0.4875 0.33515625 0.0265625 0.040625
3 0.00546875 0.3578125 0.0109375 0.03125
3 0.6953125 0.4515625 0.0359375 0.028125
3 0.92109375 0.4015625 0.025 0.021875
4 0.60078125 0.8875 0.0078125 0.021875
4 0.42109375 0.71640625 0.0078125 0.01875
4 0.571875 0.79140625 0.0078125 0.01875
4 0.55234375 0.04609375 0.0078125 0.01875
4 0.065625 0.43125 0.0078125 0.0140625
4 0.41015625 0.97421875 0.0109375 0.01875
4 0.3921875 0.7828125 0.009375 0.021875
4 0.58125 0.83359375 0.0109375 0.0203125