3 0.2671875 0.57421875 0.046875 0.04375
3 0.75078125 0.53359375 0.0515625 0.04375
3 0.95546875 0.49765625 0.0484375 0.040625
3 0.8125 0.4859375 0.04375 0.0359375
3 0.75234375 0.48671875 0.0515625 0.04375
3 0.9671875 0.54375 0.05 0.0421875
3 0.2703125 0.66796875 0.0484375 0.0390625
3 0.87578125 0.49296875 0.05 0.040625
3 0.8625 0.53515625 0.0453125 0.0421875
3 0.26796875 0.62265625 0.0484375 0.0390625
3 0.6140625 0.76953125 0.0328125 0.0703125
3 0.9171875 0.5359375 0.046875 0.0359375
3 0.80703125 0.528125 0.046875 0.040625
3 0.91171875 0.58125 0.046875 0.0375
3 0.53046875 0.97734375 0.0265625 0.0453125
4 0.396875 0.24609375 0.0125 0.01875
4 0.378125 0.32265625 0.0109375 0.0203125
4 0.74453125 0.02734375 0.015625 0.0234375
4 0.30625 0.1265625 0.0078125 0.021875