3 0.26640625 0.5765625 0.046875 0.04375
3 0.3875 0.7015625 0.04375 0.046875
3 0.35703125 0.4234375 0.05 0.05
3 0.24765625 0.4484375 0.046875 0.0390625
3 0.95625 0.4984375 0.0484375 0.0390625
3 0.75234375 0.48828125 0.0515625 0.0421875
3 0.26640625 0.6234375 0.046875 0.0421875
3 0.7515625 0.53671875 0.0515625 0.04375
3 0.8765625 0.49609375 0.0515625 0.0390625
3 0.60859375 0.08046875 0.028125 0.075
3 0.81328125 0.4875 0.04375 0.034375
3 0.86328125 0.53671875 0.0453125 0.0421875
3 0.96796875 0.54609375 0.0515625 0.04375
3 0.91796875 0.5375 0.046875 0.0375
3 0.496875 0.74296875 0.025 0.078125
3 0.80859375 0.52890625 0.046875 0.0390625
3 0.5 0.96875 0.028125 0.0625
3 0.909375 0.584375 0.0546875 0.0375
3 0.4984375 0.52890625 0.0265625 0.075
3 0.53046875 0.978125 0.0265625 0.04375