3 0.153125 0.690625 0.05625 0.0625
3 0.271875 0.696875 0.0515625 0.05
3 0.72578125 0.5390625 0.0578125 0.05625
3 0.65390625 0.58359375 0.0484375 0.046875
3 0.4109375 0.64765625 0.0484375 0.0484375
3 0.74296875 0.48125 0.0765625 0.0765625
3 0.90390625 0.55546875 0.0515625 0.0546875
3 0.51640625 0.6328125 0.075 0.065625
3 0.725 0.68203125 0.0515625 0.0515625
3 0.86015625 0.50234375 0.0484375 0.046875
3 0.97265625 0.521875 0.0546875 0.05
3 0.246875 0.09921875 0.0375 0.084375
3 0.1875 0.07109375 0.034375 0.0578125
3 0.59453125 0.58359375 0.0515625 0.046875
3 0.1375 0.7671875 0.0515625 0.0546875
3 0.5421875 0.48203125 0.0515625 0.046875
3 0.39296875 0.9875 0.0328125 0.025
3 0.203125 0.17109375 0.0390625 0.0875
3 0.18359375 0.20546875 0.0328125 0.06875
3 0.28203125 0.3625 0.040625 0.06875
2 0.1609375 0.09765625 0.0484375 0.103125
3 0.73828125 0.83125 0.065625 0.08125
3 0.97890625 0.56640625 0.0421875 0.0703125
3 0.6109375 0.48671875 0.046875 0.046875
3 0.54609375 0.528125 0.0515625 0.0484375
3 0.534375 0.58671875 0.0484375 0.0421875
3 0.59765625 0.5359375 0.053125 0.0484375
3 0.6671875 0.48984375 0.053125 0.04375
3 0.65 0.53828125 0.0484375 0.0484375
3 0.8234375 0.546875 0.0546875 0.046875
3 0.09921875 0.5875 0.0578125 0.0578125
3 0.2671875 0.52578125 0.0453125 0.06875