3 0.1875 0.5390625 0.0390625 0.034375
3 0.796875 0.23203125 0.0359375 0.0296875
3 0.05234375 0.41171875 0.0421875 0.0390625
3 0.35234375 0.359375 0.0296875 0.0296875
3 0.2578125 0.34453125 0.0359375 0.0359375
3 0.2140625 0.57578125 0.04375 0.0375
3 0.4296875 0.3953125 0.03125 0.04375
3 0.3515625 0.5375 0.0375 0.034375
3 0.271875 0.51796875 0.0421875 0.0390625
3 0.09921875 0.38125 0.0359375 0.03125
3 0.32109375 0.50859375 0.040625 0.0328125
3 0.434375 0.56328125 0.0296875 0.05625
3 0.3046875 0.5453125 0.0421875 0.0375
3 0.54296875 0.78359375 0.0265625 0.0609375
3 0.26484375 0.5625 0.0421875 0.0375
3 0.5859375 0.97109375 0.0265625 0.0421875
3 0.36484375 0.5015625 0.0421875 0.034375
3 0.2296875 0.52890625 0.0390625 0.0328125
3 0.90078125 0.33671875 0.021875 0.025
4 0.3234375 0.08125 0.0140625 0.021875
4 0.4890625 0.86953125 0.0109375 0.01875
4 0.25625 0.0703125 0.009375 0.0171875
4 0.45859375 0.7484375 0.009375 0.0171875
4 0.69296875 0.20234375 0.0125 0.0203125
4 0.07265625 0.1671875 0.015625 0.0171875
3 0.5265625 0.69296875 0.025 0.0609375
4 0.421875 0.7125 0.009375 0.0171875
1 0.64609375 0.875 0.015625 0.028125