3 0.74375 0.428125 0.059375 0.053125
3 0.94375 0.39453125 0.0546875 0.0484375
3 0.86328125 0.40703125 0.05625 0.0484375
3 0.75234375 0.478125 0.059375 0.053125
3 0.9671875 0.4390625 0.059375 0.053125
3 0.809375 0.4578125 0.059375 0.05
3 0.63984375 0.95703125 0.0390625 0.0578125
3 0.9140625 0.48671875 0.0640625 0.053125
3 0.80546875 0.41640625 0.059375 0.0484375
2 0.83046875 0.5015625 0.1078125 0.0578125
3 0.2890625 0.62421875 0.05625 0.0578125
3 0.86484375 0.4484375 0.0453125 0.04375
3 0.91640625 0.44140625 0.0515625 0.0484375
3 0.30390625 0.67109375 0.0484375 0.040625
3 0.31484375 0.715625 0.05625 0.0453125
3 0.67578125 0.73203125 0.0625 0.0671875