3 0.35 0.49609375 0.0390625 0.0328125
3 0.55546875 0.471875 0.0328125 0.03125
3 0.67734375 0.421875 0.034375 0.0328125
3 0.4359375 0.48671875 0.0328125 0.0296875
3 0.74296875 0.4140625 0.0328125 0.0296875
3 0.83671875 0.403125 0.03125 0.028125
3 0.43359375 0.59765625 0.028125 0.0515625
3 0.53046875 0.5359375 0.0265625 0.0421875
3 0.471875 0.73828125 0.025 0.0671875
3 0.50703125 0.8234375 0.028125 0.0734375
3 0.3359375 0.5328125 0.04375 0.0390625
1 0.603125 0.92578125 0.0140625 0.028125
3 0.896875 0.39140625 0.0328125 0.03125
3 0.49921875 0.73359375 0.0234375 0.0671875
3 0.52734375 0.96015625 0.028125 0.078125
4 0.43046875 0.94453125 0.009375 0.015625
4 0.39375 0.9953125 0.009375 0.009375
4 0.40546875 0.9765625 0.0109375 0.0171875
4 0.42734375 0.88046875 0.0078125 0.01875
4 0.37734375 0.84921875 0.0078125 0.015625
4 0.35625 0.84453125 0.009375 0.0140625
4 0.39453125 0.7453125 0.0078125 0.015625
4 0.425 0.76015625 0.009375 0.0171875
4 0.4203125 0.76953125 0.0078125 0.0125
4 0.4265625 0.784375 0.009375 0.0171875
4 0.409375 0.81015625 0.00625 0.0171875
4 0.40703125 0.82109375 0.0078125 0.0140625
4 0.415625 0.83046875 0.00625 0.021875
4 0.4265625 0.8140625 0.00625 0.015625
4 0.41953125 0.803125 0.00625 0.015625
4 0.40546875 0.74765625 0.009375 0.0140625
4 0.4125 0.69609375 0.009375 0.0171875
4 0.40078125 0.659375 0.0109375 0.0171875
3 0.13671875 0.52265625 0.0421875 0.0359375
3 0.0234375 0.53671875 0.0390625 0.0265625
4 0.3296875 0.46640625 0.0078125 0.0125
4 0.3390625 0.46796875 0.0078125 0.0140625
4 0.346875 0.46484375 0.00625 0.01875
4 0.2765625 0.46328125 0.0125 0.0203125
4 0.12421875 0.47578125 0.0078125 0.0171875
4 0.10234375 0.128125 0.0046875 0.0109375
4 0.10703125 0.12890625 0.0078125 0.0125
4 0.1203125 0.1265625 0.009375 0.015625
4 0.2 0.09296875 0.009375 0.0171875
4 0.39921875 0.07734375 0.0078125 0.0171875
4 0.44296875 0.04140625 0.00625 0.015625
4 0.4171875 0.02578125 0.0078125 0.0171875
4 0.41875 0.0140625 0.00625 0.0140625
4 0.46171875 0.07578125 0.0078125 0.0171875
4 0.396875 0.090625 0.00625 0.0125
4 0.4859375 0.05 0.0078125 0.01875
4 0.521875 0.0546875 0.00625 0.0140625
4 0.525 0.0546875 0.0078125 0.0203125
4 0.49609375 0.08046875 0.0046875 0.0125
4 0.49921875 0.08125 0.0046875 0.015625
4 0.553125 0.07109375 0.0046875 0.0203125
4 0.55625 0.06875 0.0046875 0.0171875
4 0.72421875 0.07109375 0.0046875 0.0109375
4 0.79375 0.06328125 0.0078125 0.0203125
4 0.7515625 0.06875 0.0046875 0.0125
4 0.75546875 0.06875 0.003125 0.0109375
4 0.81953125 0.04921875 0.0078125 0.01875
4 0.84765625 0.06328125 0.009375 0.0203125
1 0.8296875 0.0359375 0.0140625 0.0171875
4 0.93359375 0.10546875 0.0078125 0.01875
4 0.665625 0.528125 0.00625 0.0203125
4 0.60625 0.68203125 0.009375 0.0234375
4 0.6140625 0.73046875 0.0078125 0.0203125
4 0.615625 0.76484375 0.0078125 0.021875
4 0.58828125 0.74921875 0.0078125 0.0171875
4 0.59296875 0.84921875 0.009375 0.0203125
4 0.56328125 0.80859375 0.0046875 0.01875
4 0.559375 0.790625 0.0078125 0.0203125
4 0.565625 0.78828125 0.00625 0.01875
4 0.5703125 0.7875 0.00625 0.015625
4 0.57265625 0.75 0.0046875 0.015625
4 0.55546875 0.72109375 0.00625 0.0140625
4 0.55859375 0.81328125 0.00625 0.015625
4 0.59921875 0.815625 0.0078125 0.01875
4 0.65390625 0.23828125 0.0109375 0.01875
4 0.659375 0.2140625 0.0109375 0.0203125
4 0.81640625 0.21796875 0.0078125 0.01875
4 0.01875 0.225 0.0109375 0.01875
4 0.05625 0.2625 0.0078125 0.01875
4 0.0625 0.26015625 0.009375 0.0203125
4 0.3671875 0.853125 0.009375 0.0171875
4 0.396875 0.85546875 0.0078125 0.015625