3 0.4015625 0.38515625 0.0328125 0.03125
3 0.740625 0.4203125 0.0296875 0.025
3 0.12890625 0.36328125 0.0328125 0.0296875
3 0.8484375 0.41171875 0.0296875 0.0265625
3 0.48125 0.28125 0.0296875 0.0296875
3 0.896875 0.4015625 0.028125 0.0296875
3 0.74140625 0.2546875 0.0296875 0.028125
3 0.0671875 0.49609375 0.0375 0.028125
3 0.16875 0.48984375 0.03125 0.0296875
3 0.36484375 0.47890625 0.034375 0.03125
3 0.60234375 0.28828125 0.03125 0.0265625
3 0.46875 0.7921875 0.0234375 0.0625
3 0.215625 0.49921875 0.0359375 0.0296875
3 0.5078125 0.55625 0.01875 0.0453125
3 0.65546875 0.4671875 0.034375 0.0265625
3 0.31015625 0.4796875 0.034375 0.0296875
3 0.4515625 0.62421875 0.0234375 0.053125
3 0.65390625 0.28515625 0.0328125 0.025
3 0.25703125 0.4875 0.0375 0.0296875
3 0.56171875 0.3140625 0.034375 0.0265625
3 0.56015625 0.28984375 0.0328125 0.0265625
3 0.30234375 0.3359375 0.03125 0.028125
3 0.40078125 0.52734375 0.0328125 0.03125
4 0.54375 0.86796875 0.0078125 0.021875
3 0.6953125 0.28515625 0.0328125 0.0265625
4 0.50546875 0.84921875 0.009375 0.04375
4 0.56640625 0.765625 0.009375 0.0203125
4 0.59296875 0.92109375 0.0109375 0.0328125
4 0.409375 0.9390625 0.009375 0.021875