3 0.046875 0.56640625 0.0546875 0.0484375
3 0.18984375 0.48359375 0.0515625 0.046875
3 0.28671875 0.6296875 0.05 0.0453125
3 0.5921875 0.41015625 0.046875 0.0625
3 0.75078125 0.484375 0.0546875 0.04375
3 0.74296875 0.43671875 0.0546875 0.04375
3 0.82265625 0.41953125 0.05 0.040625
3 0.3 0.67421875 0.05 0.046875
3 0.8625 0.459375 0.046875 0.0390625
3 0.80546875 0.46328125 0.05 0.04375
3 0.9265625 0.446875 0.0484375 0.0359375
3 0.3375 0.49921875 0.046875 0.046875
3 0.44609375 0.56328125 0.0484375 0.0671875
3 0.54921875 0.88828125 0.0359375 0.0734375
3 0.453125 0.08828125 0.0328125 0.071875
3 0.4171875 0.06640625 0.0359375 0.0796875
3 0.44375 0.0171875 0.028125 0.03125
3 0.640625 0.9703125 0.0296875 0.028125
3 0.9828125 0.39609375 0.01875 0.0375
4 0.3484375 0.2875 0.0125 0.0203125
4 0.5625 0.01953125 0.0109375 0.0203125