3 0.03515625 0.43828125 0.053125 0.0484375
3 0.96875 0.5421875 0.053125 0.0390625
3 0.753125 0.490625 0.0546875 0.0484375
3 0.50234375 0.08359375 0.0375 0.084375
3 0.87421875 0.49296875 0.053125 0.040625
3 0.53203125 0.4140625 0.040625 0.08125
3 0.52265625 0.2 0.028125 0.078125
3 0.53671875 0.06875 0.028125 0.0828125
3 0.75078125 0.53828125 0.0546875 0.0484375
3 0.6375 0.7265625 0.0375 0.06875
3 0.6015625 0.9734375 0.040625 0.053125
3 0.60078125 0.8421875 0.040625 0.084375
3 0.265625 0.58359375 0.046875 0.0453125
3 0.809375 0.53046875 0.05 0.040625
3 0.515625 0.01796875 0.03125 0.0359375
4 0.7953125 0.99296875 0.021875 0.0140625
3 0.86484375 0.53671875 0.04375 0.046875
3 0.91640625 0.5390625 0.0515625 0.0390625
3 0.81015625 0.48828125 0.0453125 0.03125
3 0.26953125 0.63359375 0.0484375 0.0453125
3 0.72421875 0.6578125 0.0546875 0.04375
3 0.5609375 0.6734375 0.0359375 0.0796875