3 0.1203125 0.91171875 0.04375 0.0453125
3 0.33828125 0.8890625 0.0453125 0.040625
2 0.5546875 0.165625 0.0296875 0.0859375
3 0.56640625 0.27578125 0.028125 0.0640625
3 0.33046875 0.93125 0.0515625 0.0421875
3 0.29140625 0.88359375 0.04375 0.040625
3 0.6453125 0.2859375 0.028125 0.05
3 0.271875 0.92578125 0.0484375 0.040625
3 0.5953125 0.3078125 0.0421875 0.0578125
3 0.78125 0.81953125 0.0453125 0.034375
3 0.60703125 0.0265625 0.0296875 0.0421875
3 0.275 0.7828125 0.0390625 0.0359375
3 0.4125 0.7890625 0.0390625 0.0375
3 0.64609375 0.97890625 0.0390625 0.0421875
2 0.5953125 0.08359375 0.0265625 0.0796875
3 0.6140625 0.09453125 0.0265625 0.0578125
3 0.584375 0.1515625 0.021875 0.053125
3 0.60859375 0.14453125 0.01875 0.0390625
3 0.60078125 0.196875 0.0203125 0.0390625
3 0.57265625 0.21875 0.0234375 0.05
3 0.59140625 0.25078125 0.0171875 0.046875
3 0.5515625 0.3375 0.025 0.0625
3 0.5453125 0.4109375 0.0203125 0.059375
3 0.53515625 0.471875 0.021875 0.0515625
3 0.56015625 0.45859375 0.021875 0.0484375
3 0.58671875 0.459375 0.025 0.0546875
3 0.6046875 0.52265625 0.01875 0.0515625
3 0.59453125 0.38203125 0.021875 0.05625
3 0.571875 0.39140625 0.021875 0.0625