3 0.1875 0.4625 0.034375 0.03125
3 0.85234375 0.31171875 0.0328125 0.0265625
3 0.08671875 0.30625 0.0375 0.0359375
3 0.390625 0.32734375 0.0265625 0.0265625
3 0.303125 0.290625 0.03125 0.03125
3 0.20390625 0.50390625 0.040625 0.0328125
3 0.45703125 0.38125 0.025 0.040625
3 0.346875 0.50078125 0.034375 0.03125
3 0.27421875 0.4625 0.0390625 0.034375
3 0.13984375 0.2875 0.0328125 0.028125
3 0.32421875 0.46484375 0.0375 0.028125
3 0.42109375 0.5453125 0.021875 0.0546875
3 0.3 0.496875 0.0390625 0.0328125
3 0.4734375 0.7859375 0.01875 0.059375
3 0.25625 0.50390625 0.0390625 0.0328125
3 0.46953125 0.978125 0.0203125 0.040625
3 0.36875 0.46875 0.0375 0.0296875
3 0.23046875 0.4625 0.0359375 0.028125
3 0.928125 0.4390625 0.01875 0.0234375
4 0.4296875 0.05078125 0.0125 0.0203125
4 0.4 0.85625 0.0078125 0.01875
4 0.36796875 0.02421875 0.0078125 0.0171875
4 0.39921875 0.73125 0.0078125 0.015625
4 0.759375 0.2578125 0.009375 0.0203125
4 0.165625 0.0734375 0.0125 0.015625
3 0.47890625 0.69375 0.0171875 0.059375
4 0.37265625 0.6875 0.0078125 0.0171875
1 0.55078125 0.89921875 0.0125 0.0265625