3 0.759375 0.55625 0.05 0.0390625
3 0.20625 0.55390625 0.0453125 0.0421875
3 0.253125 0.61640625 0.0484375 0.040625
3 0.94140625 0.51953125 0.046875 0.0359375
3 0.26171875 0.56484375 0.05 0.04375
3 0.81640625 0.51328125 0.0421875 0.0359375
3 0.884375 0.51015625 0.046875 0.040625
3 0.815625 0.47265625 0.04375 0.0328125
2 0.02265625 0.59296875 0.0453125 0.0609375
3 0.6078125 0.375 0.034375 0.05625
3 0.61171875 0.78203125 0.0296875 0.0703125
3 0.75625 0.47421875 0.04375 0.0375
3 0.55078125 0.03359375 0.025 0.0640625
3 0.4875 0.296875 0.025 0.0765625
3 0.5046875 0.7265625 0.028125 0.0796875
3 0.5375 0.4375 0.0296875 0.0828125
3 0.7515625 0.51171875 0.04375 0.0328125
3 0.53046875 0.1921875 0.021875 0.0703125
3 0.5265625 0.0140625 0.021875 0.028125
4 0.22578125 0.16328125 0.0125 0.0296875
4 0.71015625 0.0953125 0.0125 0.025
4 0.73203125 0.14375 0.0109375 0.021875
4 0.41171875 0.2734375 0.0109375 0.021875