3 0.4625 0.40625 0.0359375 0.0671875
3 0.134375 0.35234375 0.03359375 0.03125
3 0.459375 0.790625 0.02890625 0.0671875
3 0.75 0.26328125 0.02890625 0.0265625
3 0.259375 0.50703125 0.053125 0.04296875
3 0.44609375 0.62109375 0.03125 0.06015625
3 0.50625 0.55859375 0.021875 0.05078125
3 0.365625 0.4734375 0.03828125 0.03359375
3 0.74375 0.428125 0.03125 0.02890625
2 0.6609375 0.36640625 0.10546875 0.06015625
2 0.26640625 0.4078125 0.17421875 0.0453125
2 0.053125 0.3125 0.09140625 0.0671875
3 0.40625 0.38203125 0.03359375 0.03359375
3 0.65703125 0.46953125 0.0390625 0.03046875
3 0.85234375 0.42734375 0.03203125 0.03125
3 0.9 0.4140625 0.028125 0.03125
3 0.49140625 0.2796875 0.0390625 0.0296875
3 0.3078125 0.33125 0.03515625 0.0296875
3 0.0640625 0.48125 0.0421875 0.02890625
3 0.1140625 0.47890625 0.0546875 0.0296875
3 0.16875 0.48046875 0.03125 0.028125
3 0.21484375 0.4875 0.05 0.03046875
3 0.259375 0.47734375 0.0375 0.03046875
3 0.3109375 0.475 0.02890625 0.02734375
3 0.5671875 0.31796875 0.0296875 0.02890625
3 0.56484375 0.29140625 0.03984375 0.02890625
3 0.609375 0.2921875 0.0296875 0.025
3 0.6609375 0.29375 0.0390625 0.03046875