3 0.21953125 0.4109375 0.04375 0.03828125
2 0.040625 0.67578125 0.08046875 0.059375
3 0.28125 0.68671875 0.04375 0.03671875
3 0.54296875 0.8109375 0.025 0.075
3 0.1671875 0.49609375 0.0390625 0.0390625
3 0.56875 0.51171875 0.04140625 0.0390625
3 0.6421875 0.58671875 0.03984375 0.04609375
3 0.51640625 0.05546875 0.02109375 0.078125
3 0.56796875 0.97421875 0.02265625 0.05
3 0.49296875 0.0125 0.02421875 0.025
2 0.4890625 0.92578125 0.02890625 0.146875
3 0.746875 0.54765625 0.04296875 0.0359375
3 0.01171875 0.49296875 0.0234375 0.0390625
3 0.60078125 0.98203125 0.02265625 0.03359375
4 0.66640625 0.01796875 0.00859375 0.01953125
4 0.6328125 0.18203125 0.01015625 0.01640625
4 0.69375 0.14140625 0.01171875 0.021875
2 0.95859375 0.6453125 0.0828125 0.0765625