3 0.4375 0.50546875 0.04375 0.0421875
3 0.91015625 0.5390625 0.040625 0.034375
3 0.41484375 0.39296875 0.0453125 0.0640625
3 0.63046875 0.6109375 0.046875 0.053125
3 0.26484375 0.66953125 0.0484375 0.04375
3 0.78828125 0.57890625 0.0421875 0.034375
3 0.53984375 0.740625 0.0375 0.0703125
3 0.05625 0.4546875 0.05 0.04375
3 0.6171875 0.5171875 0.0421875 0.0421875
3 0.55546875 0.06015625 0.0296875 0.0796875
3 0.525 0.97734375 0.028125 0.0453125
3 0.55859375 0.9859375 0.0265625 0.028125
4 0.39921875 0.1734375 0.0109375 0.01875