3 0.1859375 0.52265625 0.0375 0.0328125
3 0.81015625 0.2484375 0.034375 0.028125
3 0.0578125 0.38828125 0.040625 0.0375
3 0.36015625 0.3515625 0.028125 0.028125
3 0.26640625 0.33203125 0.034375 0.034375
3 0.21015625 0.56015625 0.0421875 0.0359375
3 0.43515625 0.39140625 0.028125 0.0421875
3 0.34921875 0.5296875 0.0359375 0.0328125
3 0.27109375 0.50625 0.040625 0.0375
3 0.10546875 0.3609375 0.034375 0.0296875
3 0.32109375 0.49921875 0.040625 0.03125
3 0.43125 0.559375 0.0265625 0.0546875
3 0.303125 0.53515625 0.040625 0.0359375
3 0.528125 0.7859375 0.0234375 0.0609375
3 0.26171875 0.55 0.0421875 0.0359375
3 0.5609375 0.975 0.0234375 0.0421875
3 0.36484375 0.49453125 0.040625 0.0328125
3 0.228125 0.51484375 0.0375 0.03125
3 0.90859375 0.3578125 0.0203125 0.0234375
4 0.3453125 0.07265625 0.0140625 0.021875
4 0.46953125 0.86875 0.009375 0.01875
4 0.2796875 0.05859375 0.009375 0.0171875
4 0.4453125 0.74609375 0.009375 0.0171875
4 0.7078125 0.2125 0.0109375 0.0203125
4 0.090625 0.1453125 0.0140625 0.0171875
3 0.51640625 0.69453125 0.0234375 0.059375
4 0.4109375 0.7078125 0.009375 0.0171875
1 0.6265625 0.88203125 0.0140625 0.0265625