3 0.26796875 0.57890625 0.046875 0.04375
3 0.75078125 0.5296875 0.0515625 0.04375
3 0.95546875 0.4890625 0.0484375 0.040625
3 0.8125 0.48046875 0.04375 0.0359375
3 0.75234375 0.4828125 0.0515625 0.0421875
3 0.9671875 0.53515625 0.05 0.040625
3 0.2734375 0.671875 0.046875 0.0375
3 0.87578125 0.4859375 0.05 0.0390625
3 0.86328125 0.52890625 0.04375 0.040625
3 0.2703125 0.6265625 0.0484375 0.0390625
3 0.61875 0.7671875 0.0328125 0.06875
3 0.91796875 0.52890625 0.046875 0.0359375
3 0.8078125 0.52265625 0.046875 0.040625
3 0.91328125 0.57421875 0.046875 0.0359375
3 0.5390625 0.97734375 0.025 0.0453125
4 0.39296875 0.24765625 0.0125 0.01875
4 0.37578125 0.32421875 0.0109375 0.0203125
4 0.7359375 0.0234375 0.015625 0.021875
4 0.29921875 0.1296875 0.0078125 0.021875