3 0.88125 0.54609375 0.05 0.04375
3 0.63984375 0.4359375 0.0421875 0.0546875
3 0.9359375 0.56171875 0.0515625 0.0453125
3 0.25703125 0.54453125 0.0546875 0.0515625
3 0.20234375 0.52890625 0.05 0.05
3 0.8125 0.54296875 0.0453125 0.0421875
3 0.24375 0.5953125 0.0546875 0.0484375
3 0.4421875 0.88984375 0.040625 0.078125
3 0.48046875 0.68046875 0.040625 0.0890625
3 0.56171875 0.31015625 0.034375 0.0875
3 0.55859375 0.96484375 0.0359375 0.0703125
3 0.54609375 0.09140625 0.0390625 0.0828125
3 0.75 0.58125 0.05625 0.0453125
3 0.75546875 0.49921875 0.0484375 0.04375
3 0.5140625 0.425 0.0375 0.08125
3 0.8171875 0.5015625 0.0484375 0.0390625
3 0.5875 0.059375 0.034375 0.0875
2 0.01796875 0.55234375 0.0359375 0.0671875
4 0.28125 0.146875 0.0125 0.0171875
4 0.28203125 0.16640625 0.015625 0.025
4 0.3953125 0.28203125 0.0125 0.0171875
4 0.3890625 0.2078125 0.009375 0.0140625
4 0.41171875 0.1765625 0.009375 0.0171875
4 0.4265625 0.14375 0.0109375 0.015625
4 0.39296875 0.0484375 0.0109375 0.0171875
4 0.4296875 0.2453125 0.0125 0.0171875
4 0.07421875 0.1546875 0.015625 0.0171875
4 0.0921875 0.75 0.015625 0.0125
4 0.13203125 0.7125 0.0140625 0.0171875
4 0.79921875 0.7890625 0.0140625 0.021875
4 0.73515625 0.096875 0.0109375 0.021875
4 0.7421875 0.11171875 0.009375 0.01875
4 0.74609375 0.1234375 0.0109375 0.0234375
4 0.77265625 0.09765625 0.0109375 0.021875
4 0.7609375 0.165625 0.0125 0.01875
4 0.74921875 0.17890625 0.0109375 0.021875
4 0.67734375 0.21015625 0.0109375 0.021875