3 0.4140625 0.37578125 0.034375 0.03125
3 0.74765625 0.44609375 0.03125 0.025
3 0.14453125 0.32578125 0.0328125 0.0296875
3 0.85625 0.44921875 0.0296875 0.0265625
3 0.5046875 0.28046875 0.03125 0.0296875
3 0.9046875 0.44375 0.0296875 0.03125
3 0.765625 0.28125 0.03125 0.028125
3 0.0703125 0.45078125 0.0390625 0.0296875
3 0.171875 0.45546875 0.0328125 0.0296875
3 0.36796875 0.46484375 0.0359375 0.0328125
3 0.6234375 0.3 0.0328125 0.0265625
3 0.43828125 0.78671875 0.025 0.0625
3 0.2171875 0.46953125 0.0375 0.03125
3 0.5015625 0.55625 0.0203125 0.046875
3 0.6578125 0.48359375 0.034375 0.0265625
3 0.31328125 0.46015625 0.0359375 0.0296875
3 0.43828125 0.61875 0.025 0.0546875
3 0.675 0.30234375 0.0328125 0.025
3 0.26015625 0.46171875 0.0375 0.03125
3 0.58046875 0.321875 0.034375 0.028125
3 0.58125 0.29765625 0.034375 0.0265625
3 0.3203125 0.315625 0.0328125 0.028125
3 0.3984375 0.5171875 0.0328125 0.0328125
4 0.50546875 0.87109375 0.0078125 0.021875
3 0.71640625 0.30703125 0.0328125 0.0265625
4 0.46875 0.84765625 0.0109375 0.04375
4 0.53828125 0.77109375 0.009375 0.0203125
4 0.5484375 0.92890625 0.0125 0.0328125
4 0.36328125 0.92734375 0.009375 0.021875