3 0.1421875 0.93125 0.040625 0.04375
3 0.35859375 0.896875 0.04375 0.0390625
2 0.5375 0.16328125 0.025 0.084375
3 0.5546875 0.27265625 0.025 0.0625
3 0.353125 0.93984375 0.0484375 0.0390625
3 0.31171875 0.89375 0.040625 0.0390625
3 0.63359375 0.27890625 0.025 0.0484375
3 0.29453125 0.93671875 0.046875 0.0390625
3 0.58515625 0.303125 0.0390625 0.05625
3 0.79765625 0.8046875 0.04375 0.03125
3 0.58203125 0.021875 0.0265625 0.040625
3 0.28984375 0.79375 0.0375 0.0328125
3 0.42734375 0.79296875 0.0375 0.034375
3 0.671875 0.97578125 0.0375 0.0484375
2 0.5734375 0.0796875 0.021875 0.0796875
3 0.5921875 0.0890625 0.0234375 0.05625
3 0.56640625 0.14765625 0.01875 0.053125
3 0.58984375 0.1390625 0.015625 0.0390625
3 0.58515625 0.1921875 0.01875 0.0390625
3 0.5578125 0.21484375 0.0203125 0.05
3 0.578125 0.246875 0.015625 0.0453125
3 0.54296875 0.33515625 0.021875 0.0609375
3 0.540625 0.40859375 0.0171875 0.059375
3 0.53359375 0.4703125 0.0203125 0.05
3 0.5578125 0.45546875 0.0203125 0.046875
3 0.584375 0.4546875 0.0234375 0.0546875
3 0.60625 0.5171875 0.0171875 0.0515625
3 0.58828125 0.37734375 0.0203125 0.05625
3 0.56640625 0.3875 0.01875 0.0609375