3 0.7328125 0.63046875 0.0390625 0.034375
3 0.3921875 0.4203125 0.0453125 0.059375
3 0.9046875 0.53984375 0.046875 0.0328125
3 0.846875 0.540625 0.046875 0.0375
3 0.79140625 0.53515625 0.046875 0.034375
3 0.21953125 0.5734375 0.046875 0.040625
3 0.75078125 0.5796875 0.0484375 0.0359375
3 0.08515625 0.56328125 0.05625 0.0453125
3 0.728125 0.53515625 0.04375 0.0375
3 0.265625 0.45625 0.04375 0.0390625
3 0.1578125 0.484375 0.05625 0.046875
3 0.1578125 0.56796875 0.046875 0.0375
3 0.97265625 0.54609375 0.05 0.0375
3 0.79921875 0.496875 0.04375 0.034375
3 0.534375 0.45859375 0.025 0.0796875
3 0.28359375 0.58828125 0.05 0.040625
3 0.4578125 0.33359375 0.0296875 0.0671875
3 0.7484375 0.49375 0.0421875 0.0296875
3 0.58984375 0.22265625 0.021875 0.059375
3 0.5015625 0.1484375 0.0265625 0.078125