3 0.5671875 0.34609375 0.0265625 0.06875
3 0.47421875 0.41484375 0.0375 0.0578125
3 0.53359375 0.553125 0.03125 0.078125
3 0.54296875 0.35703125 0.025 0.0515625
3 0.55546875 0.08359375 0.0296875 0.0703125
3 0.5953125 0.3515625 0.025 0.0703125
3 0.93984375 0.95078125 0.0421875 0.0984375
2 0.31484375 0.59765625 0.1234375 0.0515625
3 0.7328125 0.5078125 0.0453125 0.034375
3 0.0140625 0.60625 0.028125 0.034375
3 0.73046875 0.54140625 0.0453125 0.034375
3 0.9078125 0.93515625 0.075 0.1296875
3 0.53125 0.2265625 0.0296875 0.090625
3 0.7765625 0.50859375 0.040625 0.034375
3 0.30703125 0.55390625 0.0453125 0.0328125
3 0.3609375 0.56484375 0.046875 0.04375
3 0.7703125 0.54375 0.05 0.0421875
3 0.73671875 0.47109375 0.04375 0.0328125
3 0.78046875 0.47265625 0.034375 0.034375
3 0.82265625 0.4734375 0.0375 0.03125
3 0.86015625 0.47421875 0.0390625 0.028125
3 0.81328125 0.50703125 0.0375 0.0328125
3 0.85546875 0.5109375 0.0453125 0.03125
3 0.89921875 0.50859375 0.04375 0.0359375
3 0.9453125 0.51015625 0.0484375 0.034375
3 0.98515625 0.50859375 0.0296875 0.0296875
3 0.91484375 0.54609375 0.040625 0.0375
3 0.9578125 0.5484375 0.0390625 0.0390625
2 0.8453125 0.546875 0.09375 0.046875
2 0.49296875 0.6578125 0.0515625 0.165625
3 0.53671875 0.74609375 0.0296875 0.0625
3 0.57265625 0.9109375 0.0328125 0.0609375
3 0.57734375 0.98046875 0.0203125 0.0390625
3 0.5640625 0.471875 0.0328125 0.0703125