3 0.74140625 0.41953125 0.0609375 0.0546875
3 0.93984375 0.37890625 0.0546875 0.0484375
3 0.86015625 0.39453125 0.0578125 0.05
3 0.75078125 0.46953125 0.0609375 0.0546875
3 0.96484375 0.4234375 0.0609375 0.0546875
3 0.8078125 0.44765625 0.0609375 0.0515625
3 0.65546875 0.95234375 0.040625 0.0578125
3 0.91328125 0.471875 0.065625 0.05625
3 0.80234375 0.40546875 0.059375 0.05
2 0.8296875 0.48984375 0.109375 0.0625
3 0.29296875 0.63203125 0.0578125 0.059375
3 0.86328125 0.4359375 0.046875 0.04375
3 0.9140625 0.4265625 0.053125 0.05
3 0.31015625 0.678125 0.05 0.0421875
3 0.32265625 0.72265625 0.05625 0.046875
3 0.684375 0.72578125 0.0640625 0.06875