3 0.17265625 0.6953125 0.053125 0.053125
3 0.28671875 0.634375 0.040625 0.04375
3 0.784375 0.45859375 0.0421875 0.0421875
3 0.2484375 0.60625 0.046875 0.046875
3 0.23671875 0.66015625 0.0453125 0.046875
3 0.175 0.6375 0.0453125 0.046875
3 0.83515625 0.4609375 0.046875 0.0375
3 0.31328125 0.565625 0.04375 0.0390625
3 0.53125 0.215625 0.025 0.071875
3 0.51640625 0.6328125 0.0296875 0.0671875
3 0.1109375 0.6703125 0.05 0.05
3 0.3984375 0.05 0.0265625 0.0734375
4 0.8609375 0.68828125 0.0140625 0.0203125
4 0.809375 0.6515625 0.015625 0.0203125
4 0.89296875 0.70234375 0.01875 0.021875
4 0.6484375 0.21484375 0.0125 0.0265625