3 0.27578125 0.5984375 0.0453125 0.0421875
3 0.753125 0.5078125 0.05 0.0421875
3 0.95234375 0.45 0.046875 0.040625
3 0.809375 0.453125 0.04375 0.034375
3 0.74921875 0.4609375 0.05 0.0421875
3 0.96875 0.49453125 0.0484375 0.040625
3 0.2890625 0.69140625 0.046875 0.0375
3 0.87265625 0.453125 0.0484375 0.0390625
3 0.8640625 0.49765625 0.04375 0.040625
3 0.28203125 0.64609375 0.046875 0.0375
3 0.6421875 0.75625 0.03125 0.06875
3 0.91875 0.4921875 0.0453125 0.034375
3 0.80859375 0.4953125 0.0453125 0.0390625
3 0.91796875 0.5375 0.0453125 0.0359375
3 0.58046875 0.9734375 0.025 0.046875
4 0.37109375 0.25859375 0.0125 0.01875
4 0.3609375 0.3359375 0.0109375 0.0203125
4 0.69375 0.0078125 0.015625 0.015625
4 0.26796875 0.1484375 0.0078125 0.021875