3 0.47109375 0.403125 0.0421875 0.0703125
3 0.1484375 0.32109375 0.0359375 0.034375
3 0.434375 0.7859375 0.034375 0.06875
3 0.76953125 0.2859375 0.03125 0.0296875
3 0.259375 0.4859375 0.05625 0.046875
3 0.4359375 0.615625 0.0359375 0.0625
3 0.50078125 0.55859375 0.0265625 0.053125
3 0.36875 0.46171875 0.040625 0.0375
3 0.74921875 0.45 0.034375 0.03125
2 0.671875 0.38125 0.1109375 0.06875
2 0.275 0.3875 0.178125 0.0609375
2 0.07109375 0.27421875 0.096875 0.075
3 0.4171875 0.37421875 0.0359375 0.0359375
3 0.659375 0.48359375 0.0421875 0.034375
3 0.85703125 0.45859375 0.034375 0.034375
3 0.90625 0.44921875 0.03125 0.0328125
3 0.5109375 0.2796875 0.0421875 0.0328125
3 0.3234375 0.31484375 0.0375 0.0328125
3 0.0671875 0.44296875 0.0453125 0.0328125
3 0.1171875 0.4453125 0.0578125 0.034375
3 0.171875 0.4515625 0.0328125 0.03125
3 0.2171875 0.4625 0.053125 0.034375
3 0.2625 0.45625 0.040625 0.034375
3 0.3140625 0.45859375 0.03125 0.0296875
3 0.5828125 0.32421875 0.0328125 0.03125
3 0.5828125 0.29765625 0.0421875 0.0328125
3 0.62734375 0.30234375 0.03125 0.028125
3 0.678125 0.30859375 0.0421875 0.034375