3 0.04296875 0.47890625 0.05 0.04375
3 0.1984375 0.42421875 0.046875 0.0421875
3 0.265625 0.58671875 0.0453125 0.0390625
3 0.6078125 0.4296875 0.040625 0.0578125
3 0.74921875 0.53203125 0.05 0.0390625
3 0.75078125 0.484375 0.05 0.0390625
3 0.83203125 0.4828125 0.0453125 0.034375
3 0.2703125 0.6328125 0.0453125 0.040625
3 0.86328125 0.52890625 0.0421875 0.034375
3 0.80625 0.52265625 0.0453125 0.0375
3 0.92890625 0.52890625 0.0453125 0.03125
3 0.340625 0.46875 0.0421875 0.0421875
3 0.43515625 0.5515625 0.0421875 0.0625
3 0.47421875 0.890625 0.028125 0.071875
3 0.53203125 0.08671875 0.025 0.0703125
3 0.5015625 0.05859375 0.0265625 0.078125
3 0.5375 0.01484375 0.025 0.0296875
3 0.5484375 0.98828125 0.028125 0.0234375
3 0.99296875 0.48984375 0.0140625 0.0359375
4 0.3921875 0.2625 0.0109375 0.01875
4 0.653125 0.03984375 0.0078125 0.01875