3 0.11328125 0.90546875 0.04375 0.046875
3 0.33125 0.8859375 0.046875 0.0421875
2 0.56015625 0.16640625 0.03125 0.0859375
3 0.5703125 0.27734375 0.0296875 0.0640625
3 0.32265625 0.928125 0.0515625 0.0421875
3 0.28515625 0.8796875 0.04375 0.0421875
3 0.6484375 0.2890625 0.028125 0.05
3 0.26484375 0.921875 0.0484375 0.040625
3 0.59921875 0.309375 0.04375 0.059375
3 0.77578125 0.82421875 0.0453125 0.034375
3 0.61484375 0.02890625 0.0296875 0.0421875
3 0.2703125 0.77890625 0.040625 0.0359375
3 0.40703125 0.7875 0.040625 0.0375
3 0.6375 0.98046875 0.040625 0.0390625
2 0.603125 0.08515625 0.028125 0.0796875
3 0.62109375 0.096875 0.028125 0.0578125
3 0.590625 0.153125 0.021875 0.053125
3 0.61484375 0.14609375 0.01875 0.0390625
3 0.60625 0.1984375 0.021875 0.0390625
3 0.578125 0.21953125 0.0234375 0.05
3 0.5953125 0.25234375 0.01875 0.046875
3 0.55390625 0.33828125 0.0265625 0.0625
3 0.546875 0.41171875 0.0203125 0.059375
3 0.53515625 0.47265625 0.0234375 0.0515625
3 0.5609375 0.46015625 0.0234375 0.0484375
3 0.5875 0.4609375 0.0265625 0.05625
3 0.6046875 0.525 0.0203125 0.0515625
3 0.59609375 0.38359375 0.0234375 0.05625
3 0.5734375 0.39296875 0.021875 0.0625