3 0.0328125 0.4625 0.05078125 0.0453125
3 0.9703125 0.51796875 0.05078125 0.0359375
3 0.75234375 0.47734375 0.053125 0.0453125
3 0.48046875 0.084375 0.03359375 0.08203125
3 0.8734375 0.4734375 0.05078125 0.03828125
3 0.52734375 0.4125 0.0359375 0.0796875
3 0.50703125 0.19921875 0.02421875 0.0765625
3 0.5140625 0.0671875 0.02421875 0.08203125
3 0.75234375 0.525 0.053125 0.0453125
3 0.64921875 0.71875 0.03359375 0.0671875
3 0.62734375 0.97109375 0.03828125 0.0578125
3 0.61875 0.83671875 0.0359375 0.08203125
3 0.2703125 0.59609375 0.0453125 0.04296875
3 0.81015625 0.5140625 0.0484375 0.03828125
3 0.490625 0.01796875 0.02890625 0.0359375
4 0.82109375 0.98515625 0.0203125 0.0296875
3 0.86640625 0.5171875 0.04140625 0.0453125
3 0.91796875 0.5171875 0.04921875 0.03671875
3 0.809375 0.471875 0.04375 0.0296875
3 0.2765625 0.6453125 0.046875 0.04296875
3 0.73203125 0.64609375 0.05234375 0.04140625
3 0.5703125 0.6703125 0.03203125 0.07734375