3 0.22421875 0.471875 0.05 0.046875
3 0.08828125 0.59296875 0.046875 0.0421875
3 0.77734375 0.5125 0.046875 0.0359375
3 0.26640625 0.615625 0.0453125 0.046875
3 0.91328125 0.58828125 0.046875 0.0390625
3 0.6140625 0.64921875 0.0484375 0.0421875
3 0.85625 0.584375 0.0453125 0.034375
3 0.43203125 0.5 0.0484375 0.0390625
3 0.6 0.7953125 0.0296875 0.0734375
3 0.525 0.975 0.028125 0.05
3 0.55859375 0.98515625 0.0265625 0.0296875
4 0.69453125 0.05859375 0.0109375 0.021875
4 0.72734375 0.15546875 0.0109375 0.0265625
4 0.3484375 0.271875 0.0109375 0.0171875
4 0.384375 0.25078125 0.0125 0.021875
4 0.35078125 0.29765625 0.0109375 0.01875