3 0.25625 0.6265625 0.04453125 0.04921875
3 0.16640625 0.6265625 0.04296875 0.0546875
3 0.28828125 0.56171875 0.0453125 0.04609375
3 0.4046875 0.67265625 0.04296875 0.046875
3 0.20703125 0.64921875 0.03828125 0.04375
3 0.2234375 0.59140625 0.04140625 0.040625
3 0.5453125 0.65703125 0.02109375 0.0703125
3 0.5328125 0.0234375 0.0203125 0.046875
3 0.4921875 0.26875 0.01953125 0.07421875
3 0.49296875 0.40703125 0.02421875 0.075
3 0.57265625 0.25625 0.02265625 0.075
3 0.5015625 0.95078125 0.0203125 0.0796875
3 0.5359375 0.315625 0.02109375 0.08046875
3 0.4640625 0.31640625 0.0171875 0.07578125
3 0.5546875 0.89453125 0.02265625 0.0765625
3 0.5265625 0.90703125 0.0171875 0.0796875
3 0.528125 0.99140625 0.01796875 0.015625
4 0.91015625 0.728125 0.01171875 0.021875
4 0.6703125 0.13671875 0.00703125 0.01875
4 0.8875 0.71953125 0.01484375 0.01796875