3 0.2859375 0.6203125 0.0484375 0.046875
3 0.42734375 0.71875 0.046875 0.0484375
3 0.3453125 0.45234375 0.0515625 0.0515625
3 0.2421875 0.49765625 0.0484375 0.0421875
3 0.946875 0.4109375 0.05 0.040625
3 0.7453125 0.440625 0.053125 0.0453125
3 0.29453125 0.665625 0.0484375 0.04375
3 0.75390625 0.4875 0.053125 0.046875
3 0.86875 0.42421875 0.053125 0.0421875
3 0.5265625 0.06796875 0.0328125 0.075
3 0.80546875 0.428125 0.0453125 0.0375
3 0.86328125 0.46640625 0.046875 0.0453125
3 0.96875 0.45625 0.053125 0.0453125
3 0.9171875 0.45703125 0.0484375 0.0390625
3 0.54375 0.7390625 0.0296875 0.078125
3 0.80859375 0.46953125 0.0484375 0.0421875
3 0.590625 0.96015625 0.03125 0.0640625
3 0.91796875 0.5046875 0.05625 0.0390625
3 0.5046875 0.52890625 0.0296875 0.075
3 0.62265625 0.96484375 0.028125 0.046875