3 0.5453125 0.3375 0.0265625 0.06875
3 0.46328125 0.41953125 0.0375 0.0578125
3 0.540625 0.54765625 0.03125 0.078125
3 0.52265625 0.353125 0.025 0.0515625
3 0.496875 0.0796875 0.0296875 0.0703125
3 0.5734375 0.33984375 0.025 0.0703125
3 0.9890625 0.9015625 0.021875 0.13125
2 0.3296875 0.62265625 0.1234375 0.0515625
3 0.73203125 0.475 0.0453125 0.034375
3 0.02890625 0.67421875 0.0375 0.034375
3 0.734375 0.50859375 0.0453125 0.034375
3 0.96484375 0.88984375 0.0703125 0.1609375
3 0.4921875 0.225 0.0296875 0.090625
3 0.775 0.46953125 0.040625 0.034375
3 0.31640625 0.58046875 0.0453125 0.0328125
3 0.37109375 0.58359375 0.046875 0.04375
3 0.7734375 0.50625 0.05 0.0421875
3 0.73046875 0.43828125 0.04375 0.0328125
3 0.77421875 0.43359375 0.034375 0.034375
3 0.81640625 0.42890625 0.0375 0.03125
3 0.853125 0.42421875 0.0390625 0.028125
3 0.81171875 0.46328125 0.0375 0.0328125
3 0.85390625 0.4609375 0.0453125 0.03125
3 0.896875 0.45234375 0.04375 0.0359375
3 0.94296875 0.44765625 0.0484375 0.034375
3 0.98203125 0.44140625 0.03125 0.0296875
3 0.9171875 0.48828125 0.040625 0.0375
3 0.96015625 0.484375 0.0390625 0.0390625
2 0.8484375 0.4984375 0.09375 0.046875
2 0.51484375 0.65703125 0.0515625 0.165625
3 0.57109375 0.73828125 0.0296875 0.0625
3 0.62890625 0.896875 0.0328125 0.0609375
3 0.64453125 0.96953125 0.0203125 0.0453125
3 0.559375 0.46328125 0.0328125 0.0703125