3 0.46171875 0.34765625 0.0453125 0.0734375
3 0.81875 0.6140625 0.0484375 0.0421875
3 0.75546875 0.55625 0.046875 0.0453125
3 0.67421875 0.60703125 0.0515625 0.053125
3 0.57421875 0.5265625 0.0484375 0.05
3 0.50546875 0.9875 0.0328125 0.025
3 0.475 0.97421875 0.034375 0.0515625
3 0.565625 0.675 0.053125 0.0703125
3 0.1796875 0.9359375 0.021875 0.025
3 0.21875 0.45 0.05625 0.0546875
3 0.2484375 0.6453125 0.053125 0.0515625
3 0.6015625 0.0578125 0.0390625 0.084375
4 0.9828125 0.46328125 0.0125 0.0171875
4 0.7109375 0.1546875 0.0125 0.025
4 0.6921875 0.21796875 0.009375 0.01875
4 0.69921875 0.1953125 0.0125 0.0203125
4 0.68125 0.23125 0.0125 0.0203125
4 0.76640625 0.1890625 0.0125 0.025
4 0.76640625 0.11796875 0.0109375 0.01875
4 0.7625 0.07109375 0.0109375 0.0234375
4 0.77109375 0.0609375 0.009375 0.0234375
4 0.72578125 0.078125 0.0125 0.0203125
4 0.7828125 0.11015625 0.0140625 0.0234375