3 0.27265625 0.590625 0.04453125 0.04140625
3 0.75234375 0.51640625 0.04921875 0.040625
3 0.95390625 0.465625 0.04609375 0.03828125
3 0.8109375 0.4640625 0.0421875 0.03359375
3 0.75078125 0.46953125 0.04921875 0.03984375
3 0.96875 0.5109375 0.04765625 0.03828125
3 0.2828125 0.68359375 0.0453125 0.0359375
3 0.87421875 0.46640625 0.04765625 0.03671875
3 0.8640625 0.51015625 0.0421875 0.0390625
3 0.27734375 0.63828125 0.04609375 0.0359375
3 0.6328125 0.7609375 0.02890625 0.06796875
3 0.91875 0.50703125 0.04453125 0.03359375
3 0.80859375 0.50625 0.04453125 0.03828125
3 0.91640625 0.55234375 0.04453125 0.034375
3 0.5640625 0.97578125 0.02265625 0.04609375
4 0.3796875 0.25390625 0.01171875 0.01796875
4 0.36640625 0.33125 0.01015625 0.01953125
4 0.7109375 0.01171875 0.01484375 0.021875
4 0.28046875 0.140625 0.00703125 0.02109375