3 0.40546875 0.38203125 0.03203125 0.0296875
3 0.74296875 0.42890625 0.02890625 0.0234375
3 0.13359375 0.35078125 0.03125 0.028125
3 0.8515625 0.42421875 0.028125 0.025
3 0.4890625 0.28046875 0.02890625 0.028125
3 0.9 0.415625 0.02734375 0.02890625
3 0.75 0.26328125 0.02890625 0.0265625
3 0.06796875 0.48125 0.03671875 0.0265625
3 0.16953125 0.478125 0.03046875 0.028125
3 0.365625 0.47421875 0.03359375 0.03046875
3 0.609375 0.2921875 0.03046875 0.025
3 0.45859375 0.790625 0.02109375 0.06171875
3 0.215625 0.4890625 0.03515625 0.028125
3 0.50546875 0.55625 0.0171875 0.0453125
3 0.65625 0.47265625 0.0328125 0.025
3 0.3109375 0.4734375 0.03359375 0.028125
3 0.446875 0.62265625 0.02109375 0.053125
3 0.6609375 0.290625 0.03203125 0.0234375
3 0.2578125 0.47890625 0.0359375 0.02890625
3 0.56796875 0.31640625 0.0328125 0.02578125
3 0.5671875 0.2921875 0.03203125 0.025
3 0.3078125 0.32890625 0.03046875 0.0265625
3 0.4 0.52421875 0.03125 0.03046875
4 0.53125 0.86953125 0.00703125 0.02109375
3 0.70234375 0.2921875 0.03125 0.025
4 0.49296875 0.84921875 0.00859375 0.04375
4 0.55703125 0.76796875 0.00859375 0.01953125
4 0.578125 0.92421875 0.01015625 0.03203125
4 0.39375 0.9359375 0.00859375 0.02109375