3 0.7203125 0.66328125 0.05 0.0421875
3 0.74921875 0.54140625 0.0515625 0.04375
3 0.0359375 0.428125 0.0484375 0.04375
3 0.52734375 0.2015625 0.0265625 0.075
3 0.26328125 0.578125 0.046875 0.0421875
3 0.6328125 0.7265625 0.0359375 0.0609375
3 0.80625 0.5328125 0.046875 0.0390625
3 0.87421875 0.5 0.05 0.0421875
3 0.26484375 0.62734375 0.046875 0.04375
3 0.75078125 0.49296875 0.0515625 0.0421875
3 0.86171875 0.54140625 0.04375 0.0390625
3 0.5109375 0.08828125 0.028125 0.0765625
3 0.965625 0.55078125 0.046875 0.0390625
3 0.91484375 0.54453125 0.046875 0.0328125
3 0.81171875 0.49296875 0.04375 0.034375
3 0.53125 0.415625 0.03125 0.075
3 0.59453125 0.84375 0.0296875 0.0765625
3 0.5578125 0.67578125 0.0265625 0.0765625
3 0.54375 0.071875 0.025 0.071875
3 0.58984375 0.975 0.0265625 0.05
3 0.5265625 0.01328125 0.025 0.0265625
4 0.40546875 0.25625 0.009375 0.0203125