3 0.753125 0.47578125 0.0546875 0.046875
3 0.95546875 0.48046875 0.05 0.0421875
3 0.87421875 0.478125 0.0515625 0.0421875
3 0.7515625 0.5265625 0.0546875 0.046875
3 0.9703125 0.5296875 0.0546875 0.046875
3 0.81171875 0.51796875 0.0546875 0.0453125
3 0.54921875 0.97421875 0.0328125 0.0515625
3 0.90859375 0.565625 0.059375 0.046875
3 0.815625 0.47578125 0.0546875 0.0421875
2 0.8234375 0.56484375 0.1046875 0.046875
3 0.26875 0.58203125 0.05 0.053125
3 0.86796875 0.51875 0.040625 0.0390625
3 0.91953125 0.521875 0.046875 0.0421875
3 0.275 0.63046875 0.0453125 0.0359375
3 0.27734375 0.6765625 0.0515625 0.0390625
3 0.628125 0.76171875 0.05625 0.0625