3 0.39921875 0.3875 0.0328125 0.03125
3 0.7390625 0.41640625 0.0296875 0.025
3 0.1265625 0.3703125 0.0328125 0.0296875
3 0.846875 0.40625 0.0296875 0.0265625
3 0.47734375 0.28125 0.0296875 0.0296875
3 0.8953125 0.39453125 0.028125 0.0296875
3 0.7375 0.25078125 0.0296875 0.028125
3 0.06796875 0.50390625 0.0375 0.028125
3 0.16875 0.4953125 0.03125 0.0296875
3 0.36484375 0.48125 0.034375 0.0328125
3 0.5984375 0.28671875 0.03125 0.0265625
3 0.47421875 0.7921875 0.025 0.0625
3 0.215625 0.50390625 0.0359375 0.0296875
3 0.50859375 0.55625 0.0203125 0.046875
3 0.6546875 0.46484375 0.034375 0.0265625
3 0.31015625 0.48359375 0.034375 0.0296875
3 0.453125 0.625 0.0234375 0.0546875
3 0.65 0.2828125 0.0328125 0.025
3 0.25703125 0.49140625 0.0375 0.03125
3 0.55859375 0.31328125 0.034375 0.028125
3 0.55625 0.2890625 0.0328125 0.0265625
3 0.29921875 0.3390625 0.03125 0.028125
3 0.4015625 0.5296875 0.0328125 0.0328125
4 0.55078125 0.8671875 0.0078125 0.021875
3 0.69140625 0.28203125 0.0328125 0.0265625
4 0.5109375 0.84921875 0.0109375 0.04375
4 0.57109375 0.76484375 0.009375 0.0203125
4 0.6 0.91953125 0.0125 0.0328125
4 0.41640625 0.940625 0.009375 0.021875