3 0.4171875 0.54375 0.02890625 0.0390625
3 0.35 0.515625 0.03515625 0.02890625
3 0.04296875 0.48359375 0.03359375 0.02890625
3 0.4546875 0.65546875 0.01875 0.05390625
3 0.625 0.4484375 0.03125 0.028125
3 0.13125 0.48671875 0.0328125 0.02421875
3 0.47109375 0.8609375 0.01796875 0.06171875
3 0.49375 0.78515625 0.01484375 0.059375
3 0.49375 0.703125 0.01484375 0.05546875
3 0.49921875 0.903125 0.01796875 0.05546875
3 0.9046875 0.43125 0.0265625 0.03046875
3 0.865625 0.43828125 0.02890625 0.0265625
4 0.7328125 0.25390625 0.00703125 0.02109375
4 0.14140625 0.25703125 0.009375 0.01640625