3 0.4375 0.49921875 0.046875 0.0453125
3 0.90390625 0.58125 0.0421875 0.0375
3 0.42578125 0.384375 0.05 0.0671875
3 0.61796875 0.62421875 0.0515625 0.05625
3 0.2484375 0.64375 0.0515625 0.0484375
3 0.778125 0.6078125 0.04375 0.0375
3 0.51484375 0.74296875 0.04375 0.0734375
3 0.06328125 0.40859375 0.053125 0.0484375
3 0.61484375 0.5296875 0.0453125 0.0453125
3 0.6015625 0.06875 0.0375 0.08125
3 0.475 0.97734375 0.03125 0.0453125
3 0.50703125 0.98671875 0.0296875 0.0265625
4 0.43359375 0.16484375 0.0140625 0.0203125