3 0.4296875 0.52109375 0.0453125 0.0375
3 0.17578125 0.4765625 0.0515625 0.04375
3 0.634375 0.659375 0.04375 0.034375
3 0.2 0.56796875 0.0515625 0.0421875
3 0.1203125 0.65625 0.0453125 0.0375
3 0.8234375 0.5453125 0.046875 0.034375
3 0.82109375 0.63828125 0.04375 0.0328125
3 0.03046875 0.590625 0.0453125 0.0390625
3 0.62734375 0.534375 0.04375 0.0375
3 0.7203125 0.64765625 0.0421875 0.0375
3 0.5484375 0.09296875 0.0265625 0.071875
3 0.4578125 0.6015625 0.04375 0.040625
3 0.59375 0.36015625 0.0328125 0.078125
3 0.55703125 0.6140625 0.04375 0.0375
3 0.984375 0.5546875 0.028125 0.040625
3 0.00703125 0.53828125 0.0140625 0.0390625
4 0.32265625 0.23125 0.0125 0.01875
3 0.73984375 0.5859375 0.0453125 0.0375