3 0.63984375 0.43828125 0.034375 0.04140625
3 0.95859375 0.49609375 0.0453125 0.03515625
3 0.6984375 0.65703125 0.03828125 0.04296875
3 0.84296875 0.5015625 0.04140625 0.03203125
3 0.2671875 0.5109375 0.0484375 0.03828125
3 0.75546875 0.50546875 0.04296875 0.03125
3 0.48984375 0.85625 0.02890625 0.07109375
3 0.0578125 0.49375 0.04765625 0.040625
3 0.5171875 0.05703125 0.02109375 0.078125
3 0.56015625 0.9109375 0.02421875 0.08203125
3 0.58671875 0.7984375 0.02109375 0.078125
3 0.6234375 0.86640625 0.0234375 0.08125
4 0.39375 0.21875 0.01015625 0.01875
4 0.68203125 0.09921875 0.01015625 0.025