3 0.04609375 0.38203125 0.0578125 0.053125
3 0.96015625 0.59921875 0.05625 0.04375
3 0.75234375 0.521875 0.0609375 0.053125
3 0.553125 0.0875 0.046875 0.0859375
3 0.87265625 0.5390625 0.05625 0.046875
3 0.5421875 0.41875 0.05 0.084375
3 0.559375 0.2046875 0.0375 0.0796875
3 0.5890625 0.0765625 0.0375 0.084375
3 0.74453125 0.56875 0.0609375 0.053125
3 0.60859375 0.74140625 0.0453125 0.071875
3 0.54296875 0.9765625 0.0484375 0.046875
3 0.55859375 0.85234375 0.05 0.0875
3 0.25703125 0.5546875 0.0515625 0.05
3 0.803125 0.56796875 0.0546875 0.046875
3 0.57421875 0.0234375 0.034375 0.040625
3 0.8578125 0.58046875 0.0484375 0.0515625
3 0.90859375 0.58984375 0.0546875 0.0453125
3 0.809375 0.52578125 0.0484375 0.0375
3 0.2546875 0.6046875 0.053125 0.05
3 0.703125 0.684375 0.059375 0.05
3 0.53984375 0.6796875 0.0453125 0.08125