3 0.03125 0.51171875 0.0546875 0.05
3 0.96953125 0.46875 0.0546875 0.040625
3 0.7484375 0.45078125 0.0578125 0.05
3 0.4375 0.0890625 0.0421875 0.084375
3 0.86875 0.434375 0.0546875 0.04375
3 0.51796875 0.41015625 0.04375 0.0828125
3 0.47578125 0.2 0.0328125 0.078125
3 0.46875 0.06796875 0.0328125 0.084375
3 0.75390625 0.4984375 0.0578125 0.05
3 0.67109375 0.70234375 0.040625 0.0703125
3 0.67578125 0.95546875 0.04375 0.0609375
3 0.653125 0.82265625 0.04375 0.0859375
3 0.28125 0.61953125 0.05 0.046875
3 0.81015625 0.48125 0.0515625 0.04375
3 0.440625 0.021875 0.0328125 0.0390625
4 0.8703125 0.94921875 0.0234375 0.03125
3 0.86640625 0.47890625 0.0453125 0.05
3 0.9171875 0.4734375 0.053125 0.0421875
3 0.8046875 0.43984375 0.046875 0.034375
3 0.29296875 0.66796875 0.0515625 0.046875
3 0.74609375 0.62109375 0.05625 0.046875
3 0.5875 0.66171875 0.040625 0.0796875