3 0.22265625 0.50546875 0.046875 0.0453125
3 0.10234375 0.64296875 0.0453125 0.0390625
3 0.7765625 0.47890625 0.0453125 0.0328125
3 0.28203125 0.64296875 0.04375 0.04375
3 0.92109375 0.53671875 0.0453125 0.0375
3 0.63125 0.634375 0.0453125 0.040625
3 0.8640625 0.540625 0.04375 0.0328125
3 0.43203125 0.50859375 0.046875 0.0375
3 0.63515625 0.78046875 0.0265625 0.071875
3 0.58359375 0.97109375 0.0265625 0.053125
3 0.6171875 0.978125 0.025 0.0359375
4 0.6390625 0.0375 0.009375 0.021875
4 0.68359375 0.13046875 0.009375 0.0265625
4 0.321875 0.2921875 0.0109375 0.015625
4 0.3546875 0.26640625 0.0109375 0.0203125
4 0.32734375 0.31796875 0.009375 0.01875