3 0.353125 0.4703125 0.0390625 0.034375
3 0.559375 0.48203125 0.0328125 0.03125
3 0.68828125 0.45390625 0.0359375 0.034375
3 0.4390625 0.47578125 0.034375 0.03125
3 0.75390625 0.4578125 0.0328125 0.03125
3 0.8484375 0.4625 0.03125 0.0296875
3 0.4171875 0.58515625 0.0296875 0.0515625
3 0.52421875 0.540625 0.028125 0.04375
3 0.43125 0.7296875 0.028125 0.06875
3 0.45078125 0.8203125 0.0296875 0.0734375
3 0.3328125 0.50390625 0.04375 0.040625
1 0.528125 0.9375 0.0140625 0.0296875
3 0.909375 0.4625 0.0328125 0.03125
3 0.45859375 0.7296875 0.025 0.0671875
3 0.446875 0.9578125 0.03125 0.0796875
4 0.3546875 0.92578125 0.009375 0.015625
4 0.309375 0.97265625 0.009375 0.015625
4 0.32421875 0.953125 0.0125 0.0171875
4 0.3625 0.86171875 0.009375 0.01875
4 0.31875 0.82265625 0.009375 0.015625
4 0.29921875 0.8140625 0.009375 0.0140625
4 0.353125 0.7234375 0.0078125 0.015625
4 0.38125 0.74296875 0.0109375 0.01875
4 0.37421875 0.7515625 0.0078125 0.0125
4 0.378125 0.76796875 0.009375 0.0171875
4 0.35703125 0.78984375 0.0078125 0.0171875
4 0.353125 0.8 0.0078125 0.0140625
4 0.359375 0.81015625 0.0078125 0.021875
4 0.37265625 0.79609375 0.00625 0.015625
4 0.36796875 0.784375 0.00625 0.015625
4 0.3640625 0.72734375 0.009375 0.0140625
4 0.3796875 0.678125 0.0109375 0.0171875
4 0.37421875 0.63984375 0.0125 0.0171875
3 0.13828125 0.45859375 0.04375 0.0375
3 0.02421875 0.453125 0.0390625 0.028125
4 0.33828125 0.4375 0.0078125 0.0125
4 0.346875 0.440625 0.0078125 0.0140625
4 0.35546875 0.43828125 0.0078125 0.01875
4 0.28671875 0.425 0.0125 0.021875
4 0.13359375 0.4109375 0.009375 0.0171875
4 0.17265625 0.06484375 0.00625 0.0109375
4 0.17734375 0.06640625 0.0078125 0.0125
4 0.19140625 0.06640625 0.009375 0.015625
4 0.275 0.046875 0.0109375 0.01875
4 0.47421875 0.065625 0.0078125 0.0171875
4 0.5234375 0.03828125 0.00625 0.015625
4 0.50078125 0.01875 0.009375 0.0171875
4 0.5046875 0.00703125 0.00625 0.0140625
4 0.5359375 0.07578125 0.0078125 0.0171875
4 0.46953125 0.07890625 0.00625 0.0125
4 0.5640625 0.05390625 0.0078125 0.01875
4 0.59921875 0.06484375 0.00625 0.0140625
4 0.60234375 0.06640625 0.0078125 0.0203125
4 0.56875 0.0859375 0.0046875 0.0125
4 0.571875 0.0875 0.00625 0.015625
4 0.6265625 0.08671875 0.00625 0.0203125
4 0.6296875 0.084375 0.00625 0.0171875
4 0.7953125 0.11640625 0.0046875 0.0109375
4 0.86484375 0.12109375 0.0078125 0.0203125
4 0.82265625 0.11953125 0.0046875 0.0125
4 0.8265625 0.11953125 0.0046875 0.0109375
4 0.89296875 0.11171875 0.0078125 0.01875
4 0.91796875 0.1296875 0.009375 0.0203125
1 0.9046875 0.1 0.0140625 0.0171875
4 0.9953125 0.18671875 0.009375 0.01875
4 0.65859375 0.55703125 0.0078125 0.0203125
4 0.57265625 0.69765625 0.009375 0.0234375
4 0.57265625 0.74609375 0.0078125 0.0203125
4 0.56796875 0.78046875 0.009375 0.021875
4 0.54296875 0.7609375 0.009375 0.0171875
4 0.53125 0.86015625 0.0109375 0.0203125
4 0.50859375 0.81484375 0.00625 0.01875
4 0.5078125 0.79609375 0.0078125 0.0203125
4 0.51484375 0.7953125 0.0078125 0.01875
4 0.51953125 0.7953125 0.00625 0.015625
4 0.528125 0.759375 0.00625 0.015625
4 0.51640625 0.72734375 0.00625 0.0140625
4 0.503125 0.81875 0.00625 0.015625
4 0.54296875 0.828125 0.0078125 0.01875
4 0.696875 0.26953125 0.0109375 0.0203125
4 0.70625 0.24609375 0.0109375 0.0203125
4 0.86015625 0.27734375 0.009375 0.01875
4 0.0734375 0.1453125 0.0125 0.0203125
4 0.1046875 0.1890625 0.009375 0.01875
4 0.1109375 0.18828125 0.009375 0.0203125
4 0.3078125 0.825 0.009375 0.0171875
4 0.33671875 0.8328125 0.0078125 0.015625