3 0.11015625 0.5671875 0.0578125 0.0625
3 0.2203125 0.61171875 0.0515625 0.05
3 0.70078125 0.6109375 0.0578125 0.05625
3 0.61875 0.6296875 0.05 0.046875
3 0.36796875 0.6109375 0.05 0.05
3 0.7359375 0.56171875 0.078125 0.078125
3 0.8640625 0.684375 0.053125 0.05625
3 0.471875 0.63046875 0.0765625 0.065625
3 0.653125 0.7453125 0.053125 0.053125
3 0.83984375 0.61953125 0.05 0.046875
3 0.940625 0.675 0.0546875 0.05
3 0.390625 0.040625 0.0375 0.08125
3 0.34453125 0.0109375 0.0359375 0.021875
3 0.5625 0.61015625 0.0515625 0.0484375
3 0.0703125 0.634375 0.053125 0.05625
3 0.54609375 0.496875 0.0515625 0.0484375
3 0.2359375 0.93828125 0.034375 0.05
3 0.32578125 0.0921875 0.040625 0.0890625
3 0.296875 0.11796875 0.034375 0.06875
3 0.33828125 0.29921875 0.0421875 0.06875
2 0.309375 0.0296875 0.05 0.059375
3 0.61796875 0.890625 0.0671875 0.0828125
3 0.94140625 0.721875 0.0625 0.0703125
3 0.609375 0.5234375 0.046875 0.046875
3 0.534375 0.5421875 0.0515625 0.05
3 0.50390625 0.59296875 0.0484375 0.0421875
3 0.58046875 0.565625 0.0546875 0.0484375
3 0.6609375 0.5453125 0.0546875 0.04375
3 0.6296875 0.584375 0.05 0.05
3 0.790625 0.65 0.0546875 0.046875
3 0.09296875 0.45234375 0.0578125 0.0578125
3 0.27109375 0.4484375 0.046875 0.06875