4 0.2513125 0.8584166666666668 0.24516145833333336 0.28315740740740736
4 0.36570312499999996 0.4856018518518519 0.09016145833333328 0.15555555555555556
4 0.342171875 0.375 0.04799479166666672 0.08333333333333333
4 0.5340729166666667 0.8745740740740741 0.3080572916666668 0.25085185185185194
4 0.48797395833333324 0.5885462962962963 0.16247916666666667 0.2048611111111111
4 0.5032760416666666 0.4444444444444444 0.08372916666666678 0.08564814814814815
4 0.49359895833333334 0.38036111111111115 0.06798958333333331 0.10631481481481486
4 0.43525520833333337 0.321212962962963 0.046651041666666636 0.08796296296296297
4 0.36636979166666667 0.2940462962962963 0.06850520833333332 0.09708333333333335
4 0.328890625 0.32285185185185183 0.041182291666666634 0.06045370370370367
4 0.26988541666666666 0.2555185185185185 0.06486458333333331 0.04942592592592592
4 0.04096354166666667 0.1970925925925926 0.03315104166666667 0.029101851851851858
4 0.09092708333333334 0.1696666666666667 0.03628645833333334 0.025129629629629616
4 0.12793229166666667 0.21646296296296297 0.05337500000000001 0.03656481481481482
4 0.22205729166666668 0.21541666666666667 0.05369270833333335 0.03664814814814813
4 0.2777864583333333 0.20942592592592593 0.04128125 0.03353703703703706
4 0.4762552083333333 0.285787037037037 0.04677083333333331 0.05912962962962964
4 0.5593489583333333 0.3464074074074074 0.0748437499999999 0.09274999999999996
4 0.5409114583333333 0.29237037037037034 0.0695364583333332 0.0632592592592592
4 0.5887343749999999 0.3065277777777778 0.0579010416666667 0.0496203703703704
8 0.29290625 0.29026851851851854 0.038875000000000055 0.07726851851851856
8 0.309640625 0.22393518518518515 0.024302083333333377 0.0496388888888889
8 0.3345416666666667 0.22436111111111112 0.02770312500000003 0.03135185185185187
8 0.36478125 0.2235462962962963 0.026640625000000046 0.029101851851851806
4 0.08775 0.1939537037037037 0.012281249999999992 0.021194444444444432
7 0.08341666666666667 0.21543518518518517 0.024723958333333317 0.020296296296296312
8 0.16696875 0.6449444444444444 0.17633854166666668 0.26440740740740737
4 0.43016666666666664 0.36053703703703704 0.020026041666666692 0.04513888888888889
4 0.4330104166666667 0.4071666666666667 0.026364583333333278 0.05176851851851849
7 0.43407291666666664 0.4623888888888889 0.01221354166666669 0.07060185185185185
7 0.42007812499999997 0.41497222222222224 0.015473958333333352 0.05910185185185189
4 0.6346927083333332 0.46568518518518526 0.03517708333333332 0.05925925925925926
4 0.737734375 0.5712962962962963 0.03722395833333323 0.07222222222222222
7 0.6380312499999999 0.5537592592592592 0.04503645833333323 0.09837037037037037
7 0.7386458333333333 0.6625 0.05987500000000002 0.1361111111111111
8 0.627859375 0.3874722222222223 0.05288541666666665 0.12679629629629635
4 0.7174427083333333 0.4628425925925926 0.12154166666666673 0.18864814814814815
4 0.8405104166666667 0.5978703703703704 0.16228124999999996 0.18462037037037024
4 0.837359375 0.45555555555555555 0.15314062499999986 0.1111111111111111
4 0.942375 0.6796296296296296 0.1152500000000001 0.1962777777777778
4 0.699265625 0.2133611111111111 0.057802083333333344 0.035564814814814785
4 0.9825416666666666 0.3562222222222223 0.02868229166666675 0.11435185185185186