4 0.572375 0.7561759259259259 0.43243229166666663 0.34104629629629624
4 0.18555208333333334 0.8556481481481482 0.2724583333333333 0.2887037037037037
4 0.937203125 0.2490740740740741 0.07604166666666666 0.041666666666666664
6 0.6400364583333332 0.44357407407407407 0.13736979166666666 0.2748888888888889
6 0.5693229166666666 0.30287962962962967 0.1571562499999999 0.2356759259259259
4 0.16768229166666668 0.6331018518518519 0.03608854166666665 0.18287037037037038
4 0.10519270833333334 0.6099537037037037 0.038671875 0.16435185185185186
4 0.3919583333333333 0.41522222222222227 0.020552083333333353 0.12037037037037036
4 0.2939635416666667 0.5289351851851852 0.03353645833333327 0.1597222222222222
4 0.8230677083333333 0.6137592592592592 0.046755208333333326 0.09722222222222222
4 0.9797499999999999 0.7266481481481482 0.04050000000000011 0.17923148148148144
7 0.9473125 0.8265555555555555 0.10537500000000008 0.16898148148148148
7 0.8262291666666667 0.7161018518518518 0.04638020833333343 0.10813888888888885
4 0.70534375 0.3101851851851852 0.05191666666666658 0.09259259259259259
4 0.4079166666666667 0.32363888888888886 0.0635989583333334 0.07957407407407413
4 0.35201562499999994 0.3579259259259259 0.07058854166666677 0.08506481481481482
4 0.2990104166666666 0.4602314814814815 0.12987500000000007 0.16925925925925933
4 0.1632239583333334 0.45073148148148157 0.14844791666666665 0.11716666666666663
4 0.1564635416666667 0.5834537037037038 0.170984375 0.17105555555555557
4 0.05039583333333333 0.5336851851851852 0.10079166666666665 0.0992962962962963
4 0.05600520833333332 0.696787037037037 0.11201041666666664 0.237462962962963
4 0.3069791666666667 0.35532407407407407 0.017921874999999924 0.05787037037037037
4 0.3512447916666667 0.2465277777777778 0.059593750000000036 0.08101851851851852
4 0.29917708333333337 0.21208333333333335 0.059567708333333275 0.038805555555555524
4 0.7127864583333333 0.2689814814814815 0.08204166666666665 0.06111111111111111
4 0.6788697916666666 0.24853703703703706 0.05532812500000001 0.050305555555555596
4 0.6674739583333333 0.2986111111111111 0.016145833333333335 0.046296296296296294
4 0.8991354166666666 0.20752777777777778 0.02443750000000004 0.030787037037037036
4 0.7833385416666666 0.2147037037037037 0.04221874999999997 0.04513888888888889
4 0.8128958333333334 0.20729629629629628 0.03833333333333329 0.02662037037037037
4 0.7741979166666667 0.23655555555555555 0.011026041666666705 0.04208333333333332
4 0.7220260416666666 0.2135462962962963 0.04324479166666653 0.03356481481481482
4 0.7143385416666667 0.2175925925925926 0.00965624999999998 0.046296296296296294
8 0.8692604166666666 0.21192592592592593 0.034708333333333265 0.031712962962962964
4 0.9212239583333334 0.21771296296296297 0.01619791666666662 0.02646296296296295
4 0.8174010416666667 0.21581481481481482 0.009145833333333304 0.0441574074074074
4 0.9063802083333333 0.17191666666666666 0.038822916666666644 0.023499999999999997
8 0.9685052083333333 0.23228703703703704 0.04084375000000004 0.056981481481481445