8 0.269859375 0.48726851851851855 0.07569791666666663 0.20601851851851852
4 0.8369270833333334 0.4496851851851852 0.15409375000000006 0.10897222222222216
4 0.23784895833333333 0.8281574074074074 0.24599479166666668 0.34368518518518526
4 0.436640625 0.625287037037037 0.15492708333333335 0.2627685185185185
8 0.5778385416666667 0.5562685185185186 0.08903125000000003 0.23669444444444454
4 0.37081770833333333 0.47453703703703703 0.06359374999999995 0.16666666666666666
4 0.8909010416666666 0.6030092592592593 0.03606770833333333 0.13194444444444445
4 0.6935312499999999 0.3563981481481482 0.020130208333333382 0.05425925925925928
4 0.7095833333333333 0.46906481481481477 0.15020312499999994 0.1741481481481482
4 0.842859375 0.5910833333333333 0.1797083333333333 0.17703703703703708
4 0.9471927083333332 0.6532222222222223 0.10561458333333344 0.15651851851851847
4 0.9116666666666667 0.8518518518518519 0.17666145833333335 0.2638888888888889
4 0.7611979166666667 0.8245370370370371 0.2578125 0.3509259259259259
4 0.26280729166666666 0.3250185185185185 0.021322916666666636 0.09534259259259262
4 0.34281770833333336 0.38657407407407407 0.06231770833333338 0.09259259259259259
4 0.4137760416666667 0.40162037037037035 0.07399999999999997 0.08101851851851852
4 0.590171875 0.33096296296296296 0.06221875000000002 0.08806481481481483
4 0.6472916666666666 0.36375 0.08354166666666671 0.09751851851851846
8 0.40377083333333336 0.3313333333333333 0.05798958333333329 0.09196296296296301
4 0.31531770833333334 0.2523148148148148 0.06719791666666666 0.05555555555555555
8 0.5100625 0.4097222222222222 0.048026041666666686 0.14814814814814814
4 0.11211979166666668 0.20424074074074075 0.036546875000000006 0.04062962962962963
8 0.18528125 0.21630555555555556 0.04321354166666668 0.05265740740740741
4 0.22157291666666667 0.21787037037037038 0.049130208333333356 0.044509259259259304
8 0.45889062500000005 0.2593333333333333 0.05226041666666662 0.06930555555555558
8 0.3714635416666667 0.24537037037037038 0.03626562500000006 0.05555555555555555
4 0.6984114583333334 0.2117777777777778 0.05931770833333327 0.029444444444444454
4 0.6415833333333333 0.28983333333333333 0.075390625 0.05723148148148143
8 0.40850000000000003 0.23894444444444446 0.035046874999999984 0.06662037037037041
8 0.2624114583333333 0.22024074074074076 0.044119791666666686 0.057537037037037025
4 0.044703124999999996 0.19907407407407407 0.04940624999999999 0.037037037037037035
7 0.2979114583333333 0.38657407407407407 0.024578125000000027 0.05092592592592592
4 0.29611979166666663 0.3389537037037037 0.027182291666666695 0.05092592592592592
4 0.32496875000000003 0.3044351851851852 0.018796874999999956 0.04543518518518523
7 0.5976666666666667 0.9212962962962963 0.08296875000000009 0.1574074074074074
4 0.585515625 0.757712962962963 0.06908854166666671 0.1388888888888889