4 0.5717109375 0.5816527777777778 0.04662500000000005 0.11300000000000002
4 0.320734375 0.7601805555555556 0.0819296875 0.1246388888888889
4 0.7822734375 0.13152777777777777 0.04950000000000001 0.06661111111111112
4 0.6883359375 0.6412222222222221 0.09037500000000005 0.16176388888888885
4 0.6444765625 0.5319305555555556 0.08732031249999998 0.10711111111111112
4 0.41896875 0.8279444444444445 0.10934375000000003 0.13348611111111097
4 0.4930078125 0.6303472222222223 0.09838281250000006 0.14055555555555563
4 0.63075 0.7884305555555555 0.11051562500000003 0.14269444444444446
4 0.38237499999999996 0.7127083333333333 0.09997656249999998 0.13999999999999993
4 0.43186718749999997 0.6667777777777778 0.09467187500000004 0.13426388888888882
4 0.5528515625 0.9234583333333333 0.11674218750000005 0.1530555555555556
4 0.8574531249999999 0.35547222222222224 0.08024218750000003 0.10051388888888889
8 0.26115625 0.36722222222222217 0.05640625000000003 0.08020833333333334
8 0.41546874999999994 0.27043055555555556 0.04825781249999998 0.0641944444444444
4 0.86546875 0.03666666666666667 0.04867968749999996 0.041624999999999995
7 0.6227734375 0.21658333333333332 0.021749999999999936 0.0479583333333333
4 0.85859375 0.3179722222222222 0.0828125 0.06429166666666669
4 0.22516406249999998 0.16530555555555554 0.06504687499999999 0.043013888888888886
7 0.3197109375 0.18851388888888887 0.024343749999999977 0.030152777777777768
7 0.3341953125 0.1634861111111111 0.022562499999999996 0.027180555555555545
4 0.2558671875 0.3177916666666667 0.11211718749999999 0.08908333333333332
8 0.9614843750000001 0.07840277777777778 0.03081250000000004 0.05731944444444446
4 0.7265546875 0.20520833333333333 0.016093749999999928 0.05325000000000005
4 0.7855390625 0.6229305555555555 0.051976562500000066 0.05572222222222223
4 0.8260624999999999 0.36350000000000005 0.04926562499999996 0.08851388888888892
7 0.7464609375 0.05455555555555556 0.018484375000000063 0.03797222222222223
4 0.0541015625 0.3932361111111111 0.108203125 0.08126388888888887
8 0.3968359375 0.16979166666666667 0.030695312500000016 0.047861111111111104
8 0.8705859374999999 0.0964861111111111 0.032203124999999846 0.055486111111111104
4 0.83103125 0.5331666666666667 0.04807812499999997 0.05399999999999999
4 0.702515625 0.7951388888888888 0.05132812500000004 0.07950000000000002
4 0.3010390625 0.8767916666666666 0.07887500000000003 0.14070833333333327
7 0.9159296875 0.037347222222222226 0.0133671875000001 0.03991666666666666
4 0.8362265624999999 0.45990277777777777 0.013578125000000085 0.0632222222222222
8 0.373609375 0.18831944444444446 0.043671874999999985 0.05905555555555555
7 0.5614296875 0.26952777777777776 0.02807031250000005 0.03620833333333332
7 0.3716640625 0.33134722222222224 0.03165624999999998 0.045180555555555516
8 0.8470625 0.07536111111111111 0.03440624999999997 0.05369444444444445
4 0.36219531250000003 0.4046111111111111 0.015835937499999987 0.05055555555555553
8 0.25798437500000004 0.19002777777777777 0.04682812500000004 0.058833333333333356
4 0.36619531250000004 0.9518194444444443 0.09759375 0.09636111111111126
7 0.24224218749999998 0.4202777777777778 0.04060937500000002 0.04445833333333332
4 0.8122890625 0.575875 0.03367968750000001 0.04048611111111108
4 0.7305546875 0.7268333333333334 0.07199218750000007 0.08347222222222217
7 0.8418046875 0.024222222222222225 0.018296875000000056 0.03951388888888888
4 0.566984375 0.3374861111111111 0.011242187500000079 0.049374999999999974
7 0.8113046875000001 0.02104166666666667 0.019593749999999945 0.03701388888888889
8 0.5088515625000001 0.13269444444444445 0.035164062499999996 0.04676388888888887
7 0.94275 0.051444444444444445 0.02074218750000014 0.03848611111111111
7 0.0445859375 0.438625 0.0494765625 0.04477777777777779
8 0.1132734375 0.43280555555555555 0.0661171875 0.0970833333333333
7 0.7796953125 0.155 0.021882812499999994 0.05131944444444443
7 0.9799765624999999 0.04130555555555555 0.015656249999999972 0.03329166666666666
4 0.7683984374999999 0.06183333333333334 0.04149218749999992 0.035472222222222224
7 0.6481953125000001 0.23380555555555557 0.025523437500000058 0.030236111111111085
8 0.6161484374999999 0.19030555555555556 0.038773437500000084 0.059069444444444466
4 0.558953125 0.28956944444444443 0.012664062500000028 0.052819444444444405
4 0.0484765625 0.4251666666666667 0.023148437499999997 0.06293055555555548
4 0.244125 0.39699999999999996 0.01637500000000003 0.03958333333333333
4 0.379171875 0.3119166666666667 0.01657812500000002 0.0398611111111111
4 0.3169140625 0.17319444444444443 0.014210937500000043 0.030111111111111102
4 0.3316015625 0.14256944444444444 0.015890625000000026 0.028208333333333335
4 0.567484375 0.24798611111111113 0.016078124999999943 0.03448611111111109
4 0.6513828125 0.21627777777777776 0.010578124999999971 0.037972222222222185