4 0.46533203125 0.30915371329879104 0.08056640625 0.09499136442141623
4 0.408203125 0.22279792746113988 0.0498046875 0.05094991364421416
4 0.48291015625 0.21329879101899826 0.04052734375 0.047495682210708115
4 0.5419921875 0.25734024179620035 0.037109375 0.05699481865284974
4 0.59765625 0.3134715025906736 0.06591796875 0.09326424870466321
4 0.7099609375 0.4075993091537133 0.08056640625 0.13471502590673576
4 0.82421875 0.5414507772020726 0.10009765625 0.15457685664939552
4 0.8779296875 0.46113989637305697 0.04248046875 0.08635578583765112
4 0.8203125 0.41278065630397237 0.0537109375 0.07167530224525043
4 0.77490234375 0.37132987910189985 0.04638671875 0.06044905008635579
4 0.73876953125 0.33678756476683935 0.03955078125 0.04922279792746114
4 0.6669921875 0.2392055267702936 0.03125 0.04058721934369603
4 0.73388671875 0.2651122625215889 0.04248046875 0.04231433506044905
4 0.2197265625 0.3549222797927461 0.068359375 0.09844559585492228
4 0.13134765625 0.38687392055267705 0.0576171875 0.12089810017271158
4 0.19873046875 0.26424870466321243 0.03955078125 0.0535405872193437
4 0.26513671875 0.2469775474956822 0.037109375 0.06217616580310881
4 0.03857421875 0.3290155440414508 0.0361328125 0.07512953367875648
4 0.0595703125 0.28842832469775476 0.0556640625 0.05008635578583765
4 0.01025390625 0.25647668393782386 0.01904296875 0.03454231433506045
4 0.08349609375 0.26770293609671847 0.0400390625 0.04317789291882556
4 0.03125 0.22797927461139897 0.02587890625 0.037996545768566495
4 0.06005859375 0.20984455958549222 0.0224609375 0.027633851468048358
4 0.0830078125 0.18652849740932642 0.0146484375 0.02936096718480138
4 0.05419921875 0.24611398963730569 0.0166015625 0.027633851468048358
4 0.1064453125 0.24179620034542315 0.04931640625 0.03281519861830743
4 0.130859375 0.23229706390328153 0.0390625 0.03626943005181347
4 0.0927734375 0.2158894645941278 0.0283203125 0.024179620034542316
4 0.10205078125 0.18739205526770294 0.01416015625 0.030224525043177894
4 0.119140625 0.18998272884283246 0.01611328125 0.025906735751295335
4 0.14892578125 0.20207253886010362 0.03759765625 0.03540587219343696
4 0.14013671875 0.17616580310880828 0.01904296875 0.018998272884283247
4 0.169921875 0.18911917098445596 0.02099609375 0.027633851468048358
4 0.16259765625 0.16666666666666666 0.017578125 0.022452504317789293
4 0.1884765625 0.18048359240069084 0.0244140625 0.02849740932642487
4 0.19580078125 0.15975820379965458 0.029296875 0.02158894645941278
4 0.23095703125 0.17271157167530224 0.017578125 0.027633851468048358
4 0.2822265625 0.17271157167530224 0.01708984375 0.030224525043177894
4 0.2919921875 0.1459412780656304 0.01708984375 0.022452504317789293
4 0.21875 0.15803108808290156 0.01025390625 0.025906735751295335
4 0.24853515625 0.13385146804835923 0.01953125 0.018134715025906734
7 0.66064453125 0.5509499136442142 0.0458984375 0.09412780656303972
4 0.6650390625 0.47236614853195164 0.0302734375 0.06303972366148532
7 0.03466796875 0.4620034542314335 0.0302734375 0.08376511226252159
4 0.03515625 0.3963730569948187 0.02783203125 0.04835924006908463
4 0.71923828125 0.7202072538860104 0.0498046875 0.08117443868739206
7 0.703125 0.8506044905008635 0.0712890625 0.16407599309153714
8 0.3984375 0.16839378238341968 0.0166015625 0.037996545768566495