4 0.14375 0.5879629629629629 0.0375 0.09074074074074075
7 0.159375 0.6712962962962963 0.09166666666666666 0.10925925925925926
4 0.06371354166666666 0.4597222222222222 0.12742708333333333 0.14907407407407408
8 0.21380208333333334 0.35324074074074074 0.058854166666666666 0.09166666666666666
4 0.42421875 0.3486111111111111 0.11614583333333334 0.06759259259259259
4 0.5171875 0.29289814814814813 0.06145833333333333 0.052472222222222184
4 0.4635416666666667 0.28271296296296294 0.05347395833333337 0.05308333333333337
4 0.14878645833333334 0.27469444444444446 0.046875 0.03333333333333333
4 0.1390625 0.3287037037037037 0.036458333333333336 0.04259259259259259
4 0.07170312499999999 0.2882685185185185 0.04409895833333334 0.04197222222222226
6 0.12725520833333334 0.21697222222222226 0.08854166666666669 0.07222222222222224
8 0.240625 0.24691666666666667 0.028473958333333313 0.03950925925925925
7 0.13774479166666667 0.3635462962962963 0.04358333333333335 0.037037037037037035
4 0.23684375 0.3094537037037037 0.014255208333333335 0.05458333333333337
4 0.22368229166666667 0.30750925925925926 0.013708333333333359 0.039962962962962936
4 0.11197916666666667 0.3140833333333333 0.01946354166666667 0.049222222222222195
8 0.11019736822916666 0.2631578944444445 0.0923793859375 0.2660818712962963 0.09320175416666668 0.3055555555555556 0.0970394734375 0.3284600388888889 0.1006030703125 0.32456140370370373 0.10087719322916668 0.31335282685185184 0.10745614010416667 0.288499025 0.12554824583333332 0.2841130601851852 0.12088815781250001 0.2680311888888889 0.11019736822916666 0.2631578944444445
4 0.0298295453125 0.38468013425925923 0.0639204546875 0.38383838425925926 0.09753787864583334 0.39393939351851853 0.1107954546875 0.4183501685185185 0.12405303020833333 0.4183501685185185 0.12263257552083333 0.39057239074074074 0.10558712135416666 0.3611111111111111 0.0705492421875 0.35016835 0.03125 0.3569023564814815 0.0298295453125 0.38468013425925923
4 0.5598958333333334 0.27141666666666664 0.011067708333333334 0.05324074074074074
4 0.7122395833333334 0.2887777777777778 0.052083333333333336 0.04976851851851852
4 0.7171197916666666 0.2447962962962963 0.02734375 0.041666666666666664
4 0.6985677083333334 0.2445 0.007161458333333333 0.04109259259259259
4 0.758984375 0.22708333333333333 0.03411458333333333 0.04953703703703704
4 0.8055989583333333 0.23935185185185184 0.05026041666666667 0.037037037037037035
7 0.900171875 0.845675925925926 0.109375 0.12345370370370363
4 0.8975677083333333 0.7191388888888889 0.06597395833333337 0.14197222222222217
4 0.164234375 0.34475 0.01389062499999998 0.08456481481481486
4 0.17274479166666667 0.3428981481481481 0.019791666666666666 0.0783981481481481
4 0.926734375 0.2235648148148148 0.032937499999999884 0.03799999999999999
4 0.8371458333333333 0.2308240740740741 0.036354166666666764 0.029407407407407424
4 0.9485729166666667 0.21758333333333335 0.04214583333333337 0.039768518518518536