4 0.4014947916666667 0.3818240740740741 0.08364583333333328 0.11449999999999998
4 0.59215625 0.3197962962962963 0.0698541666666666 0.07928703703703703
4 0.266765625 0.5083240740740741 0.1516145833333333 0.21260185185185193
4 0.47555729166666677 0.7928240740740741 0.27862500000000007 0.3834814814814815
4 0.4664010416666667 0.5175092592592593 0.2068958333333334 0.1731018518518519
4 0.6282135416666667 0.6919351851851852 0.2498385416666667 0.26140740740740737
4 0.8424999999999999 0.5709722222222222 0.17344791666666665 0.149925925925926
4 0.836171875 0.4547407407407407 0.16304166666666664 0.12078703703703708
4 0.9520104166666666 0.5368425925925926 0.09597395833333332 0.10452777777777787
4 0.7106145833333334 0.4174444444444444 0.10073958333333337 0.08490740740740745
7 0.5900468750000001 0.5398240740740741 0.06679166666666679 0.07836111111111121
4 0.9473802083333334 0.7124166666666666 0.1052395833333333 0.2696203703703704
4 0.6541510416666667 0.3583240740740741 0.0828854166666666 0.10196296296296296
4 0.09949999999999999 0.7585462962962963 0.19899999999999998 0.24700925925925923
4 0.8260520833333334 0.6567777777777778 0.07072916666666676 0.10062037037037044
7 0.5698072916666667 0.3667314814814815 0.030291666666666592 0.07885185185185183
4 0.153296875 0.2225462962962963 0.07955208333333334 0.05098148148148148
4 0.31534375000000003 0.2516203703703704 0.06819270833333337 0.04938888888888892
4 0.08516145833333333 0.20072222222222222 0.02759375000000001 0.030888888888888903
4 0.6548645833333333 0.26113888888888886 0.03597916666666663 0.035009259259259205
7 0.8494427083333334 0.8007222222222222 0.12401562500000006 0.1581296296296296
4 0.584203125 0.47376851851851853 0.03125 0.06789814814814818
4 0.23457291666666666 0.24572222222222223 0.03405208333333333 0.04273148148148146
7 0.46454166666666663 0.37037037037037035 0.027645833333333297 0.054129629629629666
4 0.46153645833333334 0.3258518518518519 0.021635416666666647 0.037749999999999985
4 0.42307812499999997 0.2781296296296296 0.014421875000000028 0.06196296296296293