6 0.6182083333333334 0.6349537037037037 0.5240885416666666 0.705398148148148
4 0.137078125 0.713212962962963 0.27415625 0.25462962962962965
4 0.292046875 0.5316388888888889 0.12047395833333331 0.22530555555555554
4 0.2940052083333333 0.44907407407407407 0.029786458333333363 0.05555555555555555
8 0.10675 0.5162037037037037 0.117078125 0.1574074074074074
4 0.29790625 0.2978425925925926 0.06883333333333334 0.05863888888888893
4 0.3350104166666667 0.3229166666666667 0.05450520833333338 0.06712962962962964
4 0.33566145833333333 0.3715277777777778 0.053203125000000046 0.0763888888888889
4 0.33913541666666663 0.4695185185185185 0.050593750000000055 0.12886111111111107
4 0.5922760416666667 0.31733333333333336 0.06586458333333335 0.06092592592592588
8 0.6065729166666666 0.35717592592592595 0.053364583333333354 0.09583333333333334
4 0.661828125 0.35878703703703707 0.0614843750000001 0.06661111111111116
4 0.8388177083333334 0.4548611111111111 0.12982291666666654 0.12731481481481483
4 0.9466145833333334 0.5407407407407407 0.10677083333333333 0.0962962962962963
4 0.9455520833333334 0.687212962962963 0.10888541666666664 0.19187962962962965
4 0.8850416666666666 0.6180555555555556 0.034770833333333445 0.20833333333333334
6 0.18529166666666666 0.22800925925925927 0.16391666666666668 0.12268518518518519
6 0.052968749999999995 0.1888425925925926 0.10593229166666666 0.11305555555555558
4 0.48146875 0.2548611111111111 0.04794270833333331 0.05138888888888889
8 0.37159375 0.2449074074074074 0.03600520833333339 0.06388888888888888
8 0.40609895833333337 0.2412037037037037 0.034687499999999954 0.06111111111111111
4 0.3205572916666667 0.24891666666666665 0.060635416666666705 0.04847222222222224
4 0.393859375 0.20201851851851851 0.042453124999999994 0.024972222222222246
4 0.6974635416666667 0.2131111111111111 0.057421875 0.03095370370370371
4 0.7078489583333333 0.35816666666666663 0.024901041666666637 0.046296296296296294