4 0.2413671875 0.17108333333333334 0.06976562499999997 0.04816666666666668
4 0.57215625 0.5821666666666667 0.047250000000000014 0.11620833333333327
4 0.3224453125 0.7588194444444445 0.08244531249999998 0.12194444444444438
4 0.643609375 0.5315972222222223 0.0871171875 0.1065555555555556
4 0.49254687500000005 0.63025 0.09909374999999994 0.14138888888888881
4 0.4156015625 0.8356111111111111 0.10851562500000003 0.13423611111111125
4 0.6856171875 0.6415694444444444 0.09427343750000006 0.14313888888888898
8 0.46870312500000005 0.25120833333333337 0.04932031250000009 0.06712499999999998
4 0.6319765625 0.7873333333333333 0.1143593749999999 0.1451944444444444
4 0.38209375 0.7126805555555555 0.10000781250000004 0.14033333333333328
4 0.4413984375 0.14965277777777777 0.05839062500000001 0.049916666666666665
4 0.4311953125 0.6663888888888889 0.09515624999999997 0.1342916666666666
7 0.24710937500000002 0.373 0.032960937499999954 0.04293055555555555
4 0.3001171875 0.8706666666666667 0.08376562500000002 0.14624999999999994
4 0.55246875 0.9239166666666667 0.11798437499999999 0.15215277777777772
4 0.7300234375 0.19826388888888888 0.01746093749999993 0.05256944444444445
7 0.7301015625 0.14315277777777777 0.023468749999999972 0.03540277777777779
4 0.7851640625 0.6233333333333333 0.05360156250000001 0.05809722222222228
7 0.849734375 0.07925 0.018812499999999944 0.029027777777777784
7 0.39766406249999997 0.25826388888888885 0.0265625 0.042124999999999975
4 0.8598984375000001 0.31677777777777777 0.07935156250000013 0.06327777777777778
4 0.8560859375 0.35509722222222223 0.07983593750000004 0.09933333333333334
7 0.9461796874999999 0.03955555555555556 0.016921874999999885 0.03095833333333333
4 0.8289296875 0.3665 0.05031250000000007 0.08943055555555554
7 0.8101640625 0.11566666666666667 0.02109375 0.039611111111111125
4 0.6995 0.7949722222222222 0.04869531249999994 0.08091666666666665
7 0.8597890625 0.13706944444444444 0.022945312499999915 0.0306111111111111
8 0.348484375 0.15280555555555556 0.04424999999999999 0.04897222222222221
4 0.7323203125 0.7204583333333333 0.07289843749999995 0.0870833333333334
7 0.8270390624999999 0.025972222222222223 0.015648437500000157 0.025055555555555553
4 0.865625 0.014930555555555556 0.03257812499999986 0.029861111111111113
4 0.7901562500000001 0.025694444444444443 0.03853906250000003 0.04283333333333334
4 0.49289843749999995 0.15786111111111112 0.014039062500000022 0.03529166666666666
7 0.3176953125 0.37426388888888895 0.03464062500000002 0.03806944444444444
7 0.93278125 0.01798611111111111 0.017437500000000127 0.03375000000000001
7 0.4332109375 0.11118055555555555 0.02123437500000005 0.02627777777777776
4 0.326765625 0.3959583333333333 0.017710937499999968 0.06018055555555561
4 0.6184296875 0.6994027777777777 0.015546875000000071 0.07083333333333325
4 0.6038203125 0.6764722222222223 0.016007812500000006 0.08059722222222226
4 0.24898437499999998 0.3496666666666667 0.029031249999999974 0.03594444444444444
4 0.325328125 0.3511527777777778 0.021585937499999996 0.03515277777777778
7 0.349828125 0.18994444444444444 0.03296875000000003 0.02369444444444445
4 0.345921875 0.17156944444444444 0.018726562500000023 0.03594444444444444
4 0.40131249999999996 0.23897222222222222 0.02104687500000004 0.03512500000000003
4 0.7324453125 0.12295833333333334 0.0224609375 0.03676388888888889
4 0.9481875000000001 0.024513888888888887 0.016445312500000142 0.027777777777777776
4 0.828953125 0.01225 0.012359375000000127 0.0245
4 0.85215625 0.06209722222222222 0.017398437499999985 0.029416666666666657
4 0.86525 0.12213888888888888 0.01417968750000007 0.03022222222222221
4 0.9208515625 0.11601388888888889 0.010484375000000056 0.03431944444444446
4 0.8142343750000001 0.10661111111111111 0.016156249999999872 0.03186111111111111
4 0.4327421875 0.0959861111111111 0.010695312500000043 0.030777777777777772
4 0.775890625 0.07181944444444445 0.012648437500000043 0.040999999999999995
4 0.8280937500000001 0.5332222222222223 0.04477343749999996 0.047749999999999994
4 0.813265625 0.5784305555555556 0.03614062500000008 0.04415277777777773
4 0.7537734375 0.060208333333333336 0.01760156249999998 0.019277777777777772