4 0.38196093750000004 0.7166527777777778 0.10143750000000003 0.1553333333333333
4 0.43074218750000004 0.6689027777777778 0.09832812499999996 0.13809722222222232
4 0.320890625 0.758638888888889 0.08698437500000003 0.12374999999999996
4 0.4908984375 0.6309722222222223 0.09760156250000004 0.13474999999999998
4 0.642765625 0.5290138888888889 0.08880468750000006 0.0990416666666666
4 0.28271875 0.229875 0.07322656250000001 0.056666666666666685
4 0.5727265625 0.577875 0.04656249999999993 0.11502777777777785
4 0.6886796875 0.6411805555555555 0.08993749999999992 0.14954166666666668
4 0.3042890625 0.19380555555555554 0.06682812499999997 0.053027777777777785
4 0.29693749999999997 0.8687638888888889 0.08540625000000004 0.14334722222222226
4 0.6306406250000001 0.7893333333333334 0.11246093750000004 0.1468194444444445
8 0.278703125 0.36365277777777777 0.05926562500000001 0.07843055555555559
4 0.49315625 0.21293055555555557 0.07124218750000004 0.06776388888888892
4 0.5558515625 0.9246666666666666 0.10199218749999997 0.14705555555555572
4 0.7825546875 0.6239027777777777 0.05003125000000006 0.05537500000000001
4 0.5301015625 0.8419027777777777 0.021632812500000043 0.07566666666666669
4 0.5381953125 0.2963194444444444 0.012367187499999942 0.04481944444444442
4 0.8275546874999999 0.548375 0.05356249999999996 0.10073611111111107
4 0.7303828125 0.7222361111111111 0.0611328125 0.10194444444444449
7 0.4411953125 0.313125 0.030765625000000085 0.03655555555555555
4 0.41479687500000006 0.40288888888888885 0.01917187499999997 0.05773611111111118
8 0.3219765625 0.3280972222222222 0.0529296875 0.06590277777777777
8 0.46420312499999994 0.16238888888888886 0.04278906249999999 0.05988888888888887
7 0.42771875000000004 0.1396388888888889 0.0244140625 0.0316111111111111
8 0.764953125 0.12716666666666668 0.03993749999999992 0.062166666666666655
4 0.637859375 0.1986388888888889 0.012351562499999958 0.051041666666666666
7 0.1999765625 0.3466111111111111 0.03547656250000002 0.0372222222222222
8 0.12598437499999998 0.45425 0.058687500000000004 0.09512500000000002
8 0.2233203125 0.1833611111111111 0.04559375000000001 0.06811111111111112
4 0.8515234375 0.14240277777777777 0.014554687500000085 0.048680555555555574
4 0.8559921875000001 0.05384722222222223 0.012976562500000099 0.02130555555555556
4 0.81528125 0.03611111111111111 0.0353515625 0.03858333333333334
4 0.84865625 0.019125 0.04441406249999993 0.03130555555555555
8 0.9117734375 0.04718055555555555 0.03659375000000011 0.05509722222222223
8 0.9590624999999999 0.04695833333333334 0.0371953125000001 0.07004166666666668
4 0.8198743257812501 0.29915315833333334 0.8637933656250001 0.3244142875 0.88280309921875 0.3512542375 0.8913247046875 0.35835893055555557 0.9027960953124999 0.3386236722222222 0.90082957109375 0.3117837236111111 0.8913247046875 0.30862608194444446 0.8811643296874999 0.2936272861111111 0.85166646640625 0.2857331833333333 0.83069020859375 0.2857331833333333 0.8198743257812501 0.29915315833333334
4 0.85494400703125 0.38835652083333333 0.8749370031250001 0.4041447263888889 0.8913247046875 0.3915141625 0.89951855546875 0.3765153666666667 0.8959132609375 0.35993774999999995 0.88050882109375 0.34336013472222227 0.86117133359375 0.31573077499999996 0.8152857687499999 0.29520610694444444 0.8077474265625 0.31336254305555555 0.8408505835937501 0.3417813138888889 0.85494400703125 0.38835652083333333
4 0.85101095859375 0.3954612138888889 0.85559951484375 0.37177890555555554 0.8418338453124999 0.3354660319444444 0.8129914906250001 0.3188884152777778 0.803814378125 0.3196778263888889 0.7943095109375 0.3851988791666666 0.8372452890625001 0.41440705972222225 0.85101095859375 0.3954612138888889
4 0.826359375 0.4428888888888889 0.016398437499999828 0.07288888888888892
4 0.349140625 0.28020833333333334 0.016757812500000035 0.02847222222222222
4 0.2015625 0.32772222222222225 0.01829687499999999 0.0336527777777778
4 0.4396640625 0.2919305555555555 0.01853125000000002 0.02830555555555555
7 0.8520234375 0.06949999999999999 0.019156249999999986 0.029180555555555564
4 0.4252890625 0.12434722222222222 0.014328124999999936 0.024541666666666687