6 0.6268229166666667 0.8115740740740741 0.3265625 0.3768518518518518
6 0.5494791666666666 0.36825 0.1319427083333333 0.26273148148148145
4 0.6918385416666666 0.5692407407407407 0.17360937499999995 0.09916666666666658
4 0.40842187500000005 0.33164814814814814 0.0390625 0.11082407407407402
4 0.0734375 0.6703703703703704 0.146875 0.1574074074074074
4 0.03828125 0.5425925925925926 0.0765625 0.12222222222222222
4 0.044270833333333336 0.8810185185185185 0.08854166666666667 0.23796296296296296
4 0.1749114583333333 0.5683425925925926 0.06597395833333337 0.1603333333333334
4 0.15993749999999995 0.4381111111111111 0.1141510416666667 0.12004629629629628
4 0.35633854166666673 0.3471111111111111 0.041666666666666664 0.08619444444444448
4 0.4759114583333333 0.3448333333333333 0.054255208333333374 0.07576851851851855
4 0.5015208333333333 0.2657685185185185 0.061197916666666664 0.034824074074074084
4 0.6885885416666667 0.29775 0.055989583333333336 0.08006481481481484
4 0.6284739583333334 0.31549074074074074 0.0381927083333333 0.06924999999999996
4 0.6345520833333335 0.25841666666666663 0.03125 0.047703703703703686
4 0.6940104166666666 0.444287037037037 0.042536458333333374 0.07685185185185185
4 0.9722239583333334 0.6661388888888888 0.05277604166666663 0.10141666666666664
4 0.6840260416666666 0.24506481481481482 0.054067708333333304 0.05009259259259261
4 0.7249479166666667 0.20980555555555555 0.022817708333333304 0.03778703703703704
4 0.6603437500000001 0.19825925925925927 0.028520833333333447 0.025259259259259235
4 0.7733125 0.21492592592592594 0.04514062500000004 0.043037037037037054
4 0.80853125 0.2098611111111111 0.03125 0.030259259259259267
4 0.8363072916666667 0.21007407407407408 0.023312500000000114 0.054500000000000014
4 0.865453125 0.20633333333333334 0.02008854166666675 0.033787037037037046
4 0.88665625 0.20258333333333334 0.020833333333333332 0.02365740740740742
4 0.9104687499999999 0.19619444444444442 0.023807291666666685 0.034675925925925916
4 0.9506458333333333 0.1948703703703704 0.03571354166666675 0.03203703703703706
4 0.9918177083333333 0.19597222222222221 0.01587500000000001 0.042166666666666686
4 0.9141875 0.24004629629629629 0.019343749999999934 0.0562314814814815
4 0.8323437499999999 0.22000925925925927 0.013390625000000019 0.05524999999999996
4 0.7037447916666667 0.3700555555555556 0.01909895833333337 0.05171296296296298
4 0.7509895833333334 0.2607407407407408 0.024307291666666706 0.04176851851851853
4 0.6421145833333334 0.4623611111111111 0.03670833333333334 0.09315740740740731
4 0.42491145833333327 0.44710185185185186 0.049479166666666664 0.08556481481481489
4 0.39496354166666664 0.4301574074074074 0.041666666666666664 0.04090740740740736