4 0.1919453125 0.454625 0.03503125000000003 0.06851388888888894
4 0.054078125 0.4914444444444444 0.03690625000000001 0.07361111111111111
4 0.8002734374999999 0.1745 0.011671875000000043 0.039180555555555566
4 0.807890625 0.17770833333333333 0.008648437500000128 0.04094444444444443
4 0.6465078125 0.6265972222222221 0.022640625000000015 0.08368055555555555
4 0.262109375 0.7686111111111111 0.02628906249999998 0.07425000000000005
7 0.2620625 0.2007638888888889 0.037406249999999995 0.031166666666666662
7 0.4595859375 0.16418055555555555 0.02963281250000005 0.022430555555555565
7 0.2950078125 0.3629027777777778 0.044804687500000016 0.038111111111111144
7 0.14845312500000002 0.42295833333333327 0.033343750000000005 0.039347222222222276
4 0.6012890625 0.30145833333333333 0.01827343750000008 0.04641666666666669
7 0.6846484375 0.19070833333333334 0.023484374999999957 0.026444444444444454
4 0.3868828125 0.15686111111111112 0.017367187500000013 0.03726388888888887
7 0.516515625 0.1403611111111111 0.023625000000000007 0.03845833333333333
7 0.7668125 0.14777777777777779 0.024812499999999994 0.029513888888888888
7 0.8447421875 0.14684722222222224 0.023499999999999945 0.02630555555555555
7 0.9315625000000001 0.08493055555555555 0.0225703124999999 0.025374999999999995
4 0.22855468750000002 0.17077777777777778 0.08532812500000002 0.05150000000000002
4 0.39067968749999993 0.192375 0.05214062499999996 0.05141666666666666
4 0.4695390625 0.20747222222222222 0.05946874999999992 0.078125
6 0.7420390625 0.09405555555555556 0.060429687499999926 0.05202777777777779
4 0.8499531250000001 0.0615 0.04340624999999996 0.04233333333333334
4 0.5681171875000001 0.5694444444444444 0.04178125000000001 0.1388888888888889
4 0.4875625 0.625875 0.07793749999999999 0.13020833333333334
4 0.5549296874999999 0.9192361111111111 0.09549218750000002 0.14756944444444445
8 0.189859375 0.34490277777777784 0.048046874999999975 0.06944444444444449
8 0.47220312499999995 0.121875 0.03322656249999998 0.04788888888888888
8 0.8091015625000001 0.024736111111111108 0.030789062499999974 0.049472222222222216
8 0.534796875 0.2649722222222222 0.05496093749999993 0.0750416666666667
4 0.299421875 0.3328055555555556 0.02508593750000001 0.03525
4 0.257671875 0.17895833333333333 0.0197265625 0.03312500000000001
4 0.45875000000000005 0.14530555555555555 0.018249999999999923 0.02350000000000002
4 0.47680468749999994 0.246 0.05682812500000001 0.059291666666666666
4 0.6896718749999999 0.16586111111111113 0.015546875000000071 0.026180555555555547
8 0.7194296875 0.1370138888888889 0.034187499999999996 0.05288888888888887
4 0.7688515625 0.12713888888888888 0.013445312500000028 0.0256388888888889
4 0.8438203124999999 0.1284722222222222 0.013140625000000128 0.02404166666666667
4 0.8321015624999999 0.16266666666666668 0.012546874999999957 0.04647222222222221
4 0.882578125 0.08627777777777779 0.048757812499999886 0.05181944444444446
4 0.9353203125 0.06409722222222222 0.012257812500000043 0.021361111111111105
4 0.9257109375000001 0.04006944444444445 0.011656250000000057 0.025638888888888885
7 0.9216484375 0.058222222222222224 0.02277343750000007 0.021361111111111105
4 0.8545986140625 0.38034188055555557 0.8530967710937499 0.35630341944444444 0.8431846085937501 0.34348290555555555 0.8065396445312499 0.31570512777777776 0.8017337476562499 0.32745726527777774 0.8002319046874999 0.36591880277777783 0.8029352218750001 0.38621794861111114 0.8347742890625 0.4107905986111111 0.8470894 0.3974358972222222 0.8545986140625 0.38034188055555557
4 0.88823989296875 0.39049145277777775 0.8960494750000001 0.36858974305555553 0.8945476328125 0.3525641027777778 0.8747233078125 0.3392094013888889 0.8603056164062499 0.32104700833333333 0.83897944921875 0.30929487222222224 0.8185543867187499 0.2996794875 0.8128473843749999 0.3125 0.8260636007812501 0.3242521361111111 0.8449868203124999 0.3450854694444444 0.8542982453124999 0.37660256388888885 0.8551993507812499 0.39049145277777775 0.8726207273437501 0.3974358972222222 0.88823989296875 0.39049145277777775
4 0.82095733515625 0.3007478638888889 0.8365765 0.30715811944444443 0.8548989828125 0.3146367527777778 0.8690163046875 0.3349358972222222 0.882232521875 0.34561965833333336 0.89274542109375 0.3482905986111111 0.901456109375 0.33119658055555556 0.90055500390625 0.32104700833333333 0.8945476328125 0.3103632472222222 0.8921446843749999 0.30288461527777777 0.8825328898437499 0.29594017083333335 0.872320359375 0.2895299138888889 0.8615070906250001 0.2863247861111111 0.85099419140625 0.2895299138888889 0.8368768687499999 0.286858975 0.827265075 0.2900641027777778 0.81951904296875 0.29487179444444445 0.82095733515625 0.3007478638888889
4 0.2690028875 0.8893332263888889 0.2867246328125 0.9406152777777779 0.3107541171875 0.9555725430555556 0.33418286484375004 0.9449786319444445 0.34589723906250003 0.9310897430555556 0.33868839375 0.9097222222222222 0.31465890859375 0.8151709402777778 0.30294453515624997 0.7948717944444444 0.28942795 0.7986111111111112 0.2711054671875 0.8028846152777778 0.25578667109375003 0.8151709402777778 0.25398445937499997 0.8360042736111112 0.2690028875 0.8893332263888889
4 0.28582352734375 0.7483974361111111 0.30474674609374997 0.7788461541666667 0.3158603828125 0.8007478638888889 0.32487143984375 0.8130341875000001 0.35430755859374996 0.7938034194444444 0.3603149296875 0.7740384611111111 0.3555090328125 0.7521367527777778 0.32427070234375 0.7083333333333334 0.30955264296874996 0.6891025638888889 0.2771128390625 0.7190170944444445 0.28582352734375 0.7483974361111111
4 0.34891988828125 0.7227564097222223 0.37114716171875 0.7558760680555555 0.37865637578125 0.7702991458333333 0.39097148671875004 0.7879273499999999 0.39697885781250003 0.7799145305555555 0.41830502578125 0.7654914527777779 0.42971903046875 0.7590811972222222 0.433323453125 0.7462606833333333 0.42040760546874995 0.7152777777777778 0.40809249453124996 0.6923076916666667 0.383762640625 0.6554487180555555 0.36574052734375 0.6335470083333333 0.3525243109375 0.638354701388889 0.33810661953125 0.6479700861111111 0.3320992484375 0.6661324791666666 0.33300035390625 0.6891025638888889 0.33694692734375 0.7003205125 0.34891988828125 0.7227564097222223
4 0.47207099765624994 0.7083333333333334 0.47717726328125 0.6912393166666667 0.46726510078125 0.6661324791666666 0.44684003828124996 0.6308760680555555 0.433323453125 0.612713675 0.41710355078125005 0.5977564097222222 0.39577738359375003 0.5961538458333333 0.37985785 0.6137820513888889 0.37865637578125 0.6340811972222222 0.384363378125 0.6522435902777778 0.39637812031249997 0.6693376069444444 0.41079581171874996 0.6896367527777778 0.423711659375 0.7120726500000001 0.44271615859375 0.7361111111111112 0.45975588671875 0.7270299138888889 0.47207099765624994 0.7083333333333334
4 0.42491313359375005 0.8488247861111111 0.44684003828124996 0.8285256416666666 0.4654628890625 0.8189102569444444 0.47177062890625 0.8039529916666666 0.463059940625 0.7852564097222223 0.45044446171874997 0.7617521361111111 0.428817925 0.761217948611111 0.413799496875 0.7660256416666666 0.39487627734375 0.7841880347222221 0.38105932421875 0.7986111111111112 0.37294937265625 0.8098290597222222 0.36513978984375 0.8338675208333334 0.36303721015625 0.8488247861111111 0.36964531875 0.8659188027777778 0.37865637578125 0.875 0.39397517187500003 0.889423076388889 0.403586965625 0.9011752138888889 0.40155029296875 0.8985042736111112 0.4113965484375 0.8760683763888889 0.42491313359375005 0.8488247861111111
4 0.39728910078125 1 0.40269573437500006 0.9829059833333333 0.41140642265625005 0.9561965805555556 0.41200716015624994 0.9310897430555556 0.39248320390625 0.9102564097222223 0.37836588125000004 0.9054487180555556 0.363347453125 0.8985042736111112 0.35463676484375 0.9134615388888889 0.3363142828125 0.9610042736111112 0.3212958546875 1 0.39728910078125 1
4 0.59021626875 0.8488247861111111 0.6076376453125001 0.8653846152777778 0.6178501765625 0.8707264958333334 0.6385756070312499 0.8440170944444445 0.65870030078125 0.8087606833333333 0.68303015390625 0.7804487180555556 0.68873715703125 0.7569444444444444 0.68543310234375 0.7419871791666667 0.674920203125 0.7216880347222221 0.65809956328125 0.7104700861111111 0.64127892421875 0.7136752138888889 0.625359390625 0.7291666666666666 0.6073372765625 0.7580128208333333 0.58931516328125 0.786858975 0.57880226328125 0.8103632472222222 0.5803041062500001 0.8274572652777777 0.59021626875 0.8488247861111111
4 0.6779559804687499 0.7179487180555556 0.68936998515625 0.7067307694444445 0.69928214765625 0.6858974361111111 0.7140002078125 0.6639957263888889 0.7254142125 0.6442307694444445 0.73412490078125 0.638354701388889 0.735326375 0.6148504277777778 0.73232268984375 0.5827991458333334 0.7082932046875 0.5635683763888889 0.6677434492187501 0.6148504277777778 0.6491205984375 0.6538461541666667 0.6446150703125 0.6746794875 0.6452158070312499 0.6912393166666667 0.6440382734375001 0.6923076916666667 0.6662416062500001 0.7120726500000001 0.6779559804687499 0.7179487180555556
4 0.7251239429687499 0.7665598291666668 0.714310675 0.7601495722222222 0.70559998671875 0.7601495722222222 0.69358524453125 0.7638888888888888 0.68337271328125 0.7751068375 0.6770649734374999 0.7932692305555556 0.674662025 0.8082264958333334 0.6803690273437499 0.8253205125 0.68971135078125 0.8360042736111112 0.7251239429687499 0.7665598291666668
4 0.7569713140625 0.7056623930555556 0.7443558343750001 0.7024572652777777 0.71792340078125 0.6837606833333333 0.6959964960937499 0.7099358972222222 0.69359354765625 0.7168803416666667 0.694194284375 0.7227564097222223 0.6986998132812501 0.7307692305555556 0.70080239296875 0.7361111111111112 0.70110276171875 0.7446581194444445 0.7068097640625 0.7569444444444444 0.71311750390625 0.7580128208333333 0.7167219265625 0.7548076916666667 0.72697096640625 0.7622863249999999 0.7569713140625 0.7056623930555556
4 0.7461580453125001 0.6394230763888888 0.73083924921875 0.6538461541666667 0.7221285609375 0.6655982902777778 0.7233300351562499 0.6837606833333333 0.73264146015625 0.6944444444444444 0.7464584140625 0.7019230763888888 0.7593742625 0.7003205125 0.7864074328124999 0.6517094013888889 0.78556471640625 0.6463675208333334 0.7659823703125 0.6420940166666667 0.7461580453125001 0.6394230763888888
4 0.79692179140625 0.5950854694444445 0.79091441953125 0.5945512819444445 0.773192675 0.6004273499999999 0.7647823554687501 0.6105769236111112 0.75967608984375 0.6255341875 0.7602768265625001 0.6410256416666666 0.7719912007812499 0.6436965805555556 0.788211103125 0.6485042736111111 0.80900221640625 0.5982905986111111 0.80202805625 0.5977564097222222 0.79692179140625 0.5950854694444445
4 0.83056306953125 0.5608974361111111 0.8242553304687499 0.5571581194444444 0.81674611640625 0.5539529916666667 0.8104383765625001 0.5539529916666667 0.8032295312500001 0.5630341875 0.79662142265625 0.5817307694444445 0.79902437109375 0.5929487180555555 0.8114060625 0.5950854694444445 0.83056306953125 0.5608974361111111
4 0.83566933515625 0.5144230763888888 0.8257571726562499 0.5128205125 0.81644574765625 0.5197649569444445 0.8077350593749999 0.5357905986111111 0.80623321640625 0.5486111111111112 0.8155446421875 0.5550213680555556 0.82876085859375 0.5598290597222223 0.8323652812500001 0.5582264958333333 0.8504685625 0.5176282055555556 0.8422774437499999 0.5170940166666667 0.83566933515625 0.5144230763888888
4 0.84588186640625 0.4930555555555556 0.8434789179687501 0.5042735041666667 0.8500870265625 0.5154914527777777 0.85279034296875 0.5176282055555556 0.86840950859375 0.48824786388888886 0.8699998125 0.4786324791666667 0.8599991890625001 0.48290598333333334 0.84588186640625 0.4930555555555556
4 0.14650000000000002 0.39490277777777777 0.021796874999999983 0.03795833333333339
4 0.6438836179687499 0.5722222222222222 0.6688742828125 0.5444444444444444 0.689179196875 0.5152777777777777 0.6915220718749999 0.49444444444444446 0.6751219484375001 0.48055555555555557 0.64075978515625 0.46944444444444444 0.6173310375 0.4986111111111111 0.59936899765625 0.5291666666666667 0.60171187265625 0.5652777777777778 0.625921578125 0.5805555555555556 0.6438836179687499 0.5722222222222222