4 0.5700937500000001 0.66775 0.10219531249999995 0.13836111111111096
4 0.5096796875 0.6299166666666667 0.0979531249999999 0.1356666666666666
4 0.3577109375 0.5286111111111111 0.08953906249999992 0.09836111111111102
4 0.6782109375 0.7588333333333334 0.08683593749999989 0.12329166666666665
4 0.6176640625 0.7131666666666667 0.10028124999999992 0.14229166666666673
4 0.4280859375 0.5780972222222223 0.048179687500000054 0.10819444444444441
4 0.30857812500000004 0.6422361111111111 0.09735156249999992 0.15027777777777784
4 0.36928906250000004 0.78875 0.1183671875 0.14623611111111107
4 0.6718984375 0.2876527777777778 0.06535937499999989 0.08079166666666669
4 0.47285937499999997 0.24020833333333333 0.05923437499999995 0.0663472222222222
4 0.0123046875 0.042597222222222224 0.024609375 0.046499999999999986
4 0.5826953125000001 0.8301666666666667 0.1106484374999999 0.1376249999999999
4 0.21325781250000003 0.035958333333333335 0.04411718749999993 0.03191666666666667
4 0.21684374999999995 0.6237638888888889 0.05219531249999996 0.056013888888888946
4 0.453515625 0.9229166666666667 0.11953125 0.15416666666666667
4 0.7038671875 0.8717777777777778 0.09303906250000012 0.15965277777777784
4 0.1618448890625 0.2815393513888889 0.12362397968750001 0.29177708333333335 0.10084808359375 0.31348586666666667 0.09352726015625 0.3395364055555556 0.11223603124999999 0.35835068472222226 0.14395960078125 0.319274875 0.18788454296874998 0.29901334444444444 0.1618448890625 0.2815393513888889
4 0.12362397968750001 0.4104517638888889 0.14752197265625 0.39380787083333335 0.16022809765624998 0.34098365833333333 0.19683221640624998 0.32361663194444446 0.18056371953125 0.29032983194444445 0.12606425390625 0.33230014444444445 0.10003465859375 0.3612451888888889 0.1041017828125 0.39163748472222226 0.12362397968750001 0.4104517638888889
4 0.1472133 0.39887374583333335 0.16754892187499998 0.4147935194444445 0.21391413828125 0.3844012236111111 0.200899340625 0.31059136249999997 0.1586012484375 0.3380891541666667 0.1472133 0.39887374583333335
7 0.7546015625 0.36706944444444445 0.03587499999999988 0.04120833333333328
4 0.5210703125 0.36033333333333334 0.017234374999999958 0.06268055555555554
7 0.7509453125000001 0.2320138888888889 0.03207812499999996 0.039444444444444414
8 0.7818203125000001 0.18005555555555552 0.05374218749999997 0.05859722222222222
7 0.30076562500000004 0.2220277777777778 0.023093749999999958 0.030263888888888917
7 0.311328125 0.20202777777777778 0.020875000000000022 0.03243055555555559
7 0.2698828125 0.13059722222222223 0.02162500000000005 0.030972222222222238
7 0.25836718750000004 0.07030555555555555 0.017429687499999957 0.022611111111111113
4 0.08391406250000007 0.03584722222222222 0.039773437499999884 0.041819444444444444
4 0.12339062500000005 0.12891666666666665 0.011343749999999986 0.049027777777777795
4 0.10698437500000005 0.11826388888888889 0.012382812499999929 0.043708333333333335
7 0.054054687500000045 0.07926388888888888 0.019085937499999872 0.02616666666666667
7 0.05492187499999997 0.04583333333333333 0.015867187499999956 0.018694444444444454
7 0.031640625 0.025958333333333337 0.013070312500000014 0.04056944444444444
7 0.50553125 0.2899027777777778 0.024398437500000016 0.033680555555555554
4 0.660671875 0.1302361111111111 0.014906249999999944 0.04263888888888887
4 0.20866511015625 0.5912802069444444 0.19369809296875 0.5542305513888889 0.1670177578125 0.5582828569444445 0.18849217421875 0.6028582250000001 0.20866511015625 0.5912802069444444
4 0.14717019140625 0.5166019944444444 0.16864460781249999 0.5600195597222223 0.19499957265625 0.5548094513888889 0.194674203125 0.5304956152777778 0.183611625 0.5131285888888889 0.1629150390625 0.5130787041666667 0.14717019140625 0.5166019944444444
4 0.1585581390625 0.5154441916666667 0.15790739921875002 0.4969193638888889 0.14782093125 0.4864991486111111 0.13057632421875 0.4836046444444444 0.14651945156249999 0.5171808944444445 0.1585581390625 0.5154441916666667
4 0.263046875 0.62 0.018484375000000063 0.056430555555555546
4 0.24047215781250003 0.7024717652777778 0.24014678828124997 0.7024717652777778 0.27268378203125 0.7661508611111111 0.3009909671875 0.7464682319444444 0.309125215625 0.7123130791666666 0.28140462265625 0.6778935180555555 0.24047215781250003 0.7024717652777778
4 0.30977595546875 0.8373556694444444 0.3257190828125 0.8194097416666667 0.3237668625 0.7956748055555555 0.31660872421874997 0.7719398694444444 0.2941581984375 0.7597829513888888 0.2730712890625 0.7663194444444444 0.30977595546875 0.8373556694444444
8 0.5169921875 0.11691666666666668 0.03194531250000008 0.05304166666666666
7 0.4673046875 0.14620833333333333 0.021421875000000055 0.04404166666666668
4 0.632421875 0.9486111111111111 0.08671875 0.10277777777777777
4 0.748375 0.34480555555555553 0.018687500000000058 0.03681944444444443
4 0.7541484374999999 0.2142777777777778 0.01587500000000013 0.027611111111111104
4 0.5003828125 0.2699861111111111 0.012374999999999936 0.026888888888888907
4 0.29625781250000005 0.200125 0.009320312500000049 0.030986111111111114
4 0.30955468750000004 0.18163888888888888 0.008921875000000056 0.025055555555555584
4 0.26472656250000004 0.118125 0.01171875 0.03177777777777777
4 0.25773437499999996 0.05781944444444445 0.00962499999999995 0.022500000000000003