4 0.6531171875 0.3054722222222222 0.06677343750000002 0.08945833333333329
4 0.5292578125 0.22004166666666666 0.06201562500000009 0.07483333333333332
4 0.42800781250000003 0.5818055555555556 0.04733593749999994 0.1130138888888889
4 0.31118750000000006 0.6405138888888889 0.09099218750000002 0.16187499999999994
4 0.679109375 0.7595555555555555 0.08502343749999994 0.12141666666666677
8 0.14014062500000007 0.07926388888888888 0.03351562500000007 0.054611111111111124
4 0.5082578125 0.6308333333333334 0.09875781250000007 0.14775
4 0.5839531250000001 0.8345138888888889 0.11003906249999992 0.13281944444444427
4 0.35571093749999994 0.5322361111111111 0.08707031250000004 0.10608333333333332
4 0.3684453125 0.7879861111111112 0.11275781249999994 0.14455555555555546
4 0.617875 0.7132083333333333 0.10003906249999997 0.1397916666666668
4 0.5683203125 0.6668055555555555 0.09486718750000005 0.13369444444444442
8 0.7505234375000001 0.39455555555555555 0.058523437499999886 0.08774999999999993
4 0.7006249999999999 0.8709305555555557 0.08402343749999996 0.15418055555555554
4 0.4469453125 0.9236805555555555 0.11831250000000004 0.15233333333333343
4 0.1726484375 0.3657777777777778 0.05078906250000017 0.09498611111111109
7 0.9338515624999999 0.4345277777777778 0.05211718750000003 0.03470833333333335
8 0.24162499999999998 0.1606388888888889 0.03589843750000003 0.056833333333333354
4 0.13942187500000003 0.31886111111111115 0.08411718750000005 0.0651111111111111
7 0.5500390625 0.1797638888888889 0.03253125000000008 0.024972222222222246
4 0.7627578125 0.17198611111111112 0.0852656249999999 0.04377777777777779
4 0.29985156249999995 0.7951388888888888 0.048406250000000026 0.07991666666666662
4 0.21423437500000003 0.6224722222222222 0.053359375000000056 0.060638888888888846
7 0.5977187500000001 0.1848888888888889 0.035531250000000014 0.02855555555555556
7 0.838453125 0.4207222222222222 0.04189843750000009 0.03366666666666668
7 0.11084375000000009 0.08783333333333335 0.020062499999999872 0.03255555555555555
8 0.19767968749999998 0.08244444444444445 0.033500000000000085 0.05083333333333333
4 0.23783593749999996 0.052875 0.0419921875 0.03826388888888888
4 0.14448437500000005 0.35441666666666666 0.07990625000000015 0.09806944444444446
7 0.17853124999999997 0.013902777777777778 0.02051562500000017 0.02779166666666667
4 0.267953125 0.7206944444444444 0.07240625000000005 0.08620833333333325
4 0.23822656249999996 0.5342638888888889 0.01590624999999992 0.06783333333333338
7 0.08739843749999991 0.04509722222222222 0.017148437499999857 0.023041666666666672
4 0.14010156249999994 0.1471111111111111 0.011789062500000114 0.04477777777777779
4 0.17371093749999994 0.539138888888889 0.0482421875 0.06283333333333335
4 0.20963281250000004 0.4886111111111111 0.015273437499999964 0.060736111111111137
4 0.17582031249999996 0.16094444444444445 0.015835937499999987 0.0441111111111111
4 0.9331406250000001 0.4097222222222222 0.02953125000000014 0.041666666666666664
4 0.8352187499999999 0.38987499999999997 0.02446875000000013 0.04563888888888891
4 0.59921875 0.16319444444444445 0.02661718749999995 0.03869444444444446
4 0.5498046875 0.16120833333333331 0.022765625000000077 0.032736111111111105
4 0.642140625 0.125 0.018890624999999873 0.05356944444444443
4 0.08470312500000006 0.03026388888888889 0.010992187500000129 0.02876388888888888
8 0.25346875 0.1379027777777778 0.036195312499999945 0.05356944444444443
4 0.24928125000000004 0.09722222222222222 0.020007812499999923 0.021819444444444454
4 0.1091796875 0.06018055555555556 0.017906250000000058 0.02315277777777778
4 0.1048828125 0.01898611111111111 0.0119140625 0.01759722222222222
4 0.62515625 0.9482638888888889 0.07249999999999997 0.10347222222222222