4 0.3900104166666667 0.5870648148148148 0.10869270833333336 0.24029629629629629
4 0.4808385416666667 0.2831296296296296 0.06756250000000001 0.06292592592592595
4 0.6201875 0.7449537037037036 0.186421875 0.38207407407407395
4 0.26824479166666665 0.5029074074074074 0.08845833333333332 0.16106481481481486
4 0.43228645833333335 0.34153703703703703 0.07294270833333331 0.07146296296296302
4 0.8369895833333333 0.4555648148148148 0.159484375 0.12183333333333332
4 0.3058177083333333 0.40087962962962964 0.11707812499999998 0.10939814814814813
4 0.8481979166666667 0.5981481481481481 0.18517708333333333 0.19656481481481478
4 0.09717708333333334 0.5861203703703703 0.1943541666666667 0.1680462962962963
4 0.9495885416666667 0.5406111111111112 0.09236979166666662 0.10371296296296295
4 0.532484375 0.5241851851851852 0.1585416666666666 0.25318518518518524
4 0.94246875 0.6847962962962963 0.11146354166666678 0.2074999999999999
4 0.5717031250000001 0.3629907407407407 0.07765624999999995 0.09469444444444443
4 0.3512135416666667 0.3388425925925926 0.05851562499999995 0.07909259259259256
4 0.265 0.2708703703703704 0.048453125000000014 0.05073148148148145
8 0.4288385416666667 0.42241666666666666 0.06126041666666673 0.14231481481481476
4 0.22822395833333334 0.7990648148148148 0.40810937500000005 0.2693703703703704
4 0.22163541666666667 0.21632407407407406 0.05215104166666666 0.04357407407407405
4 0.5932135416666667 0.47335185185185186 0.11124999999999995 0.15679629629629627
4 0.7101041666666668 0.46000925925925923 0.12071875000000011 0.16481481481481478
4 0.15948958333333335 0.2079074074074074 0.03952604166666666 0.037675925925925925
4 0.04047395833333333 0.19794444444444445 0.032875 0.031712962962962964
4 0.3356302083333333 0.25883333333333336 0.042213541666666646 0.04353703703703702
8 0.6296666666666667 0.3812685185185185 0.0509427083333333 0.09238888888888887
8 0.3661875 0.23869444444444446 0.03309895833333331 0.05523148148148146
4 0.10545833333333333 0.20760185185185187 0.028401041666666682 0.02236111111111109
4 0.6976041666666667 0.21259259259259258 0.058473958333333326 0.030064814814814787
8 0.40725 0.23967592592592596 0.03004687500000003 0.05769444444444442
8 0.1703125 0.44814814814814813 0.08229166666666667 0.11851851851851852
4 0.4195052083333334 0.4499166666666667 0.02841145833333331 0.061444444444444454
4 0.22348437499999999 0.4280277777777778 0.02841145833333331 0.06986111111111115
4 0.19010416666666666 0.2622037037037037 0.07622916666666667 0.04798148148148153
4 0.013020833333333334 0.20075925925925925 0.011838541666666669 0.044611111111111115