4 0.3208203125 0.7595277777777778 0.08417187500000001 0.12343055555555564
4 0.6879296874999999 0.6416805555555556 0.08932031249999994 0.16215277777777778
4 0.5722968749999999 0.5814166666666667 0.04666406250000001 0.1120833333333334
4 0.41588281250000003 0.8349722222222221 0.11010156250000006 0.13297222222222224
4 0.4931015625 0.630625 0.0990234375 0.13980555555555552
4 0.6435546875 0.5320833333333334 0.08665625000000006 0.10625
4 0.382359375 0.7126250000000001 0.09990625 0.1398055555555556
4 0.498484375 0.20431944444444447 0.05380468749999991 0.06734722222222224
4 0.702359375 0.12915277777777778 0.05028906249999991 0.057513888888888885
4 0.2993984375 0.8718194444444445 0.08481249999999996 0.15224999999999986
4 0.430671875 0.6659722222222222 0.09557031249999999 0.13531944444444452
4 0.6314609375 0.7885416666666667 0.10956250000000001 0.14854166666666674
4 0.553125 0.9236111111111112 0.115625 0.1527777777777778
7 0.40590624999999997 0.26863888888888887 0.02819531249999998 0.037125000000000026
4 0.8269375 0.3655694444444444 0.05253124999999983 0.09497222222222222
7 0.2545 0.36879166666666663 0.03307031250000003 0.04209722222222219
7 0.8787265625 0.09506944444444444 0.01928124999999987 0.03051388888888889
8 0.7208125 0.18263888888888888 0.04078906250000003 0.06019444444444447
7 0.32296874999999997 0.3220972222222222 0.032367187499999964 0.040319444444444484
4 0.8560546875 0.3552777777777778 0.08301562500000018 0.09597222222222225
7 0.39390625 0.16159722222222223 0.026468749999999996 0.025347222222222222
7 0.26649218750000003 0.2859166666666667 0.033882812500000005 0.035097222222222196
7 0.26237499999999997 0.235375 0.029945312500000033 0.028361111111111132
4 0.7002265624999999 0.7958055555555555 0.04780468750000004 0.08038888888888904
4 0.8256875000000001 0.5372916666666667 0.045937500000000145 0.04869444444444437
4 0.85746875 0.31601388888888887 0.08735156249999995 0.06420833333333335
4 0.8557343749999999 0.4989722222222222 0.029203125000000087 0.03229166666666667
4 0.8121484375 0.5770833333333333 0.03330468750000008 0.04197222222222226
8 0.2033125 0.2137222222222222 0.04132812499999998 0.05191666666666666
4 0.854453125 0.13726388888888888 0.012460937499999858 0.051430555555555556
4 0.014218749999999999 0.5628888888888889 0.0203046875 0.0560416666666667
4 0.4904296875 0.3158888888888889 0.012156249999999957 0.051013888888888914
4 0.5868828125000001 0.7513333333333334 0.020156249999999966 0.061249999999999874
4 0.013406250000000003 0.44561111111111107 0.026476562500000002 0.06350000000000004
4 0.7304609375 0.7270555555555556 0.07164062500000004 0.0840694444444444
8 0.0133046875 0.2702638888888889 0.026609375 0.05081944444444441
4 0.84434375 0.024555555555555556 0.036765624999999955 0.03341666666666667
4 0.7015390625 0.21776388888888887 0.014859374999999985 0.05481944444444441
4 0.8924843750000001 0.04674999999999999 0.04393749999999983 0.03975000000000001
4 0.365734375 0.9524305555555556 0.08948437499999998 0.09512500000000002
4 0.785734375 0.6207361111111112 0.05271093749999993 0.06323611111111108
4 0.7531875 0.668625 0.06575000000000006 0.06875
4 0.779796875 0.6201527777777778 0.017406249999999977 0.05280555555555553
4 0.44935937499999995 0.3181527777777778 0.014992187500000042 0.05830555555555558
4 0.4053984375 0.25216666666666665 0.010671875000000063 0.031055555555555576
4 0.38166406249999996 0.2308611111111111 0.010085937499999975 0.04827777777777777
4 0.433296875 0.21209722222222224 0.011187499999999951 0.052402777777777805
4 0.39172656250000004 0.14223611111111112 0.010984374999999958 0.023805555555555538
4 0.2559453125 0.3525277777777778 0.011046874999999989 0.049069444444444464
4 0.290234375 0.394 0.01381249999999996 0.06230555555555557
4 0.2774296875 0.42131944444444447 0.02215625000000001 0.06377777777777772
7 0.2690859375 0.4289861111111111 0.037328124999999976 0.041749999999999926
4 0.32530468749999997 0.3040972222222222 0.015749999999999976 0.04304166666666668
4 0.2676640625 0.26918055555555553 0.011648437499999975 0.037555555555555585
4 0.802375 0.043944444444444446 0.043289062499999975 0.03118055555555556
4 0.7502265625 0.06529166666666666 0.04185156249999995 0.027569444444444455
8 0.7690234375 0.03852777777777778 0.025406249999999984 0.04348611111111111
8 0.990296875 0.03677777777777777 0.019398437499999942 0.050416666666666665
4 0.9875624999999999 0.06534722222222222 0.01782812500000013 0.04869444444444445
4 0.8808984375 0.07854166666666666 0.00828124999999993 0.025125000000000005
4 0.2581171875 0.22188888888888889 0.014671874999999978 0.03522222222222224
4 0.7642109375 0.18656944444444445 0.010773437499999972 0.04306944444444443
4 0.8429765625 0.17905555555555555 0.0111328125 0.04684722222222223
4 0.07009375 0.43395833333333333 0.015914062500000003 0.03374999999999994
4 0.3846484375 0.07895833333333334 0.011757812499999964 0.031291666666666676
4 0.6154531249999999 0.2565138888888889 0.011507812500000015 0.05549999999999997