4 0.6885546875 0.6400416666666666 0.08966406249999999 0.16548611111111108
4 0.3120859375 0.32119444444444445 0.07193750000000003 0.07531944444444447
4 0.32018749999999996 0.7594027777777778 0.08257812500000003 0.12266666666666658
4 0.572171875 0.5816111111111111 0.046609375000000064 0.11308333333333327
4 0.071765625 0.37681944444444443 0.06851562500000001 0.08143055555555555
4 0.353765625 0.19340277777777778 0.059507812499999965 0.058111111111111134
4 0.493453125 0.6300833333333333 0.09717187499999991 0.1423055555555556
4 0.4161953125 0.8350277777777778 0.11019531249999996 0.13273611111111103
4 0.6432890625 0.5316805555555556 0.08658593749999995 0.10469444444444444
4 0.6311718749999999 0.7879027777777777 0.11215624999999996 0.14433333333333342
4 0.3823203125 0.712763888888889 0.10002343749999998 0.14066666666666663
4 0.47578125 0.23177777777777778 0.06764843749999994 0.06697222222222227
4 0.4318046875 0.6667638888888889 0.09607812500000001 0.1344722222222223
4 0.5531484375 0.9235277777777778 0.11617968750000003 0.1523472222222223
4 0.2996640625 0.8685972222222222 0.08091406250000004 0.14912500000000017
8 0.21955468749999998 0.20180555555555557 0.044015625000000023 0.06204166666666669
4 0.961296875 0.03626388888888889 0.05148437500000007 0.04475
4 0.8549374999999999 0.35458333333333336 0.08336718750000002 0.10258333333333335
4 0.8279062500000001 0.36477777777777776 0.05294531249999999 0.09430555555555552
7 0.26546875000000003 0.19058333333333333 0.03196874999999997 0.03625000000000001
7 0.37324999999999997 0.27769444444444447 0.02955468750000003 0.04290277777777776
7 0.533703125 0.2521805555555555 0.027648437500000077 0.03886111111111114
7 0.7398281250000001 0.16612499999999997 0.022289062499999977 0.030027777777777764
4 0.8581015624999999 0.3155833333333333 0.08468750000000007 0.06534722222222224
4 0.8260156249999999 0.5369166666666666 0.046804687499999886 0.050597222222222155
4 0.856671875 0.4986666666666667 0.030242187500000028 0.032597222222222264
7 0.311515625 0.169875 0.02315624999999999 0.03384722222222223
4 0.7851484375 0.6239583333333333 0.053023437499999916 0.05837499999999996
4 0.700375 0.7953472222222222 0.04808593749999997 0.07984722222222224
7 0.25100781250000004 0.3002361111111111 0.029421874999999976 0.03433333333333329
7 0.26225 0.36675 0.03336718750000003 0.041222222222222195
7 0.8306953125 0.15509722222222222 0.0200078125000001 0.02468055555555557
4 0.092046875 0.3985694444444445 0.01794531250000001 0.02990277777777774
4 0.622671875 0.30895833333333333 0.013874999999999993 0.04970833333333336
7 0.6761953125 0.20044444444444443 0.019578124999999957 0.030069444444444413
4 0.7306171875 0.7269722222222221 0.07172656249999995 0.08483333333333332
4 0.8122890625 0.5757361111111111 0.033937500000000044 0.04133333333333332
4 0.2926171875 0.41094444444444445 0.015374999999999962 0.06320833333333332
4 0.686984375 0.5725138888888889 0.012093750000000014 0.04030555555555553
4 0.3640234375 0.9494444444444444 0.09480468750000001 0.10111111111111105
4 0.641765625 0.2525277777777778 0.013156249999999935 0.061902777777777765
7 0.34357812499999996 0.15513888888888888 0.021671875000000007 0.03897222222222223
4 0.752375 0.6645833333333333 0.05890625000000007 0.0629583333333334
4 0.697703125 0.239625 0.014343749999999923 0.048680555555555574
4 0.6987734375 0.20093055555555553 0.01160156249999993 0.05116666666666665
4 0.6014609375 0.20597222222222225 0.007906249999999915 0.03347222222222225
4 0.7440234375 0.14890277777777777 0.011296875000000029 0.026958333333333327
4 0.8303125 0.1394027777777778 0.009304687499999886 0.025555555555555564
4 0.8843203125000001 0.0265 0.008679687500000099 0.03987500000000001
4 0.30729687499999997 0.15138888888888888 0.011367187499999964 0.024125000000000008
4 0.3598984375 0.12316666666666667 0.013539062500000032 0.05016666666666667
4 0.25866406249999996 0.17347222222222222 0.009195312499999986 0.027708333333333317
4 0.2482421875 0.28204166666666663 0.012882812500000007 0.04324999999999998
4 0.8064375 0.04570833333333333 0.03897656249999999 0.030958333333333327
4 0.6785703125 0.1839861111111111 0.009335937500000035 0.02808333333333331
4 0.3773125 0.4158333333333333 0.018039062500000026 0.071875
4 0.5385 0.22779166666666664 0.01688281249999992 0.020958333333333298
4 0.60615625 0.26375 0.012484375000000015 0.05529166666666667
4 0.7629140624999999 0.033291666666666664 0.01763281249999995 0.02379166666666666
7 0.7663125 0.05136111111111111 0.02823437500000008 0.022388888888888896
8 0.73328125 0.04070833333333334 0.02466406249999995 0.037111111111111116
7 0.0864921875 0.44237499999999996 0.050703125 0.051013888888888914
4 0.2696015625 0.3430694444444444 0.016953125000000034 0.036430555555555584
4 0.3737578125 0.25481944444444443 0.014335937500000017 0.029861111111111113