4 0.38175 0.7169861111111111 0.1015546875 0.15448611111111113
4 0.43033593750000004 0.6686944444444444 0.10050000000000008 0.13880555555555546
4 0.3194375 0.7581805555555555 0.08737500000000002 0.12506944444444437
4 0.49008593749999996 0.632125 0.09910937499999992 0.13394444444444453
4 0.641875 0.5291527777777778 0.08957031250000007 0.09991666666666674
4 0.5728359375000001 0.5792361111111112 0.045914062499999984 0.11327777777777787
4 0.687546875 0.6420694444444445 0.09053906250000007 0.15043055555555565
4 0.6316875 0.7892361111111111 0.11465624999999999 0.14500000000000013
4 0.2974765625 0.8678194444444445 0.08732812499999998 0.14151388888888902
4 0.7814609375 0.6243194444444444 0.050054687500000125 0.056236111111111126
4 0.9671875 0.08569444444444445 0.012562499999999944 0.043555555555555535
8 0.21291406249999997 0.19734722222222223 0.05096875000000001 0.06559722222222225
4 0.7569765625 0.6695555555555556 0.0697265625 0.055958333333333284
4 0.7088984375 0.21358333333333335 0.014820312500000021 0.046083333333333344
4 0.7252109375 0.7275833333333334 0.07154687499999994 0.07922222222222217
4 0.9211640624999999 0.11997222222222222 0.014109374999999957 0.02479166666666666
7 0.32551562500000003 0.3165833333333333 0.02251562500000004 0.035527777777777755
4 0.8640546875 0.3193611111111111 0.07223437500000003 0.06005555555555557
4 0.8659921875000001 0.3531666666666667 0.0602421875000001 0.09681944444444442
4 0.824390625 0.36586111111111114 0.05934375000000003 0.08747222222222224
4 0.54615625 0.9258472222222223 0.12307812499999997 0.14616666666666667
4 0.0420546875 0.4150138888888889 0.08272656250000002 0.09283333333333338
7 0.19715625 0.4141666666666666 0.03985937499999999 0.045013888888888846
4 0.27849218750000004 0.3496944444444444 0.07092968749999998 0.0818611111111111
8 0.49320312499999996 0.2621527777777778 0.04832031249999993 0.07220833333333335
7 0.3742578125 0.33152777777777775 0.033890624999999994 0.03376388888888889
7 0.44378124999999996 0.3388333333333334 0.029109374999999993 0.0375
8 0.32108593750000003 0.1847361111111111 0.045828124999999977 0.06444444444444442
4 0.27459375 0.19795833333333335 0.012640624999999961 0.054027777777777744
4 0.4105390625 0.16002777777777777 0.05615625000000009 0.06576388888888893
4 0.49926562499999994 0.3195 0.012773437499999929 0.06399999999999997
8 0.752703125 0.14147222222222222 0.04337499999999998 0.05218055555555555
4 0.798296875 0.1615138888888889 0.010765624999999978 0.0495138888888889
4 0.6071093750000001 0.2234861111111111 0.020664062500000035 0.03243055555555559
7 0.7087656250000001 0.14241666666666666 0.015601562500000022 0.04763888888888886
8 0.7789921875 0.034347222222222216 0.02985156250000003 0.04733333333333333
8 0.9543359375 0.03770833333333333 0.03528124999999989 0.04818055555555555
4 0.2035703125 0.3883888888888889 0.027273437499999977 0.03869444444444446
4 0.28084375 0.4241111111111111 0.015523437500000004 0.06448611111111104
4 0.3764375 0.31036111111111114 0.01828124999999998 0.03670833333333334
4 0.44751562500000003 0.3172361111111111 0.01978124999999995 0.03851388888888892
7 0.60546875 0.24075 0.024843749999999963 0.03449999999999997
4 0.8145468749999999 0.08901388888888889 0.013781249999999901 0.02145833333333332
4 0.8294609375 0.09406944444444446 0.010226562500000114 0.027777777777777776
4 0.922484375 0.3216527777777778 0.016585937500000016 0.05366666666666665
4 0.327390625 0.2977916666666667 0.021804687499999975 0.027777777777777776
4 0.4944921875 0.2197222222222222 0.012515624999999985 0.03390277777777781