4 0.3570364583333333 0.34964814814814815 0.0703125 0.07365740740740737
4 0.6832552083333333 0.27642592592592596 0.06441666666666682 0.04693518518518513
4 0.48224999999999996 0.2964259259259259 0.06843229166666671 0.059296296296296264
4 0.6546145833333334 0.4692222222222222 0.0939947916666668 0.10654629629629624
4 0.289703125 0.24599074074074076 0.03569270833333344 0.03885185185185189
4 0.68178125 0.42053703703703704 0.06998437499999995 0.09289814814814819
4 0.42678645833333334 0.24096296296296296 0.048682291666666565 0.034537037037037
4 0.29254687500000004 0.32683333333333336 0.017453125000000114 0.08033333333333333
4 0.33910937499999994 0.24806481481481485 0.0319427083333333 0.04315740740740742
8 0.80009375 0.3219166666666667 0.041562499999999857 0.07812962962962963
4 0.8103333333333332 0.250962962962963 0.04605208333333337 0.02581481481481481
4 0.382375 0.22837037037037036 0.027302083333333373 0.037453703703703746
4 0.8703906250000001 0.24613888888888888 0.03341666666666659 0.020861111111111087
4 0.6126979166666667 0.3722407407407407 0.055098958333333316 0.07780555555555553
4 0.2525052083333333 0.2423425925925926 0.03518229166666676 0.0396666666666667
4 0.853421875 0.3325092592592593 0.049447916666666696 0.06056481481481479
4 0.31019791666666663 0.45878703703703705 0.03835937500000005 0.08071296296296303
7 0.31508854166666667 0.5041851851851852 0.07472916666666668 0.06287037037037045
4 0.27494791666666674 0.32537037037037037 0.016854166666666733 0.08148148148148149
4 0.9503281250000001 0.4540925925925926 0.09934374999999988 0.14274999999999996
4 0.8515833333333334 0.4043240740740741 0.08928645833333325 0.09104629629629633
4 0.654578125 0.5941388888888889 0.17426041666666664 0.16821296296296304
4 0.5984999999999999 0.2646574074074074 0.07688020833333316 0.05607407407407413
4 0.5364427083333333 0.2803425925925926 0.04995312500000016 0.052472222222222184
4 0.5221250000000001 0.25 0.030567708333333363 0.0205740740740741
4 0.7619479166666667 0.44136111111111115 0.03528645833333333 0.0658425925925926
7 0.756890625 0.5041111111111112 0.05177604166666659 0.05349999999999998
4 0.23162500000000003 0.4398148148148148 0.037703124999999935 0.054231481481481526
7 0.23528645833333334 0.5003333333333333 0.06758854166666665 0.06944444444444445
4 0.8872552083333333 0.48750925925925925 0.030479166666666658 0.07407407407407407
7 0.8772604166666667 0.5592592592592592 0.07597916666666672 0.06851851851851852
4 0.046614583333333334 0.6932870370370371 0.08551562500000003 0.12731481481481483
7 0.05575520833333331 0.8020833333333334 0.11151041666666663 0.08564814814814815
4 0.43145312500000005 0.9154351851851851 0.08429166666666674 0.1658981481481482
4 0.9316718749999999 0.2879259259259259 0.045343749999999974 0.03614814814814812
4 0.8807135416666667 0.3044537037037037 0.03491145833333344 0.03836111111111107
8 0.8865416666666667 0.27546296296296297 0.04086458333333335 0.02579629629629631
4 0.9281979166666666 0.24139814814814814 0.037906250000000107 0.033064814814814845
8 0.21824999999999997 0.2406851851851852 0.043171874999999936 0.05133333333333328
4 0.18260416666666662 0.23626851851851852 0.028932291666666762 0.048453703703703686
4 0.16111458333333328 0.23457407407407407 0.03303125000000004 0.03908333333333332
4 0.1360625 0.2327037037037037 0.033338541666666784 0.03871296296296302
8 0.09651041666666664 0.2240185185185185 0.024156250000000056 0.04887037037037034
8 0.07212500000000001 0.23035185185185186 0.03207291666666663 0.05535185185185188
4 0.042906250000000055 0.21409259259259258 0.02488541666666677 0.039296296296296294