4 0.4634270833333333 0.2825648148148148 0.050593750000000055 0.05462962962962963
4 0.5173541666666667 0.2922962962962963 0.05960937500000003 0.05241666666666668
4 0.241625 0.27021296296296293 0.0710677083333333 0.05092592592592592
4 0.07117708333333334 0.28835185185185186 0.04943750000000001 0.042898148148148185
4 0.06328125 0.45458333333333334 0.12655729166666668 0.14781481481481482
4 0.14917708333333335 0.4013055555555556 0.08621874999999998 0.09246296296296297
4 0.119984375 0.3117314814814815 0.03377083333333335 0.04861111111111111
4 0.14197395833333332 0.3299814814814815 0.03738541666666665 0.050694444444444445
8 0.20105729166666667 0.32314814814814813 0.03931770833333334 0.08194444444444444
4 0.17883854166666666 0.2850740740740741 0.05069791666666668 0.03125
4 0.167515625 0.3263888888888889 0.01555208333333334 0.04861111111111111
4 0.180859375 0.32234259259259257 0.013593750000000012 0.05439814814814815
4 0.3277552083333333 0.2580648148148148 0.013536458333333338 0.02662037037037037
7 0.32553645833333333 0.27870370370370373 0.02169791666666671 0.022685185185185187
6 0.3299166666666667 0.20914814814814814 0.08227083333333335 0.07507407407407408
4 0.631140625 0.3036203703703704 0.012338541666666696 0.05774074074074075
4 0.7763645833333332 0.4921574074074074 0.1725208333333332 0.13710185185185178
4 0.732796875 0.26849074074074075 0.07144270833333337 0.04449999999999995
4 0.8682708333333333 0.26187037037037036 0.077734375 0.04640740740740741
4 0.75934375 0.22494444444444445 0.03261458333333327 0.04584259259259259
4 0.659015625 0.21933333333333332 0.02798437500000001 0.03362037037037037
4 0.7147395833333333 0.2386388888888889 0.02442708333333338 0.027759259259259275
4 0.6996666666666667 0.24475 0.010354166666666723 0.04292592592592594
4 0.7886510416666667 0.2273888888888889 0.02891145833333345 0.04567592592592591
4 0.82953125 0.22662962962962963 0.05120833333333342 0.026092592592592573
6 0.6045104166666667 0.267 0.032609375000000065 0.07508333333333336
4 0.9051770833333334 0.23077777777777778 0.06758854166666665 0.036083333333333356
4 0.9520625 0.21326851851851852 0.04153645833333333 0.04292592592592594
4 0.9430520833333333 0.2234814814814815 0.013609375000000057 0.04124999999999998