4 0.610578125 0.8244629629629628 0.30448958333333326 0.3198518518518518
4 0.6209479166666667 0.5438240740740741 0.16611979166666657 0.1694722222222222
4 0.8767135416666666 0.5868796296296297 0.2189583333333334 0.17437962962962955
4 0.4410208333333333 0.39387037037037037 0.0951510416666667 0.0963518518518518
4 0.5164791666666667 0.29300925925925925 0.06122395833333331 0.058194444444444465
4 0.7118958333333333 0.24332407407407408 0.030406250000000058 0.044009259259259234
4 0.8550052083333333 0.22671296296296298 0.04485416666666661 0.037740740740740755
4 0.14706770833333332 0.3329814814814815 0.052156249999999994 0.06448148148148147
4 0.065984375 0.45310185185185187 0.127375 0.14582407407407408
4 0.7692604166666667 0.47784259259259265 0.14946875 0.1136574074074074
7 0.17445833333333333 0.7430185185185185 0.10723437499999999 0.1482314814814814
4 0.1486822916666667 0.39966666666666667 0.08845833333333335 0.09225
4 0.376734375 0.2231296296296296 0.04094270833333328 0.040138888888888884
4 0.12234895833333333 0.31193518518518515 0.03643749999999999 0.05457407407407412
8 0.19854687499999998 0.32019444444444445 0.03711979166666666 0.07025
4 0.5023125 0.24643518518518517 0.04871354166666665 0.03654629629629632
4 0.9408177083333332 0.20882407407407408 0.046197916666666575 0.02763888888888891
4 0.9674375000000001 0.7174537037037038 0.06511979166666677 0.3015277777777777
4 0.7587395833333334 0.21238888888888888 0.03269270833333333 0.03412037037037039
7 0.672125 0.40441666666666665 0.021041666666666715 0.052240740740740706
4 0.22971354166666666 0.28667592592592595 0.03453124999999998 0.04435185185185183
4 0.7829270833333334 0.2411203703703704 0.03871354166666663 0.04265740740740743
4 0.9866770833333334 0.22442592592592592 0.026645833333333258 0.031722222222222214
4 0.8127447916666667 0.24056481481481481 0.04031250000000005 0.03566666666666665
4 0.674953125 0.35774074074074075 0.0241458333333334 0.03872222222222227
4 0.07071354166666667 0.2834722222222222 0.04767708333333334 0.03561111111111114
4 0.202484375 0.5549259259259259 0.25272916666666667 0.16172222222222224
4 0.9439791666666667 0.2486759259259259 0.06952604166666655 0.04609259259259257
4 0.774421875 0.24203703703703702 0.008739583333333438 0.04846296296296299