4 0.7685546875 0.3747841105354059 0.06787109375 0.05699481865284974
4 0.69091796875 0.4075993091537133 0.1201171875 0.13385146804835923
4 0.12255859375 0.5518134715025906 0.13134765625 0.19602763385146804
4 0.0322265625 0.5379965457685665 0.05810546875 0.15716753022452504
4 0.02587890625 0.3281519861830743 0.04248046875 0.1001727115716753
4 0.009765625 0.2538860103626943 0.01611328125 0.039723661485319514
4 0.0478515625 0.29533678756476683 0.02587890625 0.05785837651122625
4 0.03271484375 0.22711571675302245 0.021484375 0.03281519861830743
4 0.0615234375 0.20552677029360966 0.01904296875 0.03540587219343696
4 0.08203125 0.18652849740932642 0.01220703125 0.030224525043177894
4 0.10302734375 0.17789291882556132 0.01611328125 0.02849740932642487
4 0.05224609375 0.24265975820379965 0.0126953125 0.02677029360967185
4 0.22802734375 0.28929188255613125 0.04833984375 0.08894645941278066
4 0.2705078125 0.18911917098445596 0.0263671875 0.044905008635578586
4 0.06884765625 0.28756476683937826 0.0283203125 0.055267702936096716
4 0.08740234375 0.26338514680483593 0.03564453125 0.046632124352331605
4 0.0869140625 0.21848013816925735 0.02197265625 0.025043177892918825
4 0.12939453125 0.23229706390328153 0.03955078125 0.038860103626943004
4 0.15185546875 0.20466321243523317 0.04052734375 0.03540587219343696
4 0.12353515625 0.18566493955094993 0.0146484375 0.02158894645941278
4 0.140625 0.17530224525043178 0.0166015625 0.023316062176165803
4 0.02978515625 0.42487046632124353 0.05810546875 0.06390328151986183
4 0.16015625 0.16321243523316062 0.01513671875 0.022452504317789293
4 0.18115234375 0.18393782383419688 0.0224609375 0.023316062176165803
4 0.18701171875 0.16839378238341968 0.02685546875 0.023316062176165803
4 0.3896484375 0.14162348877374784 0.01708984375 0.023316062176165803
4 0.59228515625 0.30569948186528495 0.0751953125 0.08808290155440414
4 0.5400390625 0.25734024179620035 0.0458984375 0.06044905008635579
4 0.4794921875 0.21070811744386875 0.04052734375 0.05008635578583765
4 0.4521484375 0.18048359240069084 0.017578125 0.03367875647668394
4 0.44189453125 0.17184801381692574 0.01806640625 0.02849740932642487
4 0.41748046875 0.15889464594127806 0.01416015625 0.022452504317789293
4 0.82421875 0.5094991364421416 0.11572265625 0.15112262521588946
4 0.66552734375 0.24093264248704663 0.02587890625 0.03367875647668394
4 0.685546875 0.23488773747841105 0.0224609375 0.027633851468048358
4 0.73193359375 0.26252158894645944 0.02734375 0.024179620034542316
4 0.73388671875 0.29015544041450775 0.0390625 0.03540587219343696
4 0.779296875 0.3143350604490501 0.02783203125 0.04058721934369603
4 0.76318359375 0.2823834196891192 0.0126953125 0.025906735751295335
4 0.81396484375 0.31088082901554404 0.02392578125 0.02936096718480138
4 0.73486328125 0.34974093264248707 0.0439453125 0.04835924006908463
4 0.81201171875 0.4058721934369603 0.06494140625 0.06303972366148532
4 0.87646484375 0.46459412780656306 0.04345703125 0.0768566493955095
4 0.81396484375 0.35751295336787564 0.03515625 0.04058721934369603
4 0.8525390625 0.38255613126079446 0.03466796875 0.047495682210708115
4 0.84765625 0.34024179620034545 0.015625 0.03195164075993091
4 0.87890625 0.3601036269430052 0.02880859375 0.05008635578583765
4 0.91943359375 0.3955094991364421 0.01025390625 0.03540587219343696
4 0.91552734375 0.5 0.037109375 0.08894645941278066
4 0.94677734375 0.40500863557858374 0.01904296875 0.038860103626943004
4 0.9248046875 0.3696027633851468 0.0185546875 0.030224525043177894
4 0.951171875 0.4991364421416235 0.02734375 0.06390328151986183
4 0.98486328125 0.49827288428324695 0.02978515625 0.06303972366148532
4 0.982421875 0.4680483592400691 0.0234375 0.023316062176165803
4 0.9951171875 0.4481865284974093 0.009765625 0.024179620034542316
4 0.97509765625 0.4378238341968912 0.02490234375 0.02677029360967185
4 0.97900390625 0.41882556131260795 0.0166015625 0.024179620034542316
4 0.6962890625 0.36614853195164077 0.0234375 0.04145077720207254
4 0.51318359375 0.25647668393782386 0.0185546875 0.03454231433506045
4 0.8994140625 0.38860103626943004 0.00927734375 0.038860103626943004
4 0.23095703125 0.19775474956822106 0.01416015625 0.02072538860103627
4 0.26025390625 0.30483592400690845 0.02001953125 0.04145077720207254
4 0.11865234375 0.2763385146804836 0.009765625 0.045768566493955096
4 0.12939453125 0.2711571675302245 0.01171875 0.06994818652849741
4 0.40380859375 0.17616580310880828 0.00830078125 0.02849740932642487
4 0.177734375 0.22020725388601037 0.00732421875 0.037132987910189985
7 0.25927734375 0.34628670120898103 0.0234375 0.037996545768566495
7 0.2275390625 0.2158894645941278 0.01708984375 0.022452504317789293