4 0.67934375 0.586462962962963 0.09680729166666661 0.2533981481481482
4 0.5384479166666668 0.8393240740740741 0.21573958333333346 0.3090740740740742
4 0.05572916666666667 0.7189814814814814 0.11145833333333334 0.2712962962962963
4 0.6034322916666668 0.3571944444444444 0.061489583333333306 0.11649074074074069
4 0.16972916666666674 0.45858333333333334 0.15760937500000008 0.13185185185185194
8 0.37326562500000005 0.3888888888888889 0.04983333333333325 0.12934259259259265
4 0.4107864583333333 0.732537037037037 0.1632291666666667 0.3199259259259259
4 0.13997395833333334 0.600212962962963 0.17684895833333342 0.20974999999999996
4 0.5396666666666666 0.3383333333333333 0.061546875000000036 0.09375925925925925
4 0.8575520833333333 0.7652777777777777 0.28489583333333335 0.25462962962962965
4 0.6771562499999999 0.26255555555555554 0.0587552083333333 0.042537037037036984
4 0.6659166666666666 0.33178703703703705 0.05582291666666682 0.08875925925925927
8 0.48726041666666664 0.4849351851851852 0.07131250000000004 0.14300000000000004
4 0.5092083333333333 0.4197592592592593 0.11078125000000003 0.1382222222222222
7 0.42244791666666665 0.36454629629629626 0.021072916666666684 0.048907407407407455
8 0.46526562499999996 0.30977777777777776 0.0388333333333333 0.08862962962962966
4 0.5815260416666667 0.29059259259259257 0.0432864583333334 0.07125000000000004
4 0.6964791666666666 0.30091666666666667 0.027927083333333276 0.062314814814814774
4 0.7684375 0.24433333333333332 0.03790624999999987 0.03958333333333333
8 0.6889270833333333 0.22027777777777777 0.028348958333333247 0.043037037037037054
4 0.2936197916666667 0.4670185185185185 0.1484375 0.16782407407407407
4 0.90234375 0.5810185185185185 0.032552083333333336 0.09490740740740741
4 0.9342447916666666 0.5816018518518519 0.032552083333333336 0.08680555555555555
4 0.8515625 0.40625 0.03125 0.11342592592592593
4 0.4231770833333333 0.3211851851851852 0.018229166666666668 0.03587962962962963
4 0.4986979166666667 0.3055555555555556 0.016927083333333332 0.07407407407407407
4 0.9288177083333333 0.20092592592592592 0.011109374999999961 0.04382407407407406
4 0.7706614583333333 0.20925925925925926 0.009375 0.0345648148148148
4 0.734375 0.27099074074074075 0.05485937499999996 0.07407407407407407
8 0.528125 0.2574074074074074 0.04652604166666663 0.05432407407407404
8 0.6335052083333333 0.24351851851851852 0.03298437499999996 0.052472222222222184
8 0.5930572916666667 0.24074074074074073 0.03125 0.04937962962962967
4 0.6536458333333334 0.6494722222222222 0.04390104166666665 0.11375925925925917
4 0.07291666666666667 0.32660185185185187 0.0227291666666666 0.09932407407407405