4 0.5191770833333333 0.29577777777777775 0.06555208333333327 0.054666666666666634
4 0.7148333333333333 0.24391666666666667 0.031484374999999905 0.0388333333333333
4 0.6759635416666666 0.28503703703703703 0.018005208333333418 0.06262037037037037
4 0.8414947916666667 0.2584444444444444 0.09621354166666668 0.0691296296296296
4 0.36041666666666666 0.2760462962962963 0.017416666666666695 0.04602777777777781
4 0.36754687500000005 0.2248703703703704 0.016276041666666668 0.034564814814814826
4 0.5019739583333334 0.24687037037037038 0.04404166666666664 0.03187037037037036
4 0.7467239583333334 0.24209259259259258 0.03423958333333322 0.043999999999999984
4 0.9470364583333333 0.21450925925925926 0.04847395833333342 0.04241666666666667
4 0.46557291666666667 0.28014814814814815 0.05638541666666666 0.050462962962962966
4 0.07094791666666667 0.3056759259259259 0.014312500000000002 0.06533333333333328
4 0.04534895833333333 0.720675925925926 0.06025520833333333 0.11419444444444438
7 0.06507291666666666 0.8391203703703703 0.13014583333333332 0.1412037037037037
4 0.06432291666666666 0.4597222222222222 0.12864583333333332 0.15648148148148147
4 0.14269270833333333 0.4070185185185185 0.08061458333333332 0.09645370370370367
8 0.1978072916666667 0.32449074074074075 0.03964583333333334 0.08417592592592589
4 0.8408229166666668 0.5254629629629629 0.20910937499999988 0.14814814814814814
4 0.14611458333333335 0.3256203703703704 0.043343750000000014 0.037037037037037035
4 0.11940624999999999 0.30842592592592594 0.0374375 0.04896296296296296
4 0.10678645833333333 0.2633333333333333 0.05763541666666668 0.03900000000000001
4 0.1781875 0.2467685185185185 0.033791666666666664 0.02637962962962964
4 0.05990104166666666 0.23697222222222222 0.03932291666666666 0.02662037037037037
8 0.277203125 0.24874074074074073 0.02817187499999999 0.04509259259259261
4 0.5756770833333333 0.2374351851851852 0.0362395833333333 0.04364814814814814
8 0.9112656250000001 0.22813888888888886 0.041770833333333236 0.05173148148148148