4 0.571984375 0.5816527777777778 0.046632812500000044 0.1121944444444444
4 0.320859375 0.759875 0.08160156250000003 0.12443055555555545
4 0.49110156250000003 0.632 0.10142968749999995 0.14669444444444446
4 0.41528124999999994 0.8347222222222223 0.11002343749999995 0.1332361111111112
4 0.4159296875 0.18855555555555553 0.05067968750000009 0.048361111111111105
4 0.6448828125 0.5318611111111111 0.08935937500000009 0.10316666666666663
4 0.6885078124999999 0.6399305555555556 0.09152343750000007 0.16148611111111108
4 0.6309296875 0.7891527777777778 0.11264843750000005 0.14444444444444443
4 0.382140625 0.7121805555555555 0.1006874999999999 0.1395972222222222
4 0.43186718749999997 0.6670416666666666 0.09434374999999999 0.13348611111111097
4 0.553515625 0.9241527777777777 0.11415624999999992 0.1516944444444445
4 0.77490625 0.09519444444444446 0.04519531249999993 0.05438888888888888
4 0.8276562500000001 0.3657777777777778 0.051148437499999845 0.09194444444444451
7 0.22446875 0.23305555555555557 0.032578125000000034 0.03054166666666668
4 0.8557265624999999 0.3544305555555555 0.08324999999999996 0.09954166666666661
4 0.7874296875 0.6211249999999999 0.04846093749999998 0.05625
8 0.18518749999999998 0.37783333333333335 0.05546093750000001 0.0715138888888889
4 0.39578125000000003 0.15365277777777778 0.06839843749999996 0.04616666666666668
4 0.7001171875 0.7954444444444445 0.048179687500000054 0.07937500000000013
4 0.8581406250000001 0.316 0.08562499999999992 0.06579166666666668
4 0.8306796875 0.5348888888888889 0.04697656250000008 0.047875000000000036
7 0.7945390625 0.14716666666666667 0.021421875000000055 0.03202777777777778
4 0.3012109375 0.8728472222222223 0.08022656249999996 0.1424722222222221
4 0.8125703124999999 0.5772222222222223 0.035484375000000054 0.045152777777777764
7 0.442859375 0.30491666666666667 0.029726562499999963 0.0342222222222222
4 0.7306250000000001 0.7266666666666667 0.07290624999999995 0.08448611111111101
4 0.2889921875 0.20170833333333332 0.06561718750000001 0.04955555555555557
4 0.8556796875 0.4991111111111111 0.027281250000000055 0.03149999999999993
7 0.272640625 0.43387499999999996 0.031390624999999964 0.05106944444444442
8 0.631140625 0.1817361111111111 0.037734374999999966 0.05930555555555554
4 0.8751796875 0.05604166666666667 0.058921875000000054 0.04815277777777778
4 0.749640625 0.5818472222222222 0.022828125000000022 0.10793055555555561
7 0.8524140625 0.10458333333333333 0.017867187499999916 0.03051388888888889
7 0.054304687500000004 0.4671527777777778 0.02610937499999999 0.06381944444444451
4 0.688484375 0.228 0.015281249999999958 0.04584722222222221
4 0.3690703125 0.9499027777777778 0.08550781250000003 0.1001805555555554
4 0.7750390625 0.5739444444444445 0.019546874999999984 0.062416666666666745
4 0.27459375 0.4214305555555556 0.015054687499999986 0.06081944444444439
4 0.2200703125 0.21640277777777778 0.01297656250000001 0.03537500000000004
4 0.44382031250000004 0.1105 0.010546875 0.04659722222222224
4 0.3842109375 0.08618055555555555 0.011554687499999971 0.04698611111111113
4 0.7975 0.127375 0.014726562499999929 0.023250000000000014
4 0.7120078125 0.124 0.05647656249999997 0.05508333333333333
4 0.745078125 0.09041666666666666 0.007890624999999929 0.03949999999999999
4 0.74125 0.05456944444444444 0.047117187499999956 0.03559722222222222
8 0.7938046875 0.025249999999999998 0.030437500000000027 0.034972222222222224
4 0.80853125 0.03898611111111111 0.04749218749999997 0.028958333333333346
4 0.8251875 0.01626388888888889 0.03714062499999997 0.02844444444444445
7 0.1797578125 0.4221388888888889 0.0420390625 0.0459444444444445
4 0.1824453125 0.4025972222222222 0.01632031249999999 0.04883333333333329
4 0.279734375 0.16518055555555555 0.017531250000000043 0.02652777777777781
4 0.44496874999999997 0.2881666666666666 0.011429687500000086 0.04074999999999997
4 0.8560625 0.09088888888888888 0.00938281250000017 0.03304166666666666