4 0.42436979166666666 0.3695555555555556 0.07864583333333333 0.11181481481481481
4 0.40505208333333337 0.3182592592592593 0.06348958333333338 0.07411111111111107
4 0.9275052083333333 0.7390833333333333 0.14158333333333342 0.21133333333333335
4 0.1538020833333333 0.8521388888888889 0.3075989583333334 0.2900833333333333
4 0.04938541666666663 0.5389722222222223 0.09222395833333343 0.10340740740740746
4 0.16092708333333333 0.45656481481481487 0.1577760416666666 0.12664814814814812
4 0.3527135416666667 0.3596666666666667 0.07502083333333331 0.09811111111111115
4 0.25016666666666665 0.6052870370370371 0.20655729166666675 0.2577314814814814
4 0.2882083333333333 0.4346481481481482 0.14926041666666662 0.12323148148148151
4 0.7098333333333334 0.2726388888888889 0.0680572916666667 0.0635277777777778
4 0.9192708333333334 0.6032407407407407 0.16145833333333334 0.1712962962962963
4 0.05368229166666663 0.6689814814814815 0.10598958333333333 0.1705185185185186
4 0.9178489583333334 0.19439814814814813 0.16003645833333333 0.08737037037037039
4 0.4918020833333333 0.31449074074074074 0.06879687500000008 0.06476851851851856
4 0.13896354166666663 0.567787037037037 0.14688020833333346 0.14081481481481475
4 0.6247604166666666 0.2615 0.047854166666666725 0.032370370370370403
8 0.22743055572916668 0.9012345675925927 0.22395833333333334 0.9814814814814815 0.22743055572916668 1 0.6944444442708334 0.9876543212962963 0.6892361109375 0.30864197499999996 0.6649305557291666 0.2962962962962963 0.6527777776041667 0.27469135833333336 0.5815972223958333 0.2623456787037037 0.3072916666666667 0.691358025 0.30381944427083335 0.7561728398148148 0.23784722239583334 0.8209876546296296 0.22743055572916668 0.9012345675925927