4 0.21989843750000002 0.11202777777777777 0.05030468749999999 0.056236111111111126
4 0.42787499999999995 0.5816805555555555 0.04698437500000008 0.11341666666666662
4 0.679015625 0.7595555555555555 0.08180468750000003 0.12549999999999986
4 0.31194531249999996 0.6409027777777777 0.090234375 0.16170833333333326
4 0.7476796875 0.24241666666666667 0.07403906249999999 0.06588888888888889
4 0.508578125 0.6312916666666666 0.10070312500000007 0.14836111111111103
4 0.584578125 0.8344444444444444 0.10913281250000004 0.13261111111111112
4 0.5704374999999999 0.18381944444444442 0.06008593750000006 0.0640972222222222
4 0.35615625 0.5324722222222222 0.0873046875 0.10634722222222213
4 0.24371875000000004 0.05420833333333334 0.051796874999999964 0.044486111111111115
4 0.36834375 0.7891527777777778 0.11371874999999995 0.1458472222222222
7 0.0525390625 0.042875 0.020445312500000055 0.02463888888888889
4 0.6178203124999999 0.7127777777777778 0.09989843749999991 0.1395416666666667
4 0.568359375 0.6669861111111112 0.09689062499999998 0.13418055555555541
4 0.4474765625 0.9235694444444444 0.11689843750000009 0.15286111111111103
7 0.13620312499999992 0.07858333333333332 0.023195312500000044 0.021638888888888905
4 0.646578125 0.1711388888888889 0.04778906249999988 0.056541666666666636
4 0.17199218750000006 0.3665 0.05032812500000006 0.0909305555555556
7 0.46902343750000003 0.26831944444444444 0.03375000000000004 0.03011111111111112
4 0.41742187499999994 0.20794444444444443 0.06121874999999992 0.06648611111111112
7 0.24630468749999998 0.17081944444444447 0.023453124999999984 0.024236111111111094
4 0.14373437500000003 0.35531944444444447 0.08117187500000007 0.09909722222222217
4 0.21548437500000003 0.6234166666666667 0.052999999999999936 0.05708333333333337
7 0.5821796875 0.13254166666666667 0.042234374999999956 0.04822222222222222
4 0.07042187500000008 0.10772222222222222 0.023507812500000114 0.042666666666666665
4 0.13743750000000005 0.315625 0.07559375000000017 0.06168055555555551
4 0.6985390625 0.8779444444444444 0.08139843750000005 0.14606944444444456
4 0.2999921875 0.7953888888888888 0.048453124999999986 0.079986111111111
7 0.18456250000000002 0.08663888888888889 0.013617187499999872 0.02602777777777777
4 0.44032031250000003 0.30579166666666663 0.01281250000000007 0.060027777777777735
4 0.2696484375 0.7269027777777778 0.07217968750000008 0.0859444444444446
4 0.9140625 0.4370277777777778 0.11421093750000004 0.08508333333333332
4 0.3691328125 0.22080555555555553 0.010875000000000056 0.05300000000000003
7 0.6976875 0.2031527777777778 0.030671874999999994 0.029097222222222205
7 0.026171875 0.008333333333333333 0.02578125 0.016666666666666666
4 0.6967890625 0.14729166666666665 0.009812499999999957 0.042555555555555576
4 0.174234375 0.5390416666666666 0.045523437499999986 0.059347222222222246
7 0.014109374999999957 0.04651388888888889 0.018812499999999944 0.023680555555555552
8 0.8054765625 0.22254166666666667 0.05569531249999997 0.05366666666666665
8 0.8123984375 0.18055555555555555 0.0432734374999999 0.03283333333333331
4 0.7378984375 0.19184722222222222 0.06292187499999997 0.041666666666666664
4 0.770359375 0.16797222222222222 0.06049218749999987 0.03906944444444444
4 0.702140625 0.17901388888888886 0.019015625000000112 0.029319444444444464
4 0.4658203125 0.24613888888888888 0.019437500000000087 0.029319444444444464
4 0.049812499999999996 0.026625000000000003 0.012914062500000156 0.02545833333333333
4 0.010539062500000007 0.030097222222222223 0.014203124999999872 0.026236111111111113
4 0.18151562499999993 0.06905555555555555 0.013398437500000072 0.02855555555555556
4 0.13378125000000002 0.0628888888888889 0.014249999999999829 0.026999999999999996
4 0.2403125 0.15008333333333335 0.014718749999999937 0.02855555555555556
4 0.34883593749999997 0.241125 0.014679687499999972 0.057875000000000024
4 0.62996875 0.9465277777777777 0.08253906250000007 0.10694444444444444