4 0.48989062499999997 0.6269027777777778 0.09949999999999992 0.14174999999999993
4 0.5702265625 0.5762638888888889 0.0470703125 0.11951388888888882
4 0.546984375 0.7294444444444446 0.07477343750000003 0.12674999999999997
4 0.36740121328124997 0.6197831652777778 0.44417334140625 0.7480765486111111 0.4848959265625 0.6910572555555555 0.41146174453124995 0.5734549875 0.36740121328124997 0.6197831652777778
4 0.39410455859375004 0.8122232402777778 0.43883265703124996 0.7492644541666666 0.35299811015625 0.6254748319444444 0.3173324671875 0.669675025 0.39410455859375004 0.8122232402777778
4 0.31998234296875 0.840389025 0.36804834999999997 0.7833697319444445 0.33533675390625 0.7128844750000001 0.302517340625 0.6810303875 0.26791082265625 0.7144714194444445 0.31998234296875 0.840389025
4 0.36118165390625 0.9292585138888889 0.400226046875 0.9671502069444445 0.48541381328125005 0.7824282 0.42684722421875004 0.7508517888888889 0.35497004609375 0.8787362555555556 0.36118165390625 0.9292585138888889
4 0.59684185 0.569880986111111 0.6319818039062499 0.595931525 0.6944528328125 0.5229900152777778 0.6944528328125 0.5221216638888889 0.69396477734375 0.5221216638888889 0.68566784375 0.49954452916666664 0.65931287890625 0.463073775 0.593425465625 0.5255950694444445 0.59684185 0.569880986111111
4 0.5714629945312499 0.9980515333333333 0.6217326507812501 0.8825608083333334 0.56422119140625 0.8368055555555556 0.47580423203125 0.9937097763888889 0.5714629945312499 0.9980515333333333
4 0.57195105 0.8035408388888888 0.57634354375 0.8382748916666666 0.6271012546875 0.8851658625000001 0.6964050523437499 0.7609916236111111 0.6793231304687499 0.7210474638888889 0.6788350750000001 0.7210474638888889 0.65093994140625 0.70625 0.61538793671875 0.7323360305555555 0.57195105 0.8035408388888888
4 0.601203125 0.7407777777777778 0.01771875000000005 0.08570833333333339
4 0.637392959375 0.6941900902777778 0.67936568203125 0.7280557916666666 0.74037254609375 0.6290637416666667 0.733051721875 0.5778310138888888 0.70484619140625 0.5555555555555556 0.6500823875 0.6412206611111111 0.637392959375 0.6941900902777778
8 0.7271015625 0.15958333333333335 0.04216406250000002 0.06083333333333335
8 0.5213828125 0.24961111111111112 0.037765624999999935 0.06833333333333332
8 0.34285156250000004 0.301875 0.051796874999999964 0.07319444444444442
8 0.47350000000000003 0.2538611111111111 0.0474609375 0.06745833333333333
7 0.40378125000000004 0.24770833333333334 0.027648437500000032 0.03583333333333335
4 0.493953125 0.2123611111111111 0.017281249999999915 0.042777777777777796
7 0.40163281250000005 0.16861111111111113 0.030281249999999992 0.024361111111111118
7 0.2641171875 0.3904722222222222 0.03104687500000001 0.03211111111111112
7 0.250734375 0.29912500000000003 0.03160937500000003 0.03419444444444445
4 0.25017187500000004 0.41933333333333334 0.01878124999999997 0.06990277777777784
4 0.21121093750000003 0.17181944444444444 0.0713203125 0.04363888888888887
4 0.01447158046875 0.4744167611111111 0.034969886718749996 0.5143609222222222 0.1184272765625 0.4752851125 0.10720201328125001 0.4049486555555556 0.10720201328125001 0.4040803041666666 0.09976806640625 0.3909722222222222 0.024232678125 0.4414194111111111 0.01447158046875 0.4744167611111111
4 0.0003179875 0.37802976527777776 0.050099589062500005 0.3736880083333333 0.059372632031250004 0.35284757777777775 0.051563753906249996 0.30595660555555554 0.03204155703125 0.2964047416666667 0 0.30833333333333335 0.0003179875 0.37802976527777776
4 0.8633359374999999 0.31566666666666665 0.07870312499999983 0.06744444444444445
4 0.862953125 0.09683333333333333 0.0482421875 0.047819444444444456
4 0.9458437500000001 0.028416666666666666 0.032781250000000026 0.04572222222222223
4 0.79065625 0.1948472222222222 0.01615625000000005 0.0549722222222222
4 0.7716171875 0.1968472222222222 0.013234375000000043 0.056194444444444436
4 0.8623671875 0.06252777777777778 0.03282031250000017 0.05388888888888888
4 0.82409375 0.027638888888888886 0.051773437499999984 0.04833333333333333
7 0.9224609375 0.07295833333333333 0.018046874999999928 0.047319444444444435
4 0.75979251953125 0.7012545791666667 0.78964999609375 0.6425131666666667 0.74027032265625 0.6312756791666666 0.71845139765625 0.6767364236111111 0.75979251953125 0.7012545791666667
4 0.69519701640625 0.746715325 0.7279254046875 0.7676579152777778 0.7626634304687501 0.6987006041666667 0.71861356875 0.6801470583333333 0.68945519375 0.7104488875 0.69519701640625 0.746715325
4 0.6725168171875 0.7939854249999999 0.6739522734375 0.8205467597222222 0.68888101171875 0.8394461708333334 0.7282124953125 0.7648701166666667 0.70597570078125 0.7565359472222222 0.68199082421875 0.7699780652777777 0.6725168171875 0.7939854249999999
4 0.75551278046875 0.6338533138888889 0.7635513320312499 0.6466231861111111 0.7856573484375 0.6547959041666667 0.8126439140624999 0.5975868763888889 0.784508984375 0.5899249541666667 0.76269005859375 0.6057595958333333 0.75551278046875 0.6338533138888889
4 0.795211796875 0.39488098611111105 0.8425531234375001 0.41832647222222225 0.85329033125 0.39227593194444443 0.8567067156249999 0.3801190138888889 0.8469456171875 0.3375698 0.80718994140625 0.31319444444444444 0.795211796875 0.39488098611111105
4 0.8103414992187499 0.3193344222222222 0.8440172882812501 0.34017485277777776 0.8537783859375001 0.3957493375 0.88257362578125 0.4070379041666667 0.89916749296875 0.38793417500000005 0.89916749296875 0.354936825 0.86500364921875 0.3115192597222222 0.81656494140625 0.29097222222222224 0.8103414992187499 0.3193344222222222
4 0.40746093749999995 0.11640277777777779 0.021726562499999956 0.04430555555555556
4 0.40540624999999997 0.22591666666666665 0.015382812500000042 0.031208333333333293
4 0.39964843749999995 0.15056944444444445 0.023406249999999983 0.0243611111111111
4 0.3874453125 0.08211111111111111 0.012945312500000038 0.0322638888888889
4 0.2640625 0.3692083333333333 0.012140624999999971 0.03702777777777777
4 0.25158593749999997 0.2795972222222222 0.011312500000000014 0.031416666666666676
4 0.7648125 0.07322222222222222 0.016367187500000036 0.04979166666666666
4 0.9923828125 0.06645833333333333 0.014640624999999829 0.05130555555555554
4 0.458953125 0.9376666666666666 0.019679687500000043 0.10550000000000005