4 0.51721875 0.2926574074074074 0.0628177083333334 0.051361111111111135
4 0.46569791666666666 0.28119444444444447 0.05577604166666662 0.050037037037037005
8 0.21944270833333335 0.5694074074074075 0.12475520833333333 0.20525000000000007
8 0.6438645833333333 0.2916666666666667 0.042317708333333336 0.046296296296296294
8 0.6872604166666666 0.27469444444444446 0.038828125000000095 0.07715740740740744
4 0.148078125 0.4018055555555555 0.08589583333333331 0.08988888888888892
4 0.06283854166666666 0.4618055555555556 0.12567187500000002 0.15688888888888894
8 0.11 0.28498148148148145 0.03207812500000002 0.043212962962962925
4 0.0715625 0.2865185185185185 0.04201562500000001 0.04012037037037041
4 0.11940104166666667 0.31349074074074074 0.0370729166666667 0.048499999999999995
4 0.14651041666666667 0.32833333333333337 0.05219270833333335 0.053796296296296314
8 0.20069270833333333 0.32252777777777775 0.03812500000000003 0.07304629629629629
4 0.15325 0.3333333333333333 0.013260416666666686 0.04526851851851851
4 0.190859375 0.34464814814814815 0.01671875000000001 0.08230555555555555
4 0.17540104166666665 0.2466574074074074 0.047140625 0.025203703703703728
4 0.12373958333333333 0.24185185185185185 0.04520312500000001 0.027861111111111142
4 0.10949479166666666 0.5276481481481482 0.028317708333333337 0.08744444444444449
4 0.13618229166666668 0.5257222222222222 0.023104166666666672 0.06996296296296291
7 0.13208854166666667 0.5988333333333333 0.0535520833333333 0.06828703703703703
4 0.31674479166666664 0.2938703703703704 0.010802083333333339 0.05555555555555555
4 0.3109166666666667 0.24074074074074073 0.014937500000000032 0.0205740740740741
7 0.314390625 0.2597777777777778 0.023036458333333343 0.017490740740740727
6 0.33033854166666665 0.20071296296296298 0.07577604166666667 0.05574074074074073
4 0.372828125 0.25415740740740744 0.00987500000000002 0.030787037037037036
4 0.63471875 0.35185185185185186 0.027494791666666647 0.10185185185185185
8 0.9345052083333333 0.519287037037037 0.12939062499999993 0.18055555555555555
4 0.9278177083333333 0.7281388888888889 0.14436458333333324 0.20627777777777775
4 0.7442552083333334 0.2949722222222222 0.013276041666666552 0.05555555555555555
4 0.7143020833333333 0.2448240740740741 0.0303958333333334 0.04129629629629632
4 0.7594166666666666 0.22600000000000003 0.03443229166666673 0.05106481481481479
4 0.7914947916666667 0.2275092592592593 0.027390625000000075 0.052907407407407396
4 0.8409010416666667 0.23144444444444448 0.030140624999999942 0.03358333333333332
4 0.8203229166666667 0.23148148148148148 0.015854166666666693 0.029101851851851806
7 0.8166875 0.2563518518518519 0.030562499999999916 0.023287037037037016
4 0.9072291666666668 0.2542407407407407 0.09973958333333334 0.05169444444444448