7 0.9333697916666667 0.37819444444444444 0.04615624999999994 0.11165740740740744
7 0.85884375 0.10590740740740741 0.0383697916666667 0.1076203703703704
7 0.60775 0.41002777777777777 0.05050000000000002 0.10703703703703706
7 0.42646875 0.48178703703703707 0.04861979166666662 0.08736111111111108
7 0.2669947916666667 0.2905185185185185 0.05127604166666669 0.09950925925925928
8 0.83621875 0.6412037037037037 0.10118750000000011 0.25462962962962965
4 0.7900052083333333 0.45949074074074076 0.10250000000000009 0.24305555555555555
4 0.641609375 0.07407407407407407 0.09792187499999988 0.14814814814814814
4 0.1293177083333333 0.8182870370370371 0.14049999999999999 0.20601851851851852
4 0.257578125 0.9027777777777778 0.18630729166666662 0.18055555555555555
4 0.7607083333333333 0.26273148148148145 0.11423437499999996 0.14583333333333334
4 0.14559375000000002 0.4386574074074074 0.12096875 0.16435185185185186
4 0.5003385416666667 0.6886574074074074 0.17421354166666667 0.19212962962962962
8 0.6708854166666666 0.8611111111111112 0.1129583333333334 0.2777777777777778
8 0.7887239583333333 0.8842592592592593 0.16176562500000008 0.20833333333333334
8 0.23802083333333332 0.6678240740740741 0.09490104166666669 0.2199074074074074
8 0.12150520833333332 0.6458333333333334 0.11186979166666668 0.19444444444444445
4 0.9598958333333333 0.7997685185185185 0.056880208333333356 0.24305555555555555
4 0.03233854166666667 0.6724537037037037 0.04290104166666667 0.23842592592592593
4 0.572640625 0.205537037037037 0.051770833333333384 0.09974999999999999
4 0.52903125 0.14505555555555555 0.0316145833333333 0.11650925925925924
4 0.8092395833333333 0.6966574074074074 0.047109374999999905 0.10164814814814813
8 0.20435416666666667 0.267537037037037 0.08994270833333336 0.22025925925925927
4 0.2705885416666666 0.20906481481481481 0.03881249999999999 0.1114259259259259
4 0.42972916666666666 0.4021018518518518 0.04590104166666661 0.09586111111111109
4 0.6090520833333334 0.32887962962962963 0.04516666666666656 0.12073148148148147
7 0.5654427083333334 0.2846018518518519 0.041281250000000116 0.08772222222222223
7 0.446328125 0.1179074074074074 0.032223958333333275 0.09692592592592593
4 0.4494166666666667 0.042666666666666665 0.048822916666666674 0.08532407407407408
4 0.35829687499999996 0.6604537037037037 0.035843749999999966 0.14961111111111106
4 0.29727604166666666 0.6491666666666667 0.04401041666666667 0.1316666666666667
4 0.3386302083333333 0.7313703703703703 0.18512500000000004 0.29144444444444445
7 0.7716979166666668 0.07100000000000001 0.03908333333333332 0.1003425925925926
4 0.9334427083333333 0.28660185185185183 0.05072395833333327 0.09173148148148143
4 0.8117291666666666 0.9247685185185185 0.033854166666666664 0.15046296296296297