4 0.5722265625 0.5819722222222222 0.046578124999999915 0.11431944444444436
4 0.6882265624999999 0.6410833333333333 0.09022656250000001 0.16151388888888885
4 0.321171875 0.7592361111111111 0.08406250000000001 0.12241666666666681
4 0.49289843749999995 0.6317916666666666 0.098640625 0.13988888888888892
4 0.6432890625 0.5318194444444445 0.08667968750000003 0.10600000000000007
2 0.37055468750000004 0.1824722222222222 0.10119531249999998 0.08319444444444442
7 0.37103125000000003 0.3120555555555556 0.02927343750000002 0.03625000000000003
4 0.630109375 0.7889861111111112 0.11146093750000005 0.14468055555555565
4 0.41165624999999995 0.8360416666666667 0.10442187500000007 0.13480555555555548
4 0.3821640625 0.7118194444444444 0.10026562500000002 0.14076388888888877
7 0.4296015625 0.312625 0.03169531249999995 0.032736111111111105
4 0.5038359375 0.8561527777777778 0.10285156250000008 0.1576944444444444
4 0.4306953125 0.6661805555555556 0.09499999999999993 0.136125
8 0.7198046875 0.15406944444444445 0.03957031250000007 0.054805555555555524
4 0.7850703125 0.6226666666666667 0.053492187500000024 0.05741666666666671
7 0.7843359375000001 0.14441666666666667 0.018289062500000064 0.026583333333333355
4 0.3009921875 0.8665138888888889 0.0817421875 0.1460972222222223
8 0.9418124999999999 0.043472222222222225 0.0309687499999999 0.05380555555555556
4 0.3021484375 0.18838888888888888 0.04780468750000004 0.05390277777777778
4 0.69978125 0.7951527777777778 0.04965624999999996 0.08001388888888875
4 0.8028671875000001 0.5033194444444444 0.016898437500000085 0.06340277777777775
4 0.46028906249999996 0.13813888888888887 0.052648437500000075 0.0582222222222222
4 0.8614609375000001 0.3144027777777778 0.0737187500000001 0.06062499999999997
4 0.8276796875000001 0.35940277777777774 0.0518437500000001 0.0856111111111111
7 0.7593593750000001 0.039375 0.018148437500000014 0.025583333333333336
8 0.9293984375000001 0.11337499999999999 0.018695312499999873 0.03111111111111112
4 0.5608593749999999 0.9270555555555556 0.09250781250000006 0.14588888888888885
7 0.747375 0.11515277777777777 0.03564843750000009 0.04252777777777778
7 0.5531953125 0.2313888888888889 0.028945312499999966 0.030208333333333334
4 0.85665625 0.3548888888888889 0.08011718750000014 0.09611111111111109
7 0.220765625 0.21115277777777777 0.03373437499999996 0.028916666666666656
4 0.731390625 0.7204583333333333 0.07091406249999999 0.08545833333333329
7 0.55546875 0.2774166666666667 0.029945312499999942 0.027180555555555545
7 0.3451171875 0.1233888888888889 0.020624999999999984 0.03508333333333332
4 0.6828046875 0.2249722222222222 0.012773437499999929 0.048361111111111105
4 0.271671875 0.4354583333333333 0.01779687499999998 0.06962499999999999
4 0.5025625 0.34991666666666665 0.014781250000000056 0.057319444444444416
4 0.775484375 0.015375 0.024921875000000072 0.028347222222222218
8 0.26459375 0.17147222222222222 0.037171875000000035 0.054486111111111096
2 0.84778125 0.07158333333333332 0.0821406249999999 0.10469444444444444
4 0.3730546875 0.2843611111111111 0.017195312499999994 0.03070833333333335
4 0.4336953125 0.288375 0.017585937499999992 0.03436111111111113
4 0.21825 0.19005555555555556 0.01927343749999997 0.027777777777777776
4 0.5566484375 0.2569444444444444 0.015132812499999915 0.028513888888888853
4 0.555203125 0.20979166666666668 0.016359375000000044 0.027777777777777776
4 0.785046875 0.1257361111111111 0.013062500000000022 0.024847222222222205
4 0.8305 0.5345416666666667 0.051695312500000055 0.046986111111111166
4 0.8141718750000001 0.5751111111111111 0.032882812500000115 0.04479166666666667
4 0.5222187500000001 0.2028611111111111 0.05337499999999995 0.057861111111111065
4 0.24797656250000003 0.278125 0.01200000000000001 0.05309722222222225
4 0.261953125 0.2718888888888889 0.015101562500000032 0.05451388888888889
4 0.38515625 0.11555555555555556 0.008656250000000032 0.033513888888888885
4 0.3841796875 0.0761111111111111 0.008117187499999989 0.049305555555555554
4 0.9101640625 0.10444444444444445 0.009664062499999914 0.046000000000000006
4 0.2216171875 0.17126388888888888 0.048765624999999965 0.04790277777777779