4 0.506484375 0.6108888888888889 0.14589583333333328 0.23882407407407413
4 0.33049999999999996 0.6642592592592592 0.12920312499999997 0.2976574074074074
4 0.8423593749999999 0.8635555555555555 0.29201562500000006 0.2728888888888889
4 0.8306822916666667 0.4565092592592592 0.15725520833333326 0.1325833333333334
8 0.3789427083333334 0.4899907407407408 0.07905729166666665 0.1875
8 0.45938541666666666 0.3552037037037037 0.04185937499999994 0.09023148148148152
4 0.8498385416666667 0.5974907407407407 0.18050520833333342 0.19634259259259254
4 0.5947760416666666 0.31636111111111115 0.05721875000000007 0.0679166666666667
4 0.9537447916666667 0.5399074074074074 0.09251041666666661 0.10787037037037037
4 0.9437031250000001 0.7102592592592593 0.11198437499999987 0.25412962962962965
4 0.059494791666666665 0.7669166666666667 0.11155729166666667 0.190824074074074
7 0.41132291666666665 0.37762037037037033 0.023213541666666632 0.05937037037037037
7 0.5438020833333332 0.9237592592592593 0.09162500000000004 0.15248148148148155
4 0.15886458333333334 0.20709259259259258 0.04553124999999998 0.04424074074074077
4 0.34854687500000003 0.38580555555555557 0.07352604166666671 0.13752777777777775
4 0.1278177083333333 0.5833703703703703 0.19295833333333334 0.1558333333333333
4 0.4711770833333333 0.47342592592592586 0.092578125 0.1520833333333333
7 0.5953541666666666 0.5512037037037036 0.043359375 0.10540740740740732
4 0.22104166666666666 0.21152777777777776 0.04923437499999998 0.06607407407407409
4 0.5449166666666667 0.3284444444444445 0.05161458333333328 0.07089814814814809
4 0.11451041666666667 0.20339814814814813 0.04795312499999998 0.03607407407407406
4 0.2626875 0.2621111111111111 0.03829687499999999 0.048407407407407385
4 0.35352083333333334 0.2970555555555556 0.06970312499999996 0.08010185185185184
4 0.44028125 0.2582777777777778 0.08237500000000005 0.049138888888888906
4 0.016088541666666668 0.19445370370370368 0.032177083333333335 0.035564814814814785
4 0.5399322916666667 0.793212962962963 0.0868072916666667 0.13580555555555562
8 0.3060885416666667 0.22791666666666666 0.030447916666666686 0.05555555555555553
8 0.33714062499999997 0.23005555555555554 0.033255208333333286 0.04558333333333332
8 0.37099479166666666 0.24537037037037038 0.03846354166666662 0.06196296296296295
4 0.41005729166666666 0.3319074074074074 0.018031249999999943 0.03561111111111114
4 0.503203125 0.3304814814814815 0.01842708333333339 0.0911666666666667
4 0.5482760416666667 0.4091851851851852 0.022036458333333304 0.11325000000000006
4 0.6788854166666667 0.511037037037037 0.03405208333333339 0.15455555555555556
4 0.5975572916666666 0.4693703703703704 0.030848958333333343 0.05840740740740744
4 0.5739166666666667 0.41524074074074074 0.01963020833333336 0.1025648148148148
4 0.04650520833333334 0.2222222222222222 0.014135416666666675 0.04497222222222224
4 0.29910937499999996 0.2886944444444445 0.0163697916666667 0.03373148148148143