4 0.41797395833333334 0.41832407407407407 0.07677604166666659 0.11214814814814815
4 0.8099010416666667 0.5145740740740741 0.16321875000000005 0.1811944444444445
4 0.4158125 0.8315925925925925 0.31363541666666656 0.2978518518518519
4 0.499015625 0.6802592592592592 0.2534114583333333 0.22783333333333328
4 0.28440104166666663 0.30576851851851855 0.05930729166666661 0.07136111111111106
4 0.2885677083333333 0.24211111111111114 0.036317708333333344 0.04395370370370373
8 0.3995885416666667 0.31548148148148153 0.04300520833333342 0.0727592592592593
4 0.1415104166666667 0.2252777777777778 0.048031249999999893 0.03577777777777776
8 0.8011770833333334 0.3214814814814815 0.040395833333333304 0.0779259259259259
4 0.9435625000000001 0.4633333333333333 0.11286979166666669 0.16725925925925936
7 0.3391510416666667 0.3235925925925926 0.021786458333333297 0.04052777777777776
4 0.06153125000000005 0.2147685185185185 0.04067187500000007 0.042212962962962994
7 0.48270312499999996 0.2907685185185185 0.061843749999999885 0.05229629629629631
7 0.13413541666666665 0.8634444444444445 0.10442708333333334 0.13789814814814821
4 0.22189062499999998 0.24319444444444444 0.038953124999999984 0.03697222222222218
4 0.187484375 0.24067592592592593 0.029703125000000104 0.036777777777777805
7 0.7249583333333334 0.27978703703703706 0.02092708333333325 0.023351851851851877
4 0.9277760416666666 0.2845648148148148 0.04235937499999996 0.04197222222222226
4 0.9383697916666667 0.2364166666666667 0.042708333333333334 0.02469444444444446
4 0.878125 0.2456759259259259 0.03680729166666671 0.02345370370370374
4 0.795703125 0.23842592592592593 0.04088541666666667 0.027777777777777776
4 0.7270833333333333 0.25949074074074074 0.013020833333333334 0.01898148148148148
7 0.6411458333333333 0.2655092592592593 0.0203125 0.020833333333333332
4 0.6423177083333333 0.24791666666666667 0.012239583333333333 0.01898148148148148
7 0.4296875 0.2625 0.027083333333333334 0.020370370370370372
4 0.43893229166666664 0.2414351851851852 0.010677083333333334 0.01990740740740741
4 0.8804270833333334 0.3121111111111111 0.038630208333333374 0.045527777777777736
4 0.847875 0.39622222222222225 0.07769270833333337 0.070212962962963
4 0.5684895833333333 0.2212962962962963 0.0546875 0.053703703703703705
4 0.6173177083333333 0.22777777777777777 0.022135416666666668 0.03425925925925926
4 0.6329427083333333 0.225 0.015885416666666666 0.03148148148148148
4 0.49609375 0.24791666666666667 0.04583333333333333 0.033796296296296297
4 0.5348958333333333 0.2810185185185185 0.05572916666666667 0.04722222222222222