4 0.19233333333333333 0.6745648148148148 0.3486927083333333 0.249638888888889
7 0.39284375 0.9012314814814815 0.05874479166666665 0.1851851851851851
4 0.40412499999999996 0.7345648148148148 0.06394791666666665 0.14197222222222217
6 1 0.7962962962962963 0.9133519859375 0.6728395064814815 0.8421980114583333 0.6635802472222222 0.8144306067708332 0.6358024694444444 0.8283143088541667 0.49074074074074076 0.73807024375 0.34567901203703705 0.5124600807291667 0.2098765435185185 0.4343642546875 0.21296296296296297 0.41180323854166667 0.29320987685185185 0.42742240364583334 0.3734567898148148 0.42742240364583334 0.40432098796296295 0.4135387015625 0.44135802500000004 0.5298147083333333 0.9629629629629629 0.5141955432291667 0.9629629629629629 0.5419629479166667 1 1 0.9969135805555556 1 0.7962962962962963
8 0.053385416666666664 0.5111111111111111 0.10677083333333333 0.1
4 0.39256250000000004 0.38657407407407407 0.050130208333333336 0.10030555555555559
4 0.293515625 0.29359259259259257 0.05285937500000001 0.07330555555555551
4 0.3219375 0.32523148148148145 0.04547395833333331 0.06867592592592589
7 0.346890625 0.3672870370370371 0.016390625000000013 0.041666666666666664
2 0.37769791666666663 0.25925925925925924 0.06584895833333336 0.125
4 0.87303125 0.5733055555555555 0.11348958333333338 0.15895370370370376
4 0.9381302083333334 0.3672870370370371 0.02667708333333323 0.09567592592592597
4 0.982796875 0.35030555555555554 0.025729166666666713 0.11419444444444449
2 0.26726041666666667 0.23148148148148148 0.10711979166666667 0.07407407407407407
4 0.1745625 0.24321296296296296 0.08220312500000002 0.03950925925925925
4 0.09090104166666667 0.1700648148148148 0.037104166666666674 0.02654629629629631
4 0.1572083333333333 0.20400925925925928 0.03777083333333332 0.03641666666666665
4 0.07683333333333334 0.25339814814814815 0.09439062499999998 0.03888888888888889
4 0.852828125 0.45158333333333334 0.11892187499999997 0.1322592592592593