4 0.591265625 0.2298611111111111 0.26082812499999997 0.2473981481481482
4 0.10391666666666666 0.13830555555555557 0.20782812499999986 0.21509259259259256
4 0.4722708333333333 0.3411574074074074 0.2296145833333334 0.24025000000000002
7 0.930515625 0.5894444444444444 0.04598958333333343 0.17193518518518525
7 0.8921927083333333 0.5558611111111111 0.040927083333333295 0.16091666666666662
7 0.8576145833333333 0.5206944444444445 0.05474479166666673 0.153074074074074
7 0.80871875 0.5081018518518519 0.044796874999999875 0.1550925925925926
7 0.7608802083333333 0.4787222222222222 0.04672395833333335 0.17040740740740737
7 0.7175156250000001 0.4643888888888889 0.05272395833333334 0.16721296296296298
7 0.6670677083333333 0.44485185185185183 0.05595833333333336 0.17443518518518517
7 0.615484375 0.41721296296296295 0.047145833333333324 0.16312037037037033
7 0.1988421 0.6287758768518519 0.09635056822916667 0.5448000277777778 0.06950754843750001 0.5838922333333333 0.18257360312499998 0.6924816925925926 0.1988421 0.6287758768518519
7 0.3219251890625 0.36614561296296294 0.3565063479166667 0.21180555555555555 0.3357534114583334 0.18950675925925928 0.29020161979166664 0.33718842407407407 0.3219251890625 0.36614561296296294
7 0.3291625979166667 0.1875 0.3024029927083333 0.16634100833333335 0.26173175 0.3096790944444444 0.29508216875 0.33718842407407407 0.3291625979166667 0.1875
7 0.29508216875 0.17358030555555556 0.26254517499999996 0.14027953796296297 0.21536653333333333 0.29375264074074076 0.24790352760416667 0.3183662509259259 0.29508216875 0.17358030555555556
7 0.25624593125 0.1574074074074074 0.23163503020833334 0.1315923814814815 0.18689666354166665 0.2821697648148148 0.21617995833333334 0.30533551574074075 0.25624593125 0.1574074074074074
7 0.22760009791666666 0.1412037037037037 0.20641885989583333 0.11132234907407408 0.16005364322916668 0.24886899722222225 0.1836429640625 0.2821697648148148 0.22760009791666666 0.1412037037037037
7 0.099177475 0.7842293342592592 0.08860295208333334 0.8725487611111111 0.13008761979166666 0.924671700925926 0.20741780625 0.7083333333333334 0.15611721510416665 0.6684005777777777 0.099177475 0.7842293342592592
7 0.15042324114583333 0.6857748907407407 0.12994384791666666 0.6527777777777778 0.06175993177083334 0.7856771935185185 0.09348350104166667 0.8073950851851851 0.15042324114583333 0.6857748907407407
7 0.02515581354166667 0.7596157231481482 0.05931965729166667 0.7842293342592592 0.12358022083333334 0.6597134203703704 0.10243117447916666 0.6350998101851851 0.025969238541666665 0.7581678638888889 0.02515581354166667 0.7596157231481482
7 0.100804325 0.639443387962963 0.07655843125 0.6145833333333334 0.002379917708333333 0.7422414092592593 0.025969238541666665 0.7654071611111111 0.100804325 0.639443387962963
7 0.07070760520833333 0.6249647935185185 0.04205322291666667 0.5821759259259259 0.0007530682291666667 0.6698484370370371 0 0.74079355 0.07070760520833333 0.6249647935185185
4 0.3312083333333334 0.10930555555555556 0.2050052083333334 0.16652777777777777
4 0.3386510416666667 0.81025 0.050786458333333444 0.14672222222222225
4 0.42001562500000006 0.4817592592592592 0.044328125000000065 0.12556481481481493
7 0.41644791666666664 0.5275000000000001 0.11527604166666663 0.09780555555555566
4 0.2844427083333334 0.502824074074074 0.049098958333333324 0.1352777777777777
4 0.246984375 0.5633425925925926 0.03216145833333333 0.10479629629629636
4 0.2862135416666666 0.6217685185185186 0.031348958333333364 0.12905555555555565
4 0.4087604166666666 0.7640833333333333 0.04099479166666668 0.15611111111111103