4 0.8076666666666666 0.6745648148148148 0.34869270833333343 0.249638888888889
7 0.60715625 0.9012314814814815 0.05874479166666665 0.18518518518518517
4 0.5958749999999999 0.7345648148148148 0.06394791666666653 0.14197222222222217
6 0 0.9969135805555556 0.45803705208333334 1 0.48580445677083334 0.9629629629629629 0.47018529166666667 0.9629629629629629 0.5864612984375001 0.44135802500000004 0.5725775963541667 0.40432098796296295 0.5725775963541667 0.3734567898148148 0.5881967614583333 0.29320987685185185 0.5656357453125 0.21296296296296297 0.48753991927083334 0.2098765435185185 0.26192975625 0.34567901203703705 0.17168569114583335 0.49074074074074076 0.18556939322916666 0.6358024694444444 0.1578019885416667 0.6635802472222222 0.08664801406249999 0.6728395064814815 0 0.7962962962962963 0 0.9969135805555556
8 0.9466145833333334 0.5111111111111111 0.10677083333333333 0.1
4 0.6074375 0.38657407407407407 0.050130208333333336 0.10030555555555559
4 0.706484375 0.29359259259259257 0.052859375000000125 0.07330555555555551
4 0.6780625 0.32523148148148145 0.04547395833333331 0.06867592592592589
7 0.653109375 0.3672870370370371 0.016390624999999895 0.041666666666666664
2 0.6223020833333334 0.25925925925925924 0.06584895833333348 0.125
4 0.12696875 0.5733055555555555 0.11348958333333338 0.15895370370370376
4 0.061869791666666646 0.3672870370370371 0.02667708333333323 0.09567592592592597
4 0.017203124999999986 0.35030555555555554 0.025729166666666713 0.11419444444444449
2 0.7327395833333334 0.23148148148148148 0.1071197916666667 0.07407407407407407
4 0.8254374999999999 0.24321296296296296 0.08220312499999996 0.03950925925925922
4 0.9090989583333333 0.1700648148148148 0.03710416666666679 0.02654629629629631
4 0.8427916666666667 0.20400925925925928 0.03777083333333332 0.03641666666666665
4 0.9231666666666667 0.25339814814814815 0.094390625 0.03888888888888889
4 0.14717187499999998 0.45158333333333334 0.11892187499999997 0.1322592592592593