4 0.43029687499999997 0.6688333333333333 0.10008593750000006 0.13852777777777772
4 0.49024999999999996 0.631 0.0986328125 0.13358333333333328
4 0.321703125 0.7587916666666668 0.08703906249999997 0.12406944444444443
4 0.38191406250000004 0.7141666666666667 0.09932812500000003 0.14445833333333333
4 0.642390625 0.5293888888888889 0.08869531249999998 0.09880555555555554
4 0.57265625 0.5786111111111112 0.04597656249999993 0.11170833333333342
4 0.055046874999999995 0.40413888888888894 0.105734375 0.08795833333333339
4 0.6886953124999999 0.6414444444444444 0.09235156250000003 0.15099999999999997
4 0.41735156250000005 0.8317083333333334 0.111390625 0.1373194444444446
4 0.6309609375 0.7889583333333333 0.11789843750000006 0.14679166666666674
4 0.5589765625 0.9216666666666667 0.09817968750000006 0.1449583333333335
4 0.781828125 0.6243611111111111 0.04862499999999992 0.0560416666666667
7 0.21396874999999999 0.40349999999999997 0.035734375000000006 0.04526388888888893
7 0.19459374999999998 0.39368055555555553 0.03582812499999999 0.04440277777777782
4 0.8138359375 0.5765 0.03536718749999999 0.04561111111111116
4 0.8280234375 0.5338333333333334 0.04812499999999993 0.04658333333333328
4 0.8562031250000001 0.49848611111111113 0.030820312499999857 0.03540277777777779
4 0.8271875 0.3616388888888889 0.05398437499999993 0.08265277777777777
4 0.8395391132812501 0.33659767916666666 0.8534835398437499 0.3893190083333333 0.8771890640625 0.4066860347222222 0.8995001453125001 0.3893190083333333 0.89740848203125 0.3626482180555556 0.88206961328125 0.3421799375 0.82141136015625 0.29566111666666667 0.8175766429687499 0.2975218694444444 0.8182738640625 0.2975218694444444 0.8057238804687501 0.3148888958333333 0.8395391132812501 0.33659767916666666
4 0.81862247421875 0.29690161805555554 0.8189710851562501 0.29690161805555554 0.8601071421875 0.3161293972222222 0.8925279328125001 0.3570659597222222 0.90124319921875 0.3403191847222222 0.901591809375 0.32047115416666666 0.8747487890625001 0.2913193597222222 0.8531349289062501 0.2900788583333333 0.83242361875 0.2888144847222222 0.81862247421875 0.29690161805555554
7 0.2800546875 0.4275555555555555 0.036398437500000026 0.04231944444444448
7 0.2869296875 0.3553611111111111 0.03387500000000001 0.0391111111111111
7 0.36027343749999996 0.3084027777777778 0.032781250000000026 0.029694444444444437
7 0.3970546875 0.327125 0.02971093749999998 0.03815277777777774
7 0.278875 0.2454861111111111 0.03143750000000001 0.03465277777777776
7 0.277 0.2068611111111111 0.028351562499999972 0.029138888888888916
7 0.347171875 0.2071527777777778 0.030679687499999986 0.028569444444444436
7 0.4350078125 0.18702777777777777 0.029257812500000036 0.030000000000000013
8 0.364546875 0.13529166666666667 0.03872656250000004 0.05040277777777777
8 0.315203125 0.15779166666666664 0.04225000000000003 0.050263888888888865
7 0.5588437500000001 0.23948611111111112 0.02432812500000008 0.03537500000000004
4 0.5031171875 0.14991666666666667 0.013124999999999965 0.04490277777777776
7 0.8331328125 0.15955555555555556 0.016257812499999958 0.030597222222222224
4 0.786515625 0.184 0.013515624999999965 0.04943055555555554
4 0.8013984375 0.19087500000000002 0.011390624999999942 0.05161111111111109
4 0.7571015625 0.06072222222222222 0.017843749999999936 0.029708333333333333
4 0.9068671875 0.10869444444444445 0.012679687500000014 0.04811111111111112
4 0.9608515625 0.08806944444444444 0.054265625000000026 0.05084722222222223
4 0.5617578125 0.22347222222222224 0.010539062500000007 0.03188888888888886
4 0.43150781250000003 0.17294444444444446 0.010726562500000014 0.035694444444444445
4 0.403625 0.3110277777777778 0.016414062499999993 0.03780555555555559
4 0.367859375 0.2884027777777778 0.018320312500000036 0.037902777777777806
4 0.3444296875 0.19352777777777777 0.013117187499999971 0.02965277777777781
4 0.2931171875 0.33399999999999996 0.01883593750000001 0.033750000000000016
4 0.2824453125 0.4072222222222222 0.011546874999999979 0.04593055555555563
4 0.218203125 0.38366666666666666 0.013796874999999976 0.04326388888888886
4 0.1979765625 0.37456944444444445 0.012414062500000012 0.03711111111111115
4 0.2702421875 0.18606944444444445 0.01735156250000003 0.02584722222222224
4 0.274796875 0.22606944444444446 0.010835937500000004 0.02805555555555554
4 0.8334609374999999 0.141125 0.013500000000000156 0.026680555555555565
8 0.8131796874999999 0.02526388888888889 0.02790624999999993 0.05052777777777778