4 0.97314453125 0.3324697754749568 0.04541015625 0.08549222797927461
4 0.92236328125 0.5250431778929189 0.150390625 0.19948186528497408
4 0.8994140625 0.3281519861830743 0.107421875 0.12521588946459414
8 0.81298828125 0.4758203799654577 0.0712890625 0.21329879101899826
8 0.4794921875 0.28929188255613125 0.0537109375 0.10449050086355786
8 0.6103515625 0.20552677029360966 0.033203125 0.0613126079447323
4 0.73974609375 0.20898100172711573 0.03271484375 0.05699481865284974
4 0.94091796875 0.266839378238342 0.0654296875 0.05008635578583765
4 0.93505859375 0.21502590673575128 0.03173828125 0.04317789291882556
4 0.88671875 0.23056994818652848 0.046875 0.05181347150259067
4 0.845703125 0.25302245250431776 0.03662109375 0.04145077720207254
4 0.30615234375 0.40241796200345425 0.1171875 0.13644214162348878
4 0.17578125 0.5267702936096719 0.14697265625 0.18393782383419688
4 0.23779296875 0.35751295336787564 0.0625 0.08290155440414508
4 0.1826171875 0.4110535405872193 0.04638671875 0.07167530224525043
4 0.12548828125 0.4689119170984456 0.04150390625 0.1001727115716753
4 0.0810546875 0.5051813471502591 0.029296875 0.09412780656303972
4 0.03369140625 0.4991364421416235 0.0615234375 0.09844559585492228
4 0.158203125 0.37737478411053543 0.05029296875 0.06563039723661486
4 0.404296875 0.307426597582038 0.08154296875 0.08290155440414508
4 0.4580078125 0.24870466321243523 0.04833984375 0.05094991364421416
4 0.52197265625 0.21243523316062177 0.041015625 0.05267702936096719
4 0.56494140625 0.16407599309153714 0.01318359375 0.02158894645941278
4 0.54443359375 0.18221070811744386 0.02197265625 0.030224525043177894
4 0.8818359375 0.19084628670120898 0.02685546875 0.025906735751295335
4 0.6328125 0.17530224525043178 0.02783203125 0.038860103626943004
4 0.59423828125 0.17357512953367876 0.0205078125 0.04145077720207254
4 0.61767578125 0.15457685664939552 0.0166015625 0.025043177892918825
4 0.8525390625 0.19775474956822106 0.04150390625 0.03626943005181347
4 0.8232421875 0.21934369602763384 0.01220703125 0.06390328151986183
4 0.77001953125 0.19689119170984457 0.0146484375 0.027633851468048358
4 0.8017578125 0.2003454231433506 0.0205078125 0.025906735751295335
4 0.80908203125 0.22538860103626943 0.00927734375 0.011226252158894647
4 0.78125 0.22538860103626943 0.01953125 0.030224525043177894
4 0.8125 0.16753022452504318 0.06884765625 0.03281519861830743
4 0.580078125 0.15457685664939552 0.0146484375 0.03281519861830743