4 0.38240625 0.7169861111111111 0.1015625 0.155875
4 0.43089843749999995 0.6685833333333333 0.09846874999999997 0.13651388888888885
4 0.49021875000000004 0.6304305555555556 0.09810937499999994 0.13565277777777773
4 0.642484375 0.5284305555555556 0.08917968750000008 0.09893055555555558
4 0.3186875 0.758 0.08646874999999996 0.12495833333333337
4 0.399703125 0.2613611111111111 0.06928906250000004 0.06687499999999996
4 0.572359375 0.5800833333333334 0.047140624999999936 0.11481944444444439
4 0.68796875 0.6403055555555556 0.09042187500000001 0.14876388888888883
4 0.23925000000000002 0.19427777777777777 0.06363281250000004 0.05076388888888891
4 0.6318359375 0.7882222222222222 0.11372656249999995 0.1445833333333332
4 0.2980625 0.8703055555555556 0.08665624999999996 0.1438194444444444
6 0.42896875 0.14486111111111108 0.09782031250000003 0.10163888888888888
4 0.7814609375 0.6208055555555556 0.04826562500000007 0.05498611111111115
7 0.23438281249999998 0.3810972222222222 0.04459375000000003 0.05815277777777778
7 0.06694531249999999 0.4325277777777778 0.04335156250000001 0.04145833333333337
4 0.7518281250000001 0.6670972222222222 0.05660937500000003 0.05212499999999996
4 0.7265625 0.7203333333333333 0.07136718749999993 0.0784861111111111
4 0.02890625 0.33819444444444446 0.0578125 0.07361111111111111
7 0.14483593749999998 0.43459722222222225 0.03731249999999999 0.04180555555555559
7 0.26 0.20372222222222222 0.0296875 0.03400000000000002
8 0.3000703125 0.192 0.0447265625 0.06570833333333334
8 0.35196875 0.15734722222222222 0.04209375 0.06376388888888888
4 0.5607265625 0.33326388888888886 0.013945312499999928 0.06005555555555557
8 0.5733828125 0.22734722222222223 0.046554687499999935 0.07044444444444448
8 0.6316875 0.18065277777777777 0.030343749999999937 0.048333333333333346
4 0.75290625 0.12340277777777776 0.043624999999999935 0.055138888888888876
7 0.7415234374999999 0.15604166666666666 0.023453124999999984 0.042555555555555534
7 0.8485859375 0.10409722222222223 0.017546875000000028 0.026013888888888875
7 0.8330703125 0.0705 0.018007812500000143 0.02954166666666666
7 0.90334375 0.05323611111111111 0.017679687500000086 0.027874999999999997
8 0.9360781250000001 0.08984722222222222 0.04420312499999994 0.04729166666666667
4 0.780640625 0.043722222222222225 0.050124999999999975 0.03375000000000001
4 0.90398592109375 0.07204476666666666 0.9254603375 0.07667597361111111 0.9449825335937501 0.06683465833333332 0.94791086328125 0.04773092916666667 0.94628401328125 0.03036390277777778 0.9309916265625 0.0205225875 0.9117948 0.03904741666666667 0.9056127710937499 0.05062543333333333 0.90398592109375 0.07204476666666666
4 0.359921875 0.8452222222222221 0.021953125000000018 0.09658333333333328
4 0.61094555546875 0.9210961652777778 0.6019978820312499 0.8632060777777778 0.5609199265625 0.8393264166666666 0.47835730390625003 0.9941824013888889 0.5710877375 0.9999714097222222 0.61094555546875 0.9210961652777778
4 0.8339132812500001 0.29288125416666666 0.83309985703125 0.29215762777777776 0.8213051960937501 0.30011751527777775 0.8550623281249999 0.3160372888888889 0.8904463085937501 0.3529422208333334 0.90142754453125 0.34353508055555554 0.90508795625 0.3196554194444445 0.89166644609375 0.30301201944444445 0.8676704132812499 0.2856449930555556 0.84652136640625 0.2885394972222222 0.8339132812500001 0.29288125416666666
4 0.84082739296875 0.33774607222222225 0.853028765625 0.39346528194444447 0.8766180867187501 0.40576692499999995 0.8941067203124999 0.3920180291666666 0.8981738453125001 0.37030924722222225 0.889632884375 0.3428114555555556 0.87499123671875 0.33629881944444445 0.8554690398437501 0.31097190694444443 0.825002034375 0.29571759305555556 0.8054434117187499 0.31459003750000003 0.84082739296875 0.33774607222222225
4 0.907890625 0.33444444444444443 0.0147343750000001 0.06143055555555558
4 0.8469258156249999 0.33801915694444445 0.80218744921875 0.31486312222222224 0.7944599125 0.38867298472222217 0.838673909375 0.4166666666666667 0.8575003390625 0.3836076013888889 0.8469258156249999 0.33801915694444445
4 0.149984375 0.4130138888888889 0.02417968749999999 0.03362500000000005
4 0.0683828125 0.4100833333333333 0.02215625000000001 0.03216666666666662
4 0.2313828125 0.346125 0.020859375000000034 0.0299722222222222
4 0.25546875 0.18604166666666666 0.01721874999999997 0.025583333333333354
4 0.745375 0.14656944444444445 0.015945312500000065 0.025583333333333354
4 0.8506171874999999 0.0910138888888889 0.011796874999999929 0.025583333333333347
4 0.8360234375 0.05884722222222222 0.014679687499999972 0.027041666666666665
4 0.90446875 0.036972222222222226 0.013726562500000128 0.021652777777777774
4 0.8290703125000001 0.5347777777777778 0.05000781250000017 0.04872222222222228