4 0.23502083333333335 0.5034074074074074 0.11291666666666664 0.21977777777777774
7 0.37766666666666665 0.6850925925925926 0.06905729166666662 0.1358703703703704
4 0.9456302083333333 0.692425925925926 0.10873958333333343 0.22181481481481477
4 0.8361406250000001 0.4555370370370371 0.16364583333333324 0.12404629629629632
2 0.416140625 0.42185185185185187 0.1393802083333334 0.3367314814814816
4 0.16091666666666665 0.7495925925925926 0.32182812499999996 0.3060277777777778
4 0.5974843750000001 0.3156203703703704 0.06266666666666675 0.06462037037037034
4 0.6022239583333333 0.38502777777777775 0.0842864583333333 0.10528703703703707
4 0.5718020833333333 0.5046574074074074 0.09675520833333333 0.16909259259259254
4 0.8502447916666667 0.5853981481481482 0.18885937500000008 0.17825
4 0.31652083333333336 0.30035185185185187 0.053156249999999974 0.06567592592592598
4 0.9506614583333334 0.5350555555555556 0.08935416666666664 0.08874999999999991
4 0.319375 0.3786851851851852 0.047203125000000054 0.11411111111111112
7 0.8000052083333333 0.747212962962963 0.12397395833333344 0.10910185185185178
4 0.5474427083333333 0.2781666666666667 0.057421875 0.04179629629629628
4 0.5472916666666666 0.3470185185185185 0.05096875000000001 0.09224074074074075
4 0.61246875 0.446212962962963 0.02550000000000002 0.10153703703703701
4 0.373265625 0.5740740740740741 0.046875 0.08333333333333333
4 0.842015625 0.644287037037037 0.041666666666666664 0.0787037037037037
4 0.8016510416666667 0.6311759259259259 0.051213541666666626 0.09876851851851859
4 0.7100677083333333 0.46296296296296297 0.15104166666666666 0.1728425925925926
2 0.16499479166666667 0.20601851851851852 0.09858854166666665 0.08135185185185187
4 0.31064062499999995 0.24636111111111111 0.06919791666666661 0.04299074074074072
7 0.2613489583333333 0.2582685185185185 0.014510416666666673 0.037694444444444475
4 0.2609739583333333 0.23148148148148148 0.013765624999999974 0.023805555555555562
8 0.3723958333333333 0.24305555555555555 0.037947916666666616 0.05621296296296297