4 0.5931875000000001 0.2584537037037037 0.07184375000000003 0.04050925925925926
4 0.5054479166666667 0.24734259259259259 0.04583333333333333 0.029861111111111113
4 0.46053125 0.28067592592592594 0.043770833333333314 0.04513888888888889
4 0.5165729166666667 0.2908611111111111 0.062625 0.04699074074074074
4 0.535765625 0.7203148148148149 0.3280729166666667 0.20810185185185184
4 0.4633697916666666 0.9178240740740741 0.3208020833333333 0.16435185185185186
4 0.13373958333333333 0.8958333333333334 0.26747916666666666 0.20833333333333334
4 0.8383802083333334 0.6600833333333334 0.25498958333333327 0.24768518518518517
4 0.9081458333333334 0.7299629629629629 0.05973958333333324 0.125
7 0.9209999999999999 0.8461388888888889 0.10594791666666671 0.09967592592592601
6 0.8064166666666667 0.5337037037037037 0.3563541666666668 0.23188888888888895
4 0.06290625 0.4565277777777778 0.1258125 0.16125925925925924
4 0.15314583333333334 0.4046944444444444 0.07867187500000002 0.08212962962962968
4 0.11804687500000001 0.3085 0.02553124999999999 0.04461111111111107
4 0.148546875 0.3320092592592592 0.05243229166666666 0.06132407407407409
8 0.19852604166666668 0.3030277777777778 0.03970312500000001 0.03030555555555557
8 0.31214062499999995 0.2937685185185185 0.041552083333333316 0.01514814814814816
8 0.32302083333333337 0.3404537037037037 0.05100000000000004 0.07991666666666672
4 0.19213541666666664 0.3547962962962963 0.018401041666666687 0.08164814814814811
7 0.108921875 0.24838888888888888 0.016739583333333325 0.016527777777777797
7 0.146578125 0.2519259259259259 0.014354166666666638 0.011981481481481532
7 0.13485416666666666 0.2727314814814815 0.016531250000000004 0.03872222222222227
7 0.20920312500000002 0.27824074074074073 0.023588541666666647 0.020120370370370386
4 0.210875 0.24102777777777779 0.011057291666666675 0.022055555555555575
4 0.23833854166666668 0.3068518518518518 0.010338541666666678 0.026092592592592546
7 0.23841145833333333 0.33835185185185185 0.014468749999999985 0.03471296296296297
4 0.210359375 0.3358611111111111 0.015078125000000024 0.03872222222222227
7 0.21067708333333332 0.37084259259259256 0.013130208333333353 0.03423148148148151
6 0.3310677083333333 0.2578981481481481 0.14286979166666663 0.13724074074074077
4 0.37723437499999996 0.42424074074074075 0.03442708333333329 0.04713888888888886
7 0.3803072916666667 0.4718055555555556 0.04626041666666663 0.05471296296296299
4 0.457078125 0.30637037037037035 0.014729166666666653 0.06828703703703703
6 0.8543854166666667 0.2434351851851852 0.12641145833333337 0.07321296296296298
4 0.6935416666666666 0.26007407407407407 0.010317708333333305 0.050694444444444445
4 0.71371875 0.24132407407407408 0.02983854166666665 0.04513888888888889
4 0.755578125 0.22697222222222221 0.027604166666666666 0.04189814814814815
4 0.7756875 0.24166666666666667 0.03345312500000001 0.03657407407407407
4 0.10838020833333334 0.23302777777777775 0.012119791666666657 0.01666666666666664
4 0.6870572916666667 0.2178240740740741 0.02496875000000003 0.022685185185185187