4 0.5026822916666667 0.30882407407407403 0.0772395833333333 0.07263888888888893
4 0.381359375 0.37048148148148147 0.06135937499999997 0.1029444444444445
4 0.5768177083333333 0.37171296296296297 0.08068750000000004 0.10985185185185184
4 0.4893489583333333 0.44733333333333336 0.0875364583333333 0.14442592592592593
4 0.10607812500000001 0.7138425925925926 0.20800000000000002 0.22037037037037038
4 0.488546875 0.7400925925925925 0.2129270833333334 0.3583518518518518
4 0.5943906250000001 0.3159074074074074 0.06936458333333324 0.07029629629629626
4 0.9450520833333333 0.7157407407407408 0.10989583333333333 0.25555555555555554
4 0.762484375 0.639462962962963 0.22781770833333326 0.3006296296296297
4 0.9539322916666666 0.5391851851851852 0.08776041666666666 0.10719444444444443
4 0.6547291666666666 0.35886111111111113 0.07818229166666674 0.10426851851851852
4 0.5765833333333333 0.5107222222222223 0.045588541666666774 0.08409259259259254
4 0.8349166666666666 0.45771296296296293 0.15363541666666666 0.1255925925925926
4 0.35676562500000003 0.31881481481481483 0.0654114583333333 0.07074074074074072
4 0.38926041666666666 0.28899074074074077 0.06470312500000001 0.07134259259259255
4 0.61871875 0.7149351851851852 0.19256250000000014 0.2644722222222221
4 0.8603697916666667 0.5684629629629631 0.14478645833333345 0.1444722222222222
8 0.29702083333333335 0.6258425925925926 0.12117187500000005 0.2312685185185185
6 0.10883333333333334 0.19375 0.21766145833333334 0.11288888888888884
4 0.36114583333333333 0.8772685185185186 0.3472291666666667 0.24282407407407408
4 0.7080052083333332 0.43399074074074073 0.11077083333333325 0.10456481481481476
4 0.11484375 0.5833333333333334 0.2296875 0.16296296296296298
4 0.7116822916666667 0.8617685185185185 0.06473437499999998 0.2579351851851853
4 0.29203645833333336 0.2962962962962963 0.07068229166666669 0.06878703703703701
8 0.3253020833333334 0.25386111111111115 0.04296875 0.06173148148148144
8 0.3717447916666667 0.24035185185185184 0.0360260416666667 0.04861111111111111