4 0.56978125 0.6679861111111111 0.09996875000000002 0.1388333333333334
4 0.6782812500000001 0.7587361111111111 0.08673437499999999 0.1229583333333333
4 0.5095468750000001 0.6324861111111111 0.09728124999999999 0.13487500000000002
4 0.6183671875 0.7142916666666667 0.09937500000000003 0.14659722222222216
4 0.35759375000000004 0.5284444444444445 0.08882031250000004 0.09777777777777774
4 0.4273828125 0.580375 0.04542968750000007 0.11288888888888884
4 0.5796875 0.17395833333333333 0.06969531250000002 0.054027777777777744
4 0.312796875 0.64125 0.09043749999999999 0.15011111111111117
4 0.6587265625000001 0.16527777777777777 0.06628906249999993 0.06243055555555554
8 0.7600078124999999 0.1872777777777778 0.0436640624999999 0.06540277777777774
4 0.5824374999999999 0.8318611111111112 0.11105468750000007 0.13755555555555551
4 0.36971875 0.7879027777777777 0.11583593749999999 0.1445277777777777
4 0.8400234375 0.4434722222222222 0.01598437500000003 0.04861111111111111
8 0.80525 0.37355555555555553 0.05844531249999996 0.07763888888888885
4 0.8455546875 0.3455277777777778 0.04613281250000014 0.05140277777777776
4 0.45646875 0.921625 0.1256718750000001 0.15674999999999986
4 0.13722117421875 0.32335806805555556 0.15990913203124998 0.30599104166666663 0.182860903125 0.3017666305555556 0.172572178125 0.2914402902777778 0.14814057187500002 0.2852852847222222 0.11849041796875 0.29660345972222224 0.10529974453124999 0.309746075 0.09844059453125001 0.31725614027777777 0.09580245937500001 0.33978633611111114 0.1103122 0.3538677097222222 0.12323906015625 0.3440107486111111 0.13722117421875 0.32335806805555556
4 0.15093947421875 0.38954051944444446 0.1456632046875 0.37358163055555554 0.155424303125 0.3426026111111111 0.19526013671875 0.31537862361111113 0.182860903125 0.2994197347222222 0.1414421890625 0.31256235 0.12297524687500001 0.34025571527777776 0.107674065625 0.3510514347222222 0.104244490625 0.36043901666666667 0.10609118515625 0.38296921250000004 0.126404821875 0.4003362388888889 0.15093947421875 0.38954051944444446
4 0.155424303125 0.3421102111111111 0.14539939140625 0.37402798888888894 0.1506756609375 0.3942112902777778 0.16940641640625 0.40456065138888886 0.2044936078125 0.37780604305555554 0.19526013671875 0.3181948986111111 0.155424303125 0.3421102111111111
4 0.11045312500000008 0.40955555555555556 0.015414062500000015 0.05936111111111112
4 0.09406250000000008 0.40275000000000005 0.014828125000000015 0.038236111111111075
4 0.17186718750000002 0.5333333333333333 0.04544531250000006 0.04415277777777773
4 0.18701562500000007 0.5739305555555556 0.032468749999999956 0.039000000000000055
4 0.21514843749999998 0.618375 0.051796874999999964 0.05431944444444446
4 0.14360937499999996 0.5003472222222223 0.028492187499999842 0.03597222222222219
4 0.24635156250000004 0.6677361111111111 0.06414062499999992 0.06294444444444451
4 0.2743203125 0.7231527777777778 0.06732031250000006 0.08144444444444458
4 0.298828125 0.7983194444444444 0.05039843749999999 0.08086111111111115
4 0.8030625 0.17011111111111113 0.045531250000000155 0.044222222222222225
4 0.7238671875 0.14884722222222221 0.011054687500000071 0.04420833333333335
8 0.55296875 0.13343055555555555 0.03594531249999999 0.048986111111111126
4 0.589609375 0.10212500000000001 0.011007812499999936 0.045388888888888895
4 0.6140234375 0.08258333333333333 0.011015624999999928 0.04538888888888888
7 0.6705390625 0.3274444444444444 0.03168749999999996 0.04079166666666667
8 0.59096875 0.2673333333333333 0.04736718750000009 0.0772083333333333
7 0.5258515625 0.24456944444444445 0.031539062499999916 0.029388888888888923
7 0.5115859375 0.2757638888888889 0.02985156250000003 0.03591666666666669
7 0.5767734375 0.2874583333333333 0.029359374999999945 0.04454166666666666
4 0.5739687499999999 0.30672222222222223 0.011539062499999985 0.05269444444444444
4 0.45408593750000004 0.13908333333333334 0.05647656249999997 0.04312500000000002
8 0.23903125000000003 0.13219444444444445 0.033492187499999916 0.056736111111111105
8 0.2681484375 0.12016666666666666 0.03463281249999994 0.05213888888888888
8 0.23922656250000002 0.05170833333333333 0.028031250000000084 0.04230555555555555
7 0.21460937500000005 0.11815277777777777 0.013265625000000014 0.027180555555555545
7 0.23888281249999999 0.1847916666666667 0.022218750000000044 0.03444444444444446
4 0.16646874999999994 0.02501388888888889 0.0465937499999999 0.03197222222222223
8 0.1543125 0.07002777777777779 0.0315546874999999 0.04354166666666666
7 0.20913281250000004 0.02284722222222222 0.01674218750000005 0.034583333333333334
7 0.12257031250000008 0.08438888888888887 0.01878124999999997 0.029986111111111116
7 0.0787109375 0.08816666666666666 0.015546875000000071 0.024319444444444453
7 0.11463281250000001 0.10040277777777779 0.017109375000000072 0.030305555555555547
7 0.16258593749999992 0.10408333333333333 0.0196406249999999 0.0268472222222222
8 0.04564843750000005 0.02723611111111111 0.03158593749999987 0.048208333333333346
7 0.088671875 0.043305555555555555 0.020156250000000143 0.03887499999999999
4 0.16628124999999994 0.18152777777777776 0.012203124999999915 0.04570833333333329
7 0.43128124999999995 0.2608611111111111 0.026765624999999994 0.03745833333333337
7 0.45023437499999996 0.22590277777777779 0.026359375000000008 0.033722222222222265
4 0.4536953125 0.1863472222222222 0.05476562499999993 0.057472222222222216
4 0.6686875000000001 0.3084861111111111 0.025820312499999963 0.03655555555555555
4 0.5237578125 0.22405555555555554 0.020437500000000063 0.03436111111111113
4 0.51225 0.2543888888888889 0.019851562500000065 0.03070833333333335
4 0.4295703125 0.2415972222222222 0.015562500000000057 0.0328888888888889
4 0.44828124999999996 0.20833333333333334 0.018445312499999922 0.03655555555555555
4 0.23550781250000002 0.16593055555555555 0.014890624999999958 0.023388888888888893
4 0.21022656250000002 0.10056944444444443 0.013468750000000007 0.02425000000000001
4 0.12106250000000003 0.06681944444444445 0.013156250000000114 0.02709722222222223
4 0.07793749999999999 0.07406944444444444 0.014242187500000014 0.029625
4 0.0888671875 0.025236111111111112 0.016874999999999928 0.029166666666666667
4 0.7021875 0.8852638888888889 0.08567968750000006 0.17987499999999998