4 0.5176302083333334 0.2904351851851852 0.06294270833333335 0.04696296296296299
8 0.20713541666666666 0.3240648148148148 0.040151041666666686 0.07390740740740735
4 0.7141458333333334 0.24255555555555552 0.03132812500000005 0.03637962962962962
4 0.9828697916666667 0.2565740740740741 0.03364062500000008 0.040611111111111126
4 0.29271874999999997 0.26158333333333333 0.010046874999999981 0.03916666666666663
4 0.7450260416666666 0.2415925925925926 0.032942708333333334 0.040092592592592576
8 0.687515625 0.2538796296296296 0.04794791666666664 0.05989814814814812
4 0.38892187500000003 0.2739537037037037 0.011479166666666648 0.06046296296296292
4 0.5712135416666667 0.23928703703703705 0.047531250000000115 0.03740740740740739
4 0.07131249999999999 0.2902962962962963 0.040453125000000006 0.0433703703703704
4 0.46527083333333336 0.2801388888888889 0.04933854166666667 0.04861111111111111
4 0.14470833333333333 0.3313611111111111 0.05269791666666666 0.05658333333333335
4 0.9452552083333334 0.21624074074074073 0.049828125000000036 0.03913888888888887
4 0.84484375 0.23191666666666666 0.028661458333333438 0.03453703703703705
4 0.15046874999999998 0.40123148148148147 0.08155208333333336 0.08950925925925922
8 0.8412968749999999 0.4882777777777778 0.12138020833333343 0.1617592592592593
4 0.06261979166666667 0.4575555555555556 0.12523958333333335 0.15791666666666673
4 0.11939583333333334 0.31069444444444444 0.02888541666666667 0.04424074074074071
4 0.17334895833333333 0.26698148148148143 0.014109375000000016 0.02160185185185189
7 0.17530208333333333 0.2896111111111111 0.01917187500000003 0.023657407407407367
4 0.20372395833333332 0.23933333333333334 0.04360416666666668 0.0316296296296296
8 0.9047864583333334 0.22543518518518518 0.02500520833333345 0.04088888888888891
4 0.814375 0.23456481481481486 0.03227083333333335 0.045268518518518534
8 0.7785781249999999 0.24215740740740738 0.037343749999999905 0.04706481481481482
4 0.8631979166666667 0.2698055555555555 0.06655208333333344 0.0334351851851852
4 0.4703541666666667 0.2471759259259259 0.05834895833333332 0.027259259259259285
4 0.5060208333333333 0.2452314814814815 0.041645833333333354 0.033953703703703694
6 0.4007135416666667 0.24742592592592594 0.06689062500000004 0.04475925925925929