4 0.7771875 0.8298611111111112 0.31620833333333326 0.33256481481481487
4 0.9555364583333333 0.7291666666666666 0.08892708333333323 0.26851851851851855
4 0.56628125 0.5394074074074073 0.12083333333333333 0.1775833333333333
4 0.4708125 0.902388888888889 0.20588020833333331 0.1952129629629629
4 0.905828125 0.5671296296296297 0.04938541666666675 0.1111111111111111
4 0.8290208333333333 0.6168981481481481 0.054567708333333326 0.09953703703703703
7 0.902578125 0.6284722222222222 0.08714062499999997 0.08564814814814815
7 0.4371666666666666 0.6817129629629629 0.054421874999999884 0.09490740740740741
7 0.4007135416666666 0.8564814814814815 0.05180208333333335 0.12037037037037036
7 0.30503125000000003 0.9166666666666666 0.05306770833333327 0.16666666666666666
4 0.32000000000000006 0.7743055555555556 0.07000000000000005 0.11805555555555555
4 0.4346510416666666 0.5916574074074075 0.054072916666666755 0.09383333333333325
4 0.4033177083333333 0.7372685185185185 0.041390624999999896 0.10416666666666667
4 0.10519270833333334 0.6157407407407407 0.03086458333333345 0.1712962962962963
4 0.68190625 0.2916666666666667 0.020661458333333372 0.05555555555555555
7 0.6763541666666666 0.32894444444444443 0.025864583333333257 0.04861111111111111
8 0.8361875 0.4753055555555556 0.13397916666666657 0.14351851851851852
8 0.48880729166666664 0.3637407407407407 0.05888020833333343 0.13799999999999996
4 0.5235572916666666 0.46013888888888893 0.024708333333333363 0.10416666666666667
4 0.30242187500000006 0.36342592592592593 0.03223437499999993 0.0787037037037037
4 0.7411458333333333 0.2638888888888889 0.06017708333333331 0.06944444444444445
4 0.8653854166666667 0.20439814814814813 0.026114583333333267 0.030398148148148132
4 0.81240625 0.20802777777777776 0.04458854166666673 0.040740740740740744
4 0.7855364583333333 0.2146574074074074 0.04360937500000001 0.03888888888888889
8 0.9129010416666666 0.20300925925925925 0.03229166666666667 0.053861111111111123
4 0.959203125 0.20747222222222222 0.009661458333333428 0.04895370370370371
8 0.5393593750000001 0.26851851851851855 0.045343749999999974 0.0787037037037037
4 0.4078125 0.3306296296296296 0.06265104166666664 0.09337962962962965
4 0.3546250000000001 0.35594444444444445 0.06988541666666657 0.09027777777777778
4 0.2950104166666667 0.45287962962962963 0.13638020833333328 0.16144444444444436
4 0.16445833333333332 0.448675925925926 0.16400520833333326 0.1076759259259259
4 0.16638541666666667 0.5868703703703704 0.15845833333333323 0.1797870370370371
4 0.08738541666666665 0.827898148148148 0.1747708333333333 0.2636203703703704
4 0.04729166666666664 0.6636296296296297 0.09458333333333328 0.17824074074074073
8 0.3253385416666667 0.6281296296296296 0.1207708333333334 0.24768518518518517
8 0.6799583333333333 0.25810185185185186 0.05060416666666659 0.0625
8 0.627734375 0.24573148148148147 0.039182291666666674 0.06966666666666667
4 0.6238020833333333 0.25733333333333336 0.014479166666666524 0.07022222222222226
8 0.5925208333333333 0.23981481481481481 0.03162500000000013 0.06113888888888886
4 0.3440833333333334 0.25 0.040062500000000036 0.08333333333333333
4 0.2965677083333334 0.2048611111111111 0.0543697916666666 0.0625
4 0.6914427083333334 0.660787037037037 0.22066666666666682 0.2710092592592593