4 0.08392187499999999 0.7677314814814815 0.16647395833333334 0.22910185185185192
4 0.5748645833333333 0.36960185185185185 0.08106249999999994 0.10821296296296297
4 0.8259322916666666 0.845537037037037 0.33779166666666666 0.23521296296296293
4 0.83515625 0.4557962962962963 0.15821874999999988 0.12765740740740736
4 0.9512760416666667 0.5385185185185185 0.09090104166666677 0.10185185185185185
4 0.7480781249999999 0.6029537037037037 0.2053958333333334 0.2478888888888889
4 0.5935781250000001 0.3148796296296296 0.06236979166666667 0.06463888888888894
4 0.5164479166666667 0.3174166666666667 0.05956249999999995 0.08582407407407402
4 0.6516510416666667 0.3594814814814815 0.0781406250000001 0.09473148148148143
4 0.6960572916666667 0.43233333333333335 0.12171354166666669 0.10318518518518513
8 0.415515625 0.8071203703703704 0.21678125 0.3590277777777778
4 0.47223437500000004 0.2639722222222222 0.0457916666666667 0.034537037037037
4 0.306640625 0.30159259259259263 0.05382291666666662 0.06987962962962965
7 0.27341145833333336 0.7100648148148149 0.06339062500000002 0.11031481481481491
4 0.9466041666666667 0.6693148148148148 0.1053124999999999 0.16594444444444448
4 0.39364062499999997 0.41487037037037044 0.15504687500000003 0.4210370370370371
4 0.861234375 0.569212962962963 0.14525000000000005 0.14472222222222217
4 0.08597395833333334 0.24708333333333335 0.05538541666666667 0.04656481481481481
4 0.59953125 0.2805462962962963 0.07615104166666668 0.05908333333333328
4 0.30062500000000003 0.26525000000000004 0.04223958333333329 0.052481481481481435
4 0.21838020833333335 0.6984166666666667 0.04390104166666665 0.21163888888888882
4 0.21986458333333334 0.5727500000000001 0.04092187499999997 0.07407407407407407
4 0.049130208333333335 0.19937962962962963 0.009375 0.03950925925925927
4 0.06614583333333333 0.20247222222222222 0.012848958333333342 0.03333333333333333
4 0.5572916666666666 0.5318333333333334 0.03125 0.15162037037037038
4 0.63671875 0.6238425925925926 0.032552083333333336 0.09953703703703703
4 0.6103541666666668 0.6134259259259259 0.029296875 0.09027777777777778
4 0.04785416666666666 0.5150462962962963 0.031901041666666664 0.06712962962962964
4 0.020182291666666668 0.5318333333333334 0.03125 0.09143518518518519
4 0.10807291666666667 0.6076388888888888 0.036458333333333336 0.08564814814814815
4 0.22227083333333333 0.26987962962962964 0.07934895833333334 0.05065740740740744
4 0.12189583333333333 0.1981851851851852 0.008614583333333344 0.020296296296296312