4 0.31880729166666666 0.3065925925925926 0.06662500000000003 0.06836111111111115
4 0.42293749999999997 0.43388888888888894 0.09435416666666671 0.11557407407407401
4 0.05374999999999999 0.20022222222222222 0.05442708333333333 0.03559259259259259
4 0.4685833333333333 0.34452777777777777 0.05766666666666668 0.08544444444444442
4 0.692703125 0.3596574074074074 0.023432291666666553 0.051500000000000004
4 0.4238177083333333 0.33987962962962964 0.012135416666666643 0.0743148148148148
4 0.16305208333333335 0.4225462962962963 0.02595833333333335 0.08137962962962962
4 0.83121875 0.45699074074074075 0.1484739583333334 0.12273148148148154
4 0.6364895833333333 0.2839074074074074 0.08163020833333334 0.05078703703703706
4 0.22044270833333332 0.21471296296296294 0.05107291666666664 0.03831481481481481
4 0.3164635416666667 0.2527407407407407 0.06548958333333334 0.04418518518518521
4 0.6209010416666667 0.3235185185185185 0.06355208333333333 0.06872222222222225
4 0.6968854166666667 0.4427962962962963 0.11789062499999996 0.12899074074074068
4 0.15533854166666666 0.5530185185185185 0.28109375000000003 0.16435185185185186
4 0.20288541666666668 0.26275 0.07798437500000001 0.05794444444444446
4 0.1596145833333333 0.20778703703703702 0.04056770833333333 0.03646296296296296
4 0.18553125 0.21064814814814814 0.03588020833333332 0.03830555555555556
4 0.40399999999999997 0.5706018518518519 0.13779687499999996 0.22916666666666666
4 0.5085104166666666 0.8281851851851852 0.23515104166666667 0.3436296296296295
4 0.8884114583333333 0.8158333333333333 0.21026041666666656 0.2242592592592593
4 0.850296875 0.5873611111111111 0.17043750000000013 0.16779629629629633
4 0.9460156249999999 0.6446759259259259 0.10286458333333333 0.13657407407407407
4 0.9481770833333333 0.5324074074074074 0.09853645833333337 0.125
4 0.19869270833333333 0.7705925925925926 0.26502604166666666 0.3510648148148149
4 0.5544270833333333 0.3431574074074074 0.08098958333333334 0.08719444444444441
4 0.6428958333333333 0.3425925925925926 0.06870833333333337 0.0787037037037037
4 0.5246041666666666 0.4215740740740741 0.020546874999999964 0.11048148148148153
4 0.613609375 0.39351851851851855 0.03096875000000002 0.11574074074074074
4 0.6871614583333333 0.5115740740740741 0.03484375000000005 0.1712962962962963
4 0.7522552083333333 0.5625 0.03482291666666673 0.18055555555555555
4 0.6721614583333333 0.6647685185185186 0.05683854166666672 0.12268518518518519
4 0.6409479166666666 0.7604166666666666 0.030958333333333362 0.15046296296296297
4 0.17228125 0.9602592592592591 0.07279166666666666 0.07947222222222215
4 0.963125 0.9108796296296297 0.07374999999999995 0.1736111111111111
7 0.6474479166666666 0.8483796296296297 0.09865104166666659 0.19212962962962962
7 0.6897604166666667 0.7997685185185185 0.07650520833333327 0.1597222222222222
7 0.26542187500000003 0.22831481481481483 0.027786458333333316 0.0235462962962963
8 0.5693385416666668 0.5416666666666666 0.09607812499999996 0.20833333333333334
8 0.3851354166666667 0.3460648148148148 0.04277083333333328 0.09027777777777778
8 0.45933854166666666 0.2650462962962963 0.0583645833333333 0.07175925925925926
8 0.37229166666666663 0.2493148148148148 0.0353177083333333 0.07081481481481483
8 0.4060885416666667 0.24128703703703702 0.035911458333333354 0.06843518518518515
7 0.41475 0.35482407407407407 0.012333333333333366 0.043074074074074056
7 0.35342708333333334 0.3507222222222222 0.011916666666666723 0.04837962962962963
4 0.35307812499999996 0.30927777777777776 0.014901041666666615 0.030944444444444406
4 0.26560937500000004 0.20747222222222222 0.010869791666666639 0.021324074074074047
4 0.4521197916666667 0.2699444444444445 0.013718749999999957 0.06471296296296294
4 0.5132083333333334 0.26683333333333337 0.012156249999999957 0.06166666666666669
7 0.12209374999999999 0.22503703703703704 0.027750000000000014 0.025953703703703732
4 0.5397656249999999 0.3879074074074074 0.09288541666666668 0.10477777777777775