6 0.31421875 0.6273148148148148 0.6284375 0.7453703703703703
4 0.9485729166666667 0.2013148148148148 0.055593749999999886 0.03966666666666664
4 0.7800208333333333 0.21453703703703703 0.055156250000000046 0.040768518518518496
4 0.8908125000000001 0.20525925925925925 0.03851041666666669 0.03475925925925928
4 0.8148854166666666 0.20912037037037037 0.042072916666666536 0.037009259259259235
4 0.8918750000000001 0.5262407407407408 0.21624999999999991 0.14197222222222217
4 0.85703125 0.6678240740740741 0.279796875 0.22916666666666666
4 0.8207760416666666 0.2648518518518519 0.0784270833333333 0.045907407407407445
4 0.7280520833333334 0.29398148148148145 0.042953125000000134 0.06224074074074076
4 0.746203125 0.2916666666666667 0.018520833333333306 0.07612962962962966
8 0.6926822916666667 0.3113425925925926 0.03266666666666656 0.09542592592592587
4 0.7013645833333333 0.25758333333333333 0.04222395833333318 0.029064814814814804
4 0.7226874999999999 0.21146296296296296 0.04342187499999994 0.04030555555555553
6 0.6044635416666667 0.2523148148148148 0.1521197916666665 0.16666666666666666
4 0.30158854166666665 0.21651851851851853 0.05951562499999999 0.035972222222222246