4 0.5750989583333334 0.3659074074074074 0.08158854166666671 0.10524999999999997
4 0.303 0.7815925925925926 0.35981770833333326 0.3317037037037037
4 0.8318541666666667 0.4566851851851852 0.15393749999999998 0.12084259259259258
4 0.9057968750000001 0.5580277777777778 0.06115104166666659 0.08763888888888897
4 0.705125 0.4083888888888889 0.11528125000000007 0.05650925925925923
4 0.5943437500000001 0.3086481481481481 0.06434895833333343 0.048231481481481514
4 0.5335729166666667 0.30067592592592596 0.04771874999999994 0.07325000000000001
4 0.9495833333333333 0.5401851851851852 0.09586458333333331 0.1010648148148149
6 0.0283125 0.1989074074074074 0.05466666666666667 0.11085185185185188
2 0.13215625 0.22753703703703704 0.14937499999999998 0.09238888888888887
4 0.6546458333333334 0.36124074074074075 0.07607291666666664 0.0849537037037037
4 0.1373125 0.8865925925925926 0.274625 0.2268055555555554
4 0.6559010416666666 0.25880555555555557 0.03481250000000007 0.03716666666666665
6 1 0.7561728398148148 0.9739583333333334 0.697530863888889 0.9704861109375 0.6574074074074074 0.703125 0.43209876574074074 0.6284722223958333 0.4537037037037037 0.5902777776041667 0.5308641972222222 0.5868055557291666 0.6172839509259259 0.8020833333333334 1 1 1 1 0.7561728398148148
6 0.37326388906249997 0.30864197499999996 0.37847222239583334 0.33641975277777775 0.390625 0.39814814814814814 0.48090277760416666 0.3827160490740741 0.46006944427083335 0.20061728425925926 0.24131944427083332 0.17283950648148147 0.22743055572916668 0.2098765435185185 0.23263888906250002 0.29012345648148147 0.37326388906249997 0.30864197499999996
4 0.71484375 0.35648148148148145 0.016927083333333332 0.05787037037037037