4 0.5101093750000001 0.6269027777777778 0.09949999999999992 0.14174999999999993
4 0.4297734375 0.5762638888888889 0.0470703125 0.11951388888888882
4 0.45301562500000003 0.7294444444444446 0.07477343750000003 0.12674999999999997
4 0.58853825546875 0.5734549875 0.5151040734375 0.6910572555555555 0.55582665859375 0.7480765486111111 0.63259878671875 0.6197831652777778 0.58853825546875 0.5734549875
4 0.6826675328125 0.669675025 0.64700188984375 0.6254748319444444 0.56116734296875 0.7492644541666666 0.60589544140625 0.8122232402777778 0.6826675328125 0.669675025
4 0.63195165 0.7833697319444445 0.68001765703125 0.840389025 0.73208917734375 0.7144714194444445 0.697482659375 0.6810303875 0.66466324609375 0.7128844750000001 0.63195165 0.7833697319444445
4 0.5997739531249999 0.9671502069444445 0.63881834609375 0.9292585138888889 0.64502995390625 0.8787362555555556 0.57315277578125 0.7508517888888889 0.51458618671875 0.7824282 0.5997739531249999 0.9671502069444445
4 0.40657453437499996 0.5255950694444445 0.34068712109375 0.463073775 0.31433215625 0.49954452916666664 0.30603522265625 0.5221216638888889 0.30554716718749997 0.5221216638888889 0.30554716718749997 0.5229900152777778 0.36801819609374997 0.595931525 0.40315815 0.569880986111111 0.40657453437499996 0.5255950694444445
4 0.52419576796875 0.9937097763888889 0.43577880859375 0.8368055555555556 0.37826734921875 0.8825608083333334 0.42853700546875 0.9980515333333333 0.52419576796875 0.9937097763888889
4 0.38461206328125 0.7323360305555555 0.34906005859375 0.70625 0.321164925 0.7210474638888889 0.32067686953124996 0.7210474638888889 0.30359494765625 0.7609916236111111 0.3728987453125 0.8851658625000001 0.42365645625 0.8382748916666666 0.42804895 0.8035408388888888 0.38461206328125 0.7323360305555555
4 0.39879687500000005 0.7407777777777778 0.01771875000000005 0.08570833333333339
4 0.266948278125 0.5778310138888888 0.25962745390625 0.6290637416666667 0.32063431796874997 0.7280557916666666 0.36260704062500004 0.6941900902777778 0.3499176125 0.6412206611111111 0.29515380859375 0.5555555555555556 0.266948278125 0.5778310138888888
8 0.2728984375 0.15958333333333335 0.04216406250000002 0.06083333333333335
8 0.4786171875 0.24961111111111112 0.037765624999999935 0.06833333333333332
8 0.6571484375 0.301875 0.051796874999999964 0.07319444444444442
8 0.5265 0.2538611111111111 0.0474609375 0.06745833333333333
7 0.59621875 0.24770833333333334 0.027648437500000077 0.03583333333333335
4 0.506046875 0.2123611111111111 0.017281249999999915 0.042777777777777796
7 0.5983671875 0.16861111111111113 0.030281249999999992 0.02436111111111114
7 0.7358828125000001 0.3904722222222222 0.03104687500000001 0.03211111111111112
7 0.7492656249999999 0.29912500000000003 0.03160937500000003 0.03419444444444445
4 0.749828125 0.41933333333333334 0.01878124999999997 0.06990277777777784
4 0.7887890625 0.17181944444444444 0.07132031249999997 0.04363888888888887
4 0.90023193359375 0.3909722222222222 0.8927979867187499 0.4040803041666666 0.8927979867187499 0.4049486555555556 0.8815727234375 0.4752851125 0.96503011328125 0.5143609222222222 0.9855284195312499 0.4744167611111111 0.975767321875 0.4414194111111111 0.90023193359375 0.3909722222222222
4 0.9484362460937501 0.30595660555555554 0.94062736796875 0.35284757777777775 0.9499004109375001 0.3736880083333333 0.9996820124999999 0.37802976527777776 1 0.30833333333333335 0.96795844296875 0.2964047416666667 0.9484362460937501 0.30595660555555554
4 0.13666406250000004 0.31566666666666665 0.07870312499999983 0.06744444444444445
4 0.13704687500000007 0.09683333333333333 0.0482421875 0.047819444444444456
4 0.05415624999999995 0.028416666666666666 0.032781250000000026 0.04572222222222223
4 0.20934375000000002 0.1948472222222222 0.01615625000000005 0.0549722222222222
4 0.22838281250000003 0.1968472222222222 0.013234375000000043 0.056194444444444415
4 0.13763281250000006 0.06252777777777778 0.03282031250000017 0.05388888888888888
4 0.17590625000000007 0.027638888888888886 0.051773437499999984 0.04833333333333333
7 0.0775390625 0.07295833333333333 0.018046874999999928 0.047319444444444435
4 0.28154860234375 0.6767364236111111 0.25972967734374997 0.6312756791666666 0.21035000390624997 0.6425131666666667 0.24020748046875 0.7012545791666667 0.28154860234375 0.6767364236111111
4 0.2720745953125 0.7676579152777778 0.30480298359375 0.746715325 0.31054480624999997 0.7104488875 0.28138643124999996 0.6801470583333333 0.23733656953125 0.6987006041666667 0.2720745953125 0.7676579152777778
4 0.2717875046875 0.7648701166666667 0.31111898828125 0.8394461708333334 0.32604772656250003 0.8205467597222222 0.3274831828125 0.7939854249999999 0.31800917578125 0.7699780652777777 0.29402429921875 0.7565359472222222 0.2717875046875 0.7648701166666667
4 0.1873560859375 0.5975868763888889 0.2143426515625 0.6547959041666667 0.23644866796875 0.6466231861111111 0.24448721953125002 0.6338533138888889 0.23730994140625 0.6057595958333333 0.215491015625 0.5899249541666667 0.1873560859375 0.5975868763888889
4 0.143293284375 0.3801190138888889 0.14670966875 0.39227593194444443 0.1574468765625 0.41832647222222225 0.20478820312499998 0.39488098611111105 0.19281005859375 0.31319444444444444 0.1530543828125 0.3375698 0.143293284375 0.3801190138888889
4 0.18343505859375 0.29097222222222224 0.13499635078125 0.3115192597222222 0.10083250703124999 0.354936825 0.10083250703124999 0.38793417500000005 0.11742637421874999 0.4070379041666667 0.1462216140625 0.3957493375 0.15598271171875 0.34017485277777776 0.18965850078125 0.3193344222222222 0.18343505859375 0.29097222222222224
4 0.5925390625 0.11640277777777779 0.021726562499999956 0.04430555555555556
4 0.59459375 0.22591666666666665 0.015382812500000042 0.031208333333333293
4 0.6003515625 0.15056944444444445 0.023406250000000028 0.0243611111111111
4 0.6125546875 0.08211111111111111 0.012945312500000129 0.0322638888888889
4 0.7359375 0.3692083333333333 0.012140624999999971 0.037027777777777736
4 0.7484140625 0.2795972222222222 0.011312500000000014 0.031416666666666676
4 0.23518749999999997 0.07322222222222222 0.016367187500000036 0.04979166666666666
4 0.0076171875 0.06645833333333333 0.014640624999999829 0.051305555555555556
4 0.5410468749999999 0.9376666666666666 0.019679687500000043 0.10550000000000005