4 0.6099895833333332 0.5870648148148148 0.10869270833333336 0.24029629629629629
4 0.5191614583333333 0.2831296296296296 0.06756250000000014 0.06292592592592595
4 0.3798125 0.7449537037037036 0.1864218749999999 0.38207407407407395
4 0.7317552083333333 0.5029074074074074 0.0884583333333334 0.16106481481481486
4 0.5677135416666667 0.34153703703703703 0.07294270833333319 0.07146296296296302
4 0.16301041666666669 0.4555648148148148 0.159484375 0.12183333333333327
4 0.6941822916666667 0.40087962962962964 0.11707812499999998 0.10939814814814813
4 0.15180208333333337 0.5981481481481481 0.18517708333333333 0.19656481481481478
4 0.9028229166666667 0.5861203703703703 0.19435416666666658 0.1680462962962963
4 0.05041145833333331 0.5406111111111112 0.09236979166666662 0.10371296296296295
4 0.467515625 0.5241851851851852 0.1585416666666666 0.25318518518518524
4 0.05753125000000002 0.6847962962962963 0.11146354166666678 0.2074999999999999
4 0.42829687499999997 0.3629907407407407 0.07765624999999995 0.09469444444444443
4 0.6487864583333334 0.3388425925925926 0.05851562499999995 0.07909259259259256
4 0.7349999999999999 0.2708703703703704 0.048453125000000104 0.05073148148148145
8 0.5711614583333334 0.42241666666666666 0.06126041666666661 0.14231481481481476
4 0.7717760416666667 0.7990648148148148 0.4081093750000001 0.2693703703703704
4 0.7783645833333334 0.21632407407407406 0.052151041666666724 0.04357407407407402
4 0.4067864583333333 0.47335185185185186 0.11124999999999995 0.1567962962962962
4 0.2898958333333333 0.46000925925925923 0.12071875000000011 0.1648148148148148
4 0.8405104166666667 0.2079074074074074 0.0395260416666666 0.037675925925925925
4 0.9595260416666667 0.19794444444444445 0.032874999999999946 0.031712962962962964
4 0.6643697916666668 0.25883333333333336 0.042213541666666764 0.04353703703703702
8 0.3703333333333333 0.3812685185185185 0.0509427083333333 0.09238888888888887
8 0.6338125 0.23869444444444446 0.03309895833333343 0.05523148148148146
4 0.8945416666666667 0.20760185185185187 0.028401041666666772 0.02236111111111109
4 0.3023958333333333 0.21259259259259258 0.058473958333333326 0.030064814814814787
8 0.59275 0.23967592592592596 0.03004687500000003 0.057694444444444395
8 0.8296875 0.44814814814814813 0.08229166666666667 0.11851851851851852
4 0.5804947916666666 0.4499166666666667 0.02841145833333319 0.061444444444444454
4 0.776515625 0.4280277777777778 0.02841145833333319 0.06986111111111115
4 0.8098958333333334 0.2622037037037037 0.07622916666666674 0.04798148148148153
4 0.9869791666666666 0.20075925925925925 0.011838541666666676 0.044611111111111115