4 0.0380859375 0.5569948186528497 0.0380859375 0.09585492227979274
7 0.03759765625 0.6433506044905009 0.0419921875 0.08031088082901554
7 0.146484375 0.5069084628670121 0.02685546875 0.047495682210708115
4 0.14697265625 0.43436960276338515 0.03662109375 0.07512953367875648
4 0.38623046875 0.28842832469775476 0.01806640625 0.06994818652849741
4 0.421875 0.18652849740932642 0.009765625 0.022452504317789293
7 0.42529296875 0.231433506044905 0.01318359375 0.02849740932642487
4 0.5361328125 0.3013816925734024 0.01708984375 0.03281519861830743
7 0.53857421875 0.34024179620034545 0.029296875 0.047495682210708115
4 0.13818359375 0.25129533678756477 0.0126953125 0.06563039723661486
4 0.1533203125 0.25129533678756477 0.01123046875 0.06476683937823834
4 0.20458984375 0.24611398963730569 0.0751953125 0.06822107081174439
4 0.0322265625 0.46545768566493956 0.064453125 0.12607944732297063
4 0.0244140625 0.33074265975820377 0.048828125 0.09412780656303972
4 0.0537109375 0.2927461139896373 0.0654296875 0.06390328151986183
4 0.09716796875 0.24870466321243523 0.0703125 0.04317789291882556
4 0.693359375 0.40414507772020725 0.12109375 0.12435233160621761
4 0.82080078125 0.5310880829015544 0.12939453125 0.17530224525043178
4 0.37060546875 0.18393782383419688 0.02783203125 0.04835924006908463
4 0.04638671875 0.24784110535405873 0.03662109375 0.037996545768566495
4 0.1005859375 0.18911917098445596 0.03076171875 0.03540587219343696
4 0.14404296875 0.20639032815198619 0.05029296875 0.038860103626943004
4 0.76953125 0.37305699481865284 0.06396484375 0.07426597582037997
4 0.87060546875 0.46632124352331605 0.068359375 0.09153713298791019
4 0.67333984375 0.2392055267702936 0.04541015625 0.037996545768566495
4 0.73193359375 0.2815198618307427 0.048828125 0.054404145077720206
4 0.7978515625 0.3221070811744387 0.056640625 0.038860103626943004
4 0.87060546875 0.35664939550949915 0.029296875 0.045768566493955096
4 0.93310546875 0.40500863557858374 0.05078125 0.05094991364421416
4 0.9189453125 0.5043177892918825 0.0390625 0.10449050086355786
4 0.958984375 0.48100172711571676 0.05615234375 0.08031088082901554
4 0.59912109375 0.30397236614853196 0.076171875 0.09412780656303972
4 0.5419921875 0.2616580310880829 0.04150390625 0.08117443868739206
4 0.47802734375 0.2141623488773748 0.044921875 0.05008635578583765
4 0.45849609375 0.17789291882556132 0.025390625 0.03454231433506045
4 0.42626953125 0.16062176165803108 0.03173828125 0.03454231433506045
8 0.259765625 0.15803108808290156 0.01708984375 0.04317789291882556
4 0.81396484375 0.41364421416234887 0.0673828125 0.07340241796200346
4 0.74072265625 0.3471502590673575 0.0546875 0.05958549222797927
6 0.3623046875 0.15284974093264247 0.02294921875 0.030224525043177894
4 0.06005859375 0.21070811744386875 0.03076171875 0.038860103626943004