6 0.68578125 0.6273148148148148 0.6284375 0.7453703703703703
4 0.05142708333333333 0.2013148148148148 0.05559374999999999 0.03966666666666664
4 0.21997916666666667 0.21453703703703703 0.05515624999999999 0.040768518518518496
4 0.10918749999999999 0.20525925925925925 0.038510416666666665 0.03475925925925928
4 0.18511458333333333 0.20912037037037037 0.042072916666666654 0.037009259259259235
4 0.108125 0.5262407407407408 0.21625 0.1419722222222222
4 0.14296875 0.6678240740740741 0.279796875 0.22916666666666666
4 0.17922395833333335 0.2648518518518519 0.07842708333333336 0.045907407407407445
4 0.2719479166666667 0.29398148148148145 0.042953125000000016 0.06224074074074076
4 0.25379687500000003 0.2916666666666667 0.018520833333333365 0.07612962962962966
8 0.30731770833333333 0.3113425925925926 0.032666666666666684 0.09542592592592587
4 0.29863541666666665 0.25758333333333333 0.0422239583333333 0.029064814814814804
4 0.2773125 0.21146296296296296 0.04342187499999997 0.04030555555555553
6 0.3955364583333333 0.2523148148148148 0.15211979166666664 0.16666666666666666
4 0.6984114583333334 0.21651851851851853 0.05951562499999999 0.035972222222222246