4 0.25992404345703124 0.5029853609671848 0.242884 0.4317828998272884 0.19755889990234374 0.42547358635578586 0.105827294921875 0.565836006044905 0.13309885302734376 0.6294377279792746 0.25992404345703124 0.5029853609671848
4 0.4541015625 0.3385146804835924 0.0791015625 0.10276338514680483
7 0.22802734375 0.6105354058721935 0.0693359375 0.10276338514680483
7 0.849609375 0.35233160621761656 0.0244140625 0.04145077720207254
7 0.93115234375 0.5328151986183074 0.03173828125 0.05267702936096719
4 0.658203125 0.13298791018998274 0.00537109375 0.02072538860103627
4 0.6142578125 0.15803108808290156 0.00634765625 0.02936096718480138
7 0.81201171875 0.23834196891191708 0.01318359375 0.031088082901554404
4 0.7333984375 0.15025906735751296 0.0078125 0.019861830742659757
4 0.76904296875 0.20293609671848015 0.0185546875 0.02677029360967185
8 0.78955078125 0.2599309153713299 0.029296875 0.06563039723661486
8 0.853515625 0.49568221070811747 0.076171875 0.19343696027633853
8 0.75390625 0.19861830742659758 0.01904296875 0.05008635578583765
4 0.59130859375 0.23661485319516407 0.04541015625 0.07167530224525043
4 0.7939453125 0.3488773747841105 0.0830078125 0.10189982728842832
4 0.52001953125 0.21243523316062177 0.04052734375 0.05094991364421416
4 0.45751953125 0.25129533678756477 0.0361328125 0.05181347150259067
4 0.4033203125 0.30915371329879104 0.06787109375 0.08721934369602763
4 0.30712890625 0.3946459412780656 0.1044921875 0.12089810017271158
4 0.26513671875 0.348013816925734 0.0458984375 0.044905008635578586
4 0.23388671875 0.37219343696027635 0.06103515625 0.07253886010362694
4 0.1875 0.41018998272884283 0.06396484375 0.07426597582037997
4 0.1318359375 0.46632124352331605 0.064453125 0.08981001727115717
4 0.08349609375 0.5043177892918825 0.044921875 0.09067357512953368
4 0.32470703125 0.23316062176165803 0.04248046875 0.05181347150259067
4 0.2646484375 0.2918825561312608 0.03955078125 0.02936096718480138
4 0.26953125 0.26424870466321243 0.03076171875 0.023316062176165803
4 0.220703125 0.3143350604490501 0.03857421875 0.03454231433506045
4 0.18212890625 0.31001727115716754 0.02490234375 0.02849740932642487
4 0.18896484375 0.3333333333333333 0.03564453125 0.025906735751295335
4 0.12451171875 0.3644214162348877 0.03955078125 0.05008635578583765
4 0.08203125 0.3955094991364421 0.01513671875 0.037132987910189985
4 0.05517578125 0.40414507772020725 0.0341796875 0.037132987910189985
4 0.05810546875 0.43005181347150256 0.03759765625 0.031088082901554404
4 0.03515625 0.48186528497409326 0.0703125 0.07772020725388601
4 0.99951171875 0.24265975820379965 0.00048828125 0.0069084628670120895
4 0.9912109375 0.2599309153713299 0.01708984375 0.04231433506044905
4 0.97119140625 0.23056994818652848 0.0361328125 0.04145077720207254
4 0.97119140625 0.3281519861830743 0.0537109375 0.08376511226252159
4 0.9453125 0.29360967184801384 0.06640625 0.06390328151986183
4 0.927734375 0.25820379965457685 0.04248046875 0.03367875647668394
4 0.89892578125 0.2452504317789292 0.0625 0.039723661485319514
4 0.845703125 0.2504317789291883 0.0400390625 0.06563039723661486
4 0.87744140625 0.2158894645941278 0.0361328125 0.02936096718480138
4 0.93896484375 0.20984455958549222 0.029296875 0.038860103626943004
4 0.9013671875 0.18998272884283246 0.02587890625 0.037996545768566495
4 0.87744140625 0.18825561312607944 0.02685546875 0.025043177892918825
4 0.85107421875 0.20207253886010362 0.03564453125 0.02936096718480138
4 0.85791015625 0.17616580310880828 0.0234375 0.016407599309153715
4 0.83154296875 0.18566493955094993 0.03076171875 0.025043177892918825
4 0.98583984375 0.46545768566493956 0.02783203125 0.12694300518134716
4 0.96044921875 0.4317789291882556 0.02001953125 0.09153713298791019
4 0.93798828125 0.46545768566493956 0.02587890625 0.09067357512953368
4 0.85107421875 0.30915371329879104 0.01416015625 0.05181347150259067
4 0.89892578125 0.2987910189982729 0.0146484375 0.07081174438687392
4 0.2265625 0.5276338514680483 0.03759765625 0.06303972366148532
4 0.4775390625 0.7478411053540587 0.0390625 0.17098445595854922
4 0.96240234375 0.8687392055267703 0.06689453125 0.26252158894645944
4 0.73046875 0.18134715025906736 0.0205078125 0.04317789291882556
4 0.71826171875 0.1614853195164076 0.0185546875 0.031088082901554404
4 0.5478515625 0.17875647668393782 0.0390625 0.03626943005181347
4 0.58349609375 0.15975820379965458 0.013671875 0.03281519861830743
4 0.5673828125 0.16753022452504318 0.01611328125 0.02849740932642487
4 0.63037109375 0.16407599309153714 0.01953125 0.04922279792746114