4 0.5178697916666667 0.2918425925925926 0.059916666666666646 0.05279629629629628
4 0.8056249999999999 0.23886111111111114 0.05092187499999999 0.03955555555555558
4 0.21536979166666667 0.25171296296296297 0.0492552083333333 0.03040740740740744
4 0.43825000000000003 0.3985277777777778 0.03049999999999997 0.06270370370370373
4 0.7857395833333333 0.4261759259259259 0.021359375000000114 0.05050925925925922
4 0.307796875 0.2600555555555556 0.015046875000000052 0.024472222222222176
4 0.8676979166666666 0.2316574074074074 0.026093749999999954 0.03550000000000003
4 0.46322916666666664 0.28098148148148144 0.049447916666666696 0.04876851851851848
4 0.23774479166666668 0.3910925925925926 0.02286979166666665 0.08437962962962962
4 0.7120677083333333 0.24430555555555558 0.03494270833333341 0.03528703703703705
4 0.15940625 0.34864814814814815 0.016864583333333332 0.08371296296296293
7 0.27457291666666667 0.27120370370370367 0.02134375000000001 0.018194444444444423
6 0.32180729166666666 0.21195370370370373 0.07610416666666672 0.07904629629629632
4 0.659765625 0.2208425925925926 0.032239583333333384 0.03465740740740739
7 0.6475989583333334 0.26231481481481483 0.02809895833333324 0.021490740740740776
4 0.9310885416666667 0.22362962962962968 0.02541666666666676 0.032194444444444456
4 0.898140625 0.2266388888888889 0.04050000000000011 0.04024074074074072
4 0.37846874999999996 0.2582407407407407 0.009020833333333301 0.04313888888888892
4 0.06213020833333334 0.4616388888888889 0.12426041666666668 0.16534259259259265
4 0.071390625 0.28587962962962965 0.044369791666666665 0.03935185185185185
4 0.12053645833333333 0.31042592592592594 0.03811458333333332 0.042527777777777734
4 0.14050520833333333 0.32618518518518513 0.03973958333333332 0.046037037037037064
8 0.197765625 0.32407407407407407 0.036697916666666684 0.07804629629629627
8 0.23840104166666667 0.3318425925925926 0.04690624999999997 0.04000925925925929
7 0.468265625 0.4685833333333333 0.03232291666666664 0.055555555555555504
7 0.43916145833333337 0.45502777777777786 0.026942708333333343 0.05092592592592598
7 0.9563385416666667 0.817787037037037 0.0873229166666666 0.11441666666666661
7 0.7887916666666667 0.4869351851851852 0.06847916666666667 0.06184259259259256
7 0.7213854166666667 0.3239074074074074 0.025906249999999888 0.035379629629629664
4 0.9528072916666667 0.692787037037037 0.043807291666666734 0.13690740740740753
4 0.7588906249999999 0.2278518518518519 0.034041666666666734 0.04861111111111114
4 0.8078697916666666 0.42262037037037037 0.02318749999999999 0.054231481481481526
4 0.7212031250000001 0.2903425925925926 0.01776041666666662 0.03836111111111107
4 0.4682135416666667 0.4087314814814815 0.028156249999999973 0.052907407407407396
4 0.25359895833333335 0.39417592592592593 0.024515625000000027 0.08200925925925931
4 0.17381770833333335 0.34425 0.01626562500000001 0.08135185185185187
4 0.2720416666666667 0.24801851851851853 0.016286458333333323 0.022490740740740735
7 0.30886979166666667 0.2824074074074074 0.018692708333333384 0.02645370370370375
4 0.29501562499999995 0.24613888888888888 0.00831250000000002 0.039194444444444455
4 0.38728125 0.25833333333333336 0.007505208333333376 0.03950925925925922
4 0.5612447916666666 0.2729907407407407 0.010557291666666658 0.04660185185185189
4 0.65090625 0.24259259259259258 0.011406250000000047 0.02099074074074073
4 0.717234375 0.2455277777777778 0.010041666666666772 0.021916666666666654
7 0.71975 0.26743518518518516 0.03139062499999999 0.02191666666666663
4 0.9456145833333333 0.22576851851851856 0.007505208333333258 0.03796296296296299
7 0.137953125 0.36471296296296296 0.04479687499999999 0.034981481481481454