4 0.427625 0.7561759259259259 0.43243229166666663 0.34104629629629624
4 0.8144479166666667 0.8556481481481482 0.2724583333333333 0.2887037037037037
4 0.062796875 0.2490740740740741 0.07604166666666666 0.041666666666666664
6 0.35996354166666666 0.44357407407407407 0.13736979166666666 0.2748888888888889
6 0.4306770833333333 0.30287962962962967 0.15715625 0.2356759259259259
4 0.8323177083333333 0.6331018518518519 0.03608854166666665 0.18287037037037038
4 0.8948072916666666 0.6099537037037037 0.038671875 0.16435185185185186
4 0.6080416666666667 0.41522222222222227 0.020552083333333353 0.12037037037037042
4 0.7060364583333333 0.5289351851851852 0.03353645833333327 0.1597222222222222
4 0.17693229166666666 0.6137592592592592 0.046755208333333326 0.09722222222222222
4 0.02025 0.7266481481481482 0.0405 0.17923148148148144
7 0.0526875 0.8265555555555555 0.105375 0.16898148148148148
7 0.17377083333333332 0.7161018518518518 0.04638020833333331 0.10813888888888885
4 0.29465625 0.3101851851851852 0.0519166666666667 0.09259259259259259
4 0.5920833333333333 0.32363888888888886 0.0635989583333334 0.07957407407407413
4 0.6479843750000001 0.3579259259259259 0.07058854166666677 0.08506481481481482
4 0.7009895833333334 0.4602314814814815 0.12987500000000007 0.16925925925925933
4 0.8367760416666666 0.45073148148148157 0.14844791666666665 0.11716666666666668
4 0.8435364583333332 0.5834537037037038 0.170984375 0.17105555555555557
4 0.9496041666666667 0.5336851851851852 0.10079166666666665 0.0992962962962963
4 0.9439947916666667 0.696787037037037 0.11201041666666664 0.237462962962963
4 0.6930208333333333 0.35532407407407407 0.017921874999999924 0.05787037037037037
4 0.6487552083333333 0.2465277777777778 0.059593750000000036 0.08101851851851852
4 0.7008229166666666 0.21208333333333335 0.059567708333333275 0.038805555555555524
4 0.2872135416666667 0.2689814814814815 0.08204166666666665 0.06111111111111111
4 0.32113020833333333 0.24853703703703706 0.05532812500000001 0.05030555555555557
4 0.3325260416666667 0.2986111111111111 0.016145833333333335 0.046296296296296294
4 0.10086458333333333 0.20752777777777778 0.024437500000000008 0.030787037037037036
4 0.21666145833333333 0.2147037037037037 0.04221874999999997 0.04513888888888889
4 0.18710416666666668 0.20729629629629628 0.038333333333333344 0.02662037037037037
4 0.22580208333333335 0.23655555555555555 0.011026041666666646 0.04208333333333332
4 0.2779739583333333 0.2135462962962963 0.04324479166666665 0.03356481481481482
4 0.28566145833333334 0.2175925925925926 0.00965624999999998 0.046296296296296294
8 0.13073958333333335 0.21192592592592593 0.03470833333333334 0.031712962962962964
4 0.07877604166666667 0.21771296296296297 0.01619791666666668 0.02646296296296295
4 0.1825989583333333 0.21581481481481482 0.009145833333333304 0.0441574074074074
4 0.09361979166666666 0.17191666666666666 0.03882291666666668 0.023499999999999997
8 0.03149479166666667 0.23228703703703704 0.040843750000000005 0.05698148148148147