4 0.3813984375 0.7167222222222221 0.10089062499999998 0.1544444444444445
4 0.43039062499999997 0.6674722222222221 0.0998125 0.13920833333333327
4 0.3207421875 0.759375 0.08771093749999999 0.12723611111111105
4 0.4903515625 0.6289305555555555 0.09712499999999995 0.1394583333333333
4 0.4546953125 0.8477916666666666 0.11270312499999999 0.1238611111111112
4 0.6418203124999999 0.5293888888888889 0.08839843750000007 0.09719444444444447
4 0.20875 0.17518055555555556 0.07064062499999998 0.03863888888888888
4 0.688953125 0.6414166666666666 0.091796875 0.15126388888888884
4 0.5728203125 0.5774722222222222 0.04540624999999991 0.11122222222222228
4 0.63134375 0.7900694444444445 0.11439062500000005 0.1479027777777778
4 0.29728125 0.8701388888888889 0.08403906249999996 0.14613888888888893
4 0.5555546875 0.9239999999999999 0.10122656249999995 0.14995833333333336
4 0.2925546875 0.15843055555555555 0.01221874999999999 0.030333333333333337
7 0.21878906250000002 0.21025 0.029984374999999997 0.03129166666666663
4 0.7021875 0.794125 0.05194531250000001 0.07861111111111098
4 0.735046875 0.7032361111111111 0.0964765625 0.1335
4 0.7828984375 0.6196388888888889 0.049453124999999966 0.05627777777777775
4 0.028312500000000008 0.3335694444444444 0.0546328125 0.07370833333333332
7 0.4160234375 0.169125 0.024445312499999972 0.03129166666666667
7 0.84546875 0.11002777777777778 0.01989062500000003 0.03145833333333334
7 0.81053125 0.16938888888888887 0.021484375 0.03348611111111109
7 0.7252890625 0.14251388888888888 0.021960937499999923 0.030055555555555575
7 0.7468671875 0.1303888888888889 0.015929687500000077 0.02386111111111112
7 0.74796875 0.06686111111111111 0.015890624999999936 0.01925
8 0.6097734375 0.20647222222222222 0.03917187500000008 0.06416666666666665
7 0.3164296875 0.2814861111111111 0.03243749999999999 0.03647222222222221
4 0.86866440390625 0.32568088472222223 0.88856202734375 0.354403275 0.9062070898437501 0.34037606111111113 0.8998248328124999 0.31165367083333334 0.8803026367187501 0.29361868194444446 0.85477361015625 0.28493516944444447 0.85439818359375 0.28426720694444446 0.8401319632812501 0.28493516944444447 0.81835720546875 0.29762645833333334 0.86866440390625 0.32568088472222223
4 0.8333742796875001 0.3350323611111111 0.85139476875 0.36375474999999996 0.8525210492187499 0.3878014027777778 0.86903983046875 0.4004926902777778 0.8825551976562499 0.40182861527777775 0.8983231257812501 0.38646547638888884 0.8983231257812501 0.36108290000000004 0.8788009289062501 0.3383721736111111 0.86453470859375 0.3136575597222222 0.8204345703125 0.2980769236111111 0.80859610703125 0.31165367083333334 0.8333742796875001 0.3350323611111111
4 0.79868361640625 0.3905502152777777 0.8363335671875 0.41660075416666664 0.85585576328125 0.3905502152777777 0.853066878125 0.3496136527777778 0.8104945593749999 0.3154761902777778 0.8014725015625 0.3272846194444444 0.79868361640625 0.3905502152777777
4 0.2155390625 0.19256944444444446 0.016195312500000014 0.029374999999999967
4 0.3193359375 0.2609444444444444 0.015859374999999964 0.029374999999999967
4 0.411734375 0.1565138888888889 0.01735937500000002 0.029916666666666654
4 0.731 0.12820833333333334 0.013460937500000015 0.0256388888888889
4 0.809578125 0.15225 0.017367187500000013 0.029916666666666654
4 0.7487421875 0.11405555555555556 0.014687499999999964 0.02830555555555555
4 0.8481796875000001 0.09322222222222223 0.017054687499999943 0.02937500000000001
4 0.7490390625 0.051819444444444446 0.012289062500000014 0.023500000000000004
4 0.8849843749999999 0.11431944444444445 0.011937500000000156 0.0256388888888889
4 0.761703125 0.08959722222222223 0.012546874999999957 0.019763888888888883
4 0.3878359375 0.08452777777777777 0.009851562500000011 0.03344444444444445
7 0.7626796875 0.10795833333333334 0.018953124999999994 0.018208333333333312
4 0.9338906250000001 0.03377777777777778 0.040726562500000084 0.04508333333333332