4 0.5720468750000001 0.5816111111111111 0.04774999999999992 0.11456944444444446
4 0.3203359375 0.759875 0.08137499999999998 0.12622222222222212
4 0.6448359375 0.5324166666666666 0.08645312500000006 0.10601388888888895
4 0.4905390625 0.6312916666666666 0.09946874999999995 0.1455555555555555
7 0.9187421875 0.03155555555555555 0.02075781250000013 0.05322222222222221
4 0.41521875 0.8361111111111111 0.11107031250000002 0.13655555555555546
4 0.6875 0.6412083333333334 0.09231250000000006 0.16354166666666675
4 0.1586875 0.3592222222222222 0.057765625 0.06659722222222225
4 0.6310781249999999 0.7886666666666667 0.11228906250000001 0.14961111111111114
4 0.382234375 0.7123888888888888 0.09945312499999996 0.13977777777777783
7 0.3286015625 0.18531944444444445 0.032804687500000006 0.02002777777777778
4 0.4319609375 0.6666944444444444 0.09493749999999998 0.13419444444444437
4 0.78515625 0.6229305555555555 0.05228906249999996 0.0588055555555556
4 0.5525781249999999 0.9231388888888888 0.12014843749999997 0.15372222222222232
4 0.8274296874999999 0.3664027777777778 0.051023437499999956 0.09133333333333332
7 0.493046875 0.2597777777777778 0.03184374999999999 0.03099999999999999
4 0.348046875 0.1318888888888889 0.018593749999999964 0.05116666666666667
8 0.73221875 0.15801388888888887 0.04215625000000003 0.055527777777777766
7 0.28721874999999997 0.3736666666666667 0.041890625 0.04281944444444446
4 0.8596640624999999 0.3167083333333333 0.07885156249999987 0.060180555555555536
4 0.302375 0.8720555555555556 0.07982812499999996 0.13663888888888873
4 0.8561171875 0.3541944444444445 0.08051562499999995 0.0991527777777778
4 0.7961406249999999 0.5185416666666667 0.014578124999999975 0.06504166666666672
7 0.5542265625 0.6916944444444444 0.01853125000000002 0.07713888888888884
4 0.701859375 0.7954305555555556 0.05052343750000006 0.07993055555555549
4 0.8225390625 0.033666666666666664 0.04471874999999983 0.04026388888888889
7 0.41331249999999997 0.20069444444444445 0.03342968749999997 0.028680555555555525
4 0.7320546875 0.7196944444444444 0.07237500000000008 0.08729166666666661
4 0.4180625 0.36394444444444446 0.01779687499999998 0.059500000000000046
4 0.8648281250000001 0.4440972222222222 0.013328124999999958 0.051763888888888866
4 0.20734375 0.17436111111111113 0.06136718749999999 0.042513888888888865
7 0.3905078125 0.1455138888888889 0.025445312499999994 0.02318055555555555
7 0.6037265625 0.6842083333333333 0.016874999999999928 0.07751388888888881
4 0.43589062500000003 0.13995833333333332 0.05119531249999998 0.0516388888888889
4 0.514734375 0.14494444444444443 0.026257812499999922 0.03461111111111109
8 0.6900546875 0.12447222222222223 0.03207812499999996 0.056513888888888884
4 0.2593203125 0.18619444444444444 0.0615234375 0.05043055555555556
7 0.6014999999999999 0.7042083333333333 0.015132812499999915 0.07554166666666673
4 0.6398359375 0.22545833333333334 0.014468749999999985 0.04722222222222222
7 0.5583750000000001 0.2471111111111111 0.03304687499999996 0.026138888888888878
4 0.29375 0.3472222222222222 0.02296093749999999 0.030861111111111148
4 0.3273828125 0.160875 0.016437499999999973 0.02855555555555556
4 0.387703125 0.12191666666666667 0.015546874999999983 0.024694444444444446
4 0.40919531249999996 0.18055555555555555 0.018593749999999964 0.029319444444444464
4 0.49406249999999996 0.2326388888888889 0.01646093749999995 0.034722222222222224
4 0.5617578125 0.22569444444444445 0.020773437499999936 0.034722222222222224
4 0.7797109375 0.07108333333333332 0.012843750000000043 0.046569444444444434
7 0.2033203125 0.25480555555555556 0.03240625000000001 0.030986111111111114
4 0.2024140625 0.23130555555555554 0.0173828125 0.026708333333333358