8 0.6188229166666666 0.4398240740740741 0.0817291666666667 0.1326944444444444
8 0.665203125 0.3780833333333333 0.04828124999999991 0.10441666666666664
4 0.9347291666666667 0.4625740740740741 0.1305416666666666 0.17206481481481486
4 0.8507916666666666 0.39969444444444446 0.08393749999999993 0.08641666666666671
4 0.15364583333333334 0.7064814814814815 0.3072916666666667 0.23333333333333334
4 0.5775729166666667 0.9023888888888888 0.40118749999999986 0.18904629629629635
8 0.8004374999999999 0.3231851851851852 0.04093749999999995 0.07435185185185181
8 0.6839479166666665 0.25242592592592594 0.02731770833333324 0.04144444444444444
4 0.5354791666666666 0.2777777777777778 0.053916666666666654 0.052472222222222184
4 0.48780208333333336 0.2912314814814815 0.05228124999999994 0.048499999999999995
4 0.85428125 0.32458333333333333 0.05028124999999998 0.04218518518518524
4 0.8800260416666668 0.31069444444444444 0.031192708333333267 0.04938888888888892
4 0.9276979166666667 0.28768518518518515 0.0385989583333334 0.0444907407407407
8 0.8921770833333333 0.2782962962962963 0.03582812499999998 0.03600925925925925
4 0.8826302083333334 0.2433148148148148 0.03756249999999994 0.0257222222222222
4 0.82303125 0.3323055555555555 0.011505208333333409 0.030861111111111148
7 0.8007604166666666 0.3888888888888889 0.01381249999999999 0.04526851851851851
4 0.9460052083333333 0.24831481481481482 0.03408333333333336 0.03521296296296294
4 0.6554895833333333 0.2550277777777778 0.014333333333333325 0.024472222222222176
7 0.6584895833333333 0.27675 0.027682291666666713 0.021462962962962916
4 0.6323020833333334 0.22677777777777777 0.015479166666666799 0.03498148148148151
4 0.6166197916666666 0.22787962962962965 0.02229166666666676 0.033953703703703667
4 0.386515625 0.26125 0.08060416666666655 0.052907407407407396
4 0.49474999999999997 0.24503703703703703 0.042703125 0.03373148148148143
4 0.24535416666666662 0.25925925925925924 0.059348958333333236 0.04497222222222227
4 0.28552083333333333 0.24371296296296294 0.029604166666666744 0.037694444444444475
4 0.30343749999999997 0.27440740740740743 0.01849479166666678 0.03505555555555557
4 0.2964791666666667 0.29398148148148145 0.016036458333333316 0.03796296296296296
7 0.29678124999999994 0.3288333333333333 0.017822916666666563 0.03042592592592594
7 0.30890624999999994 0.30721296296296297 0.008302083333333361 0.02658333333333337
4 0.45548958333333334 0.28425925925925927 0.012453124999999924 0.05740740740740741
4 0.2074375 0.24212962962962964 0.019130208333333343 0.04351851851851852
4 0.18348437499999998 0.2375 0.026411458333333353 0.04351851851851852
4 0.31660416666666674 0.22010185185185185 0.03679687500000005 0.02936111111111109
8 0.13643229166666668 0.24299074074074076 0.04179166666666655 0.0470925925925926
2 0.5701927083333334 0.21836111111111112 0.053442708333333165 0.06636111111111112
4 0.05454166666666668 0.2149722222222222 0.04964062499999997 0.04272222222222221
4 0.0967864583333333 0.22685185185185186 0.03298437499999996 0.04012037037037041