4 0.5221979166666666 0.29409259259259257 0.0753020833333333 0.07075925925925922
4 0.6752552083333333 0.44162962962962965 0.08945833333333321 0.13034259259259257
4 0.6253072916666668 0.3632870370370371 0.0756197916666667 0.09563888888888886
4 0.7292031250000001 0.271787037037037 0.04208854166666664 0.057537037037037025
4 0.8463645833333333 0.20725925925925925 0.03185937500000004 0.037731481481481484
4 0.9535729166666667 0.19717592592592592 0.04183854166666663 0.03258333333333333
4 0.8185677083333334 0.2084537037037037 0.030557291666666705 0.0367685185185185
4 0.892109375 0.20303703703703704 0.03415104166666675 0.03436111111111113
4 0.74309375 0.38310185185185186 0.031098958333333353 0.0625
4 0.8075729166666666 0.3769074074074074 0.01580729166666662 0.09831481481481477
7 0.7479322916666666 0.44957407407407407 0.03966145833333338 0.056546296296296344
7 0.6894166666666666 0.36056481481481484 0.030312499999999905 0.031592592592592596
4 0.6908281249999999 0.32413888888888887 0.022119791666666798 0.041259259259259315
4 0.5675677083333334 0.6427499999999999 0.09482291666666663 0.25925925925925924
4 0.8210156249999999 0.6944444444444444 0.3578906249999998 0.2175925925925926
4 0.8696302083333334 0.5462962962962963 0.2607395833333333 0.17592592592592593
8 0.75634375 0.2147314814814815 0.0350833333333334 0.05174074074074074
6 0.630265625 0.2660648148148148 0.16407291666666665 0.17728703703703705
6 0.27760416666666665 0.6509259259259259 0.5395833333333333 0.6981481481481482
4 0.3017760416666667 0.2152777777777778 0.0543697916666666 0.07407407407407407
4 0.8438072916666667 0.2523333333333333 0.06773958333333331 0.043064814814814806
4 0.789734375 0.3801759259259259 0.021484375 0.10784259259259261