4 0.94482421875 0.7996545768566494 0.1103515625 0.23834196891191708
4 0.9716796875 0.3238341968911917 0.046875 0.10276338514680483
4 0.98876953125 0.25215889464594127 0.02001953125 0.04145077720207254
4 0.93408203125 0.28929188255613125 0.04296875 0.06303972366148532
4 0.96533203125 0.22538860103626943 0.02197265625 0.03367875647668394
4 0.93896484375 0.20552677029360966 0.0224609375 0.03367875647668394
4 0.9541015625 0.2504317789291883 0.0322265625 0.016407599309153715
4 0.91357421875 0.26338514680483593 0.03125 0.045768566493955096
4 0.89208984375 0.24438687392055267 0.046875 0.04145077720207254
4 0.91015625 0.21761658031088082 0.02587890625 0.02936096718480138
4 0.86962890625 0.229706390328152 0.03759765625 0.03281519861830743
4 0.74755859375 0.23575129533678757 0.02685546875 0.05699481865284974
4 0.73876953125 0.19861830742659758 0.0283203125 0.037132987910189985
4 0.72509765625 0.18221070811744386 0.0185546875 0.02936096718480138
4 0.91845703125 0.19084628670120898 0.01171875 0.02677029360967185
4 0.8974609375 0.18393782383419688 0.0185546875 0.03281519861830743
4 0.87744140625 0.18998272884283246 0.0146484375 0.025906735751295335
4 0.84912109375 0.20639032815198619 0.03369140625 0.037996545768566495
4 0.8583984375 0.17616580310880828 0.01708984375 0.024179620034542316
4 0.83837890625 0.16493955094991364 0.01611328125 0.018998272884283247
4 0.83154296875 0.18739205526770294 0.0224609375 0.025043177892918825
4 0.73779296875 0.16666666666666666 0.0146484375 0.025043177892918825
4 0.8125 0.18307426597582038 0.02734375 0.027633851468048358
4 0.8115234375 0.16839378238341968 0.02587890625 0.019861830742659757
4 0.79931640625 0.16407599309153714 0.01953125 0.025906735751295335
4 0.78564453125 0.15716753022452504 0.017578125 0.024179620034542316
4 0.6552734375 0.12003454231433507 0.00927734375 0.013816925734024179
4 0.64599609375 0.13126079447322972 0.00830078125 0.012953367875647668
4 0.640625 0.1459412780656304 0.01416015625 0.015544041450777202
4 0.59912109375 0.192573402417962 0.02783203125 0.044905008635578586
4 0.71142578125 0.14939550949913644 0.01708984375 0.023316062176165803
4 0.748046875 0.13212435233160622 0.0244140625 0.02158894645941278
4 0.517578125 0.20984455958549222 0.0341796875 0.044905008635578586
4 0.533203125 0.18307426597582038 0.017578125 0.017271157167530225
4 0.54541015625 0.1770293609671848 0.01318359375 0.025043177892918825
4 0.5595703125 0.17271157167530224 0.01318359375 0.02936096718480138
4 0.56982421875 0.16062176165803108 0.01220703125 0.023316062176165803
4 0.58203125 0.15716753022452504 0.0126953125 0.019861830742659757
4 0.587890625 0.14680483592400692 0.00927734375 0.012953367875647668
4 0.60693359375 0.14421416234887738 0.013671875 0.023316062176165803
4 0.59375 0.14248704663212436 0.009765625 0.017271157167530225
4 0.603515625 0.13126079447322972 0.0107421875 0.012953367875647668
4 0.61328125 0.12867012089810018 0.01025390625 0.016407599309153715
4 0.458984375 0.25215889464594127 0.0341796875 0.05613126079447323
4 0.40234375 0.29965457685664937 0.06787109375 0.08376511226252159
4 0.33251953125 0.24006908462867013 0.02685546875 0.03540587219343696
4 0.3173828125 0.22884283246977546 0.02294921875 0.022452504317789293
4 0.2666015625 0.2616580310880829 0.0361328125 0.025043177892918825
4 0.26611328125 0.2867012089810017 0.0361328125 0.04145077720207254
4 0.224609375 0.3134715025906736 0.02880859375 0.03367875647668394
4 0.23876953125 0.28065630397236613 0.01318359375 0.023316062176165803
4 0.2626953125 0.3393782383419689 0.01953125 0.04231433506044905
4 0.22900390625 0.3696027633851468 0.03857421875 0.04404145077720207
4 0.1826171875 0.39810017271157166 0.0361328125 0.04404145077720207
4 0.1259765625 0.4542314335060449 0.03759765625 0.06994818652849741
4 0.0771484375 0.4939550949913644 0.029296875 0.08203799654576857
4 0.17919921875 0.5034542314335061 0.1220703125 0.1226252158894646
4 0.0478515625 0.4930915371329879 0.03076171875 0.07512953367875648
4 0.00439453125 0.45077720207253885 0.0087890625 0.02849740932642487
4 0.017578125 0.45768566493955093 0.03466796875 0.025043177892918825
4 0.01708984375 0.4905008635578584 0.02490234375 0.037996545768566495
4 0.0546875 0.40500863557858374 0.021484375 0.03281519861830743
4 0.07958984375 0.39723661485319517 0.01806640625 0.03454231433506045
4 0.18896484375 0.3635578583765112 0.03466796875 0.025906735751295335
4 0.14794921875 0.3704663212435233 0.03564453125 0.046632124352331605
4 0.11962890625 0.3644214162348877 0.02734375 0.04404145077720207
4 0.15185546875 0.3376511226252159 0.0166015625 0.023316062176165803
4 0.18701171875 0.31174438687392053 0.0244140625 0.023316062176165803
4 0.19091796875 0.3333333333333333 0.02490234375 0.017271157167530225
4 0.0234375 0.4386873920552677 0.029296875 0.022452504317789293
4 0.01953125 0.41968911917098445 0.017578125 0.018998272884283247
4 0.06787109375 0.37219343696027635 0.0205078125 0.025906735751295335
4 0.30712890625 0.4015544041450777 0.10546875 0.12003454231433507
4 0.48486328125 0.3324697754749568 0.0830078125 0.14507772020725387
6 0.845703125 0.3626943005181347 0.1337890625 0.22797927461139897
7 0.62548828125 0.20984455958549222 0.013671875 0.025043177892918825
7 0.62060546875 0.1614853195164076 0.0107421875 0.016407599309153715
7 0.64794921875 0.1614853195164076 0.0107421875 0.012089810017271158
7 0.76806640625 0.20898100172711573 0.0087890625 0.018998272884283247
7 0.810546875 0.22711571675302245 0.0107421875 0.013816925734024179
4 0.8193359375 0.21675302245250433 0.01025390625 0.02849740932642487
4 0.6259765625 0.18652849740932642 0.0146484375 0.018998272884283247
4 0.61962890625 0.14680483592400692 0.01025390625 0.008635578583765112
4 0.64697265625 0.1459412780656304 0.01025390625 0.009499136442141624
4 0.76611328125 0.18911917098445596 0.013671875 0.018998272884283247
4 0.84619140625 0.31865284974093266 0.03857421875 0.05181347150259067