4 0.13671875 0.5803108808290155 0.12109375 0.20293609671848015
4 0.2099609375 0.3177892918825561 0.05615234375 0.09585492227979274
4 0.17626953125 0.28065630397236613 0.0263671875 0.07081174438687392
4 0.025390625 0.33074265975820377 0.04443359375 0.09067357512953368
4 0.05224609375 0.29965457685664937 0.0390625 0.055267702936096716
4 0.00927734375 0.2547495682210708 0.01708984375 0.04317789291882556
4 0.03271484375 0.22538860103626943 0.02197265625 0.03626943005181347
4 0.0634765625 0.28324697754749567 0.0361328125 0.04404145077720207
4 0.0556640625 0.24265975820379965 0.01123046875 0.022452504317789293
4 0.083984375 0.26252158894645944 0.0341796875 0.04317789291882556
4 0.10546875 0.2469775474956822 0.04541015625 0.039723661485319514
4 0.0615234375 0.20898100172711573 0.017578125 0.02849740932642487
4 0.08251953125 0.18739205526770294 0.01220703125 0.02936096718480138
4 0.08740234375 0.2158894645941278 0.0205078125 0.025906735751295335
4 0.10205078125 0.18652849740932642 0.01806640625 0.02849740932642487
4 0.130859375 0.231433506044905 0.03955078125 0.04404145077720207
4 0.12255859375 0.18911917098445596 0.013671875 0.024179620034542316
4 0.15380859375 0.20379965457685664 0.03076171875 0.038860103626943004
4 0.1396484375 0.1770293609671848 0.01611328125 0.022452504317789293
4 0.1611328125 0.16407599309153714 0.0185546875 0.019861830742659757
4 0.1767578125 0.18652849740932642 0.01953125 0.024179620034542316
4 0.1865234375 0.17012089810017272 0.02685546875 0.024179620034542316
4 0.20263671875 0.16321243523316062 0.01953125 0.031088082901554404
4 0.2978515625 0.13644214162348878 0.013671875 0.022452504317789293
4 0.240234375 0.13471502590673576 0.017578125 0.018998272884283247
4 0.26171875 0.12521588946459414 0.02197265625 0.017271157167530225
4 0.4052734375 0.22452504317789293 0.0341796875 0.05872193436960276
4 0.83203125 0.5466321243523317 0.08935546875 0.14507772020725387
4 0.92431640625 0.501727115716753 0.029296875 0.09412780656303972
4 0.87646484375 0.4542314335060449 0.04248046875 0.08549222797927461
4 0.82421875 0.4075993091537133 0.041015625 0.07426597582037997
4 0.70166015625 0.40414507772020725 0.11962890625 0.12607944732297063
4 0.77197265625 0.3696027633851468 0.03662109375 0.06390328151986183
4 0.7392578125 0.3393782383419689 0.03173828125 0.04835924006908463
4 0.59765625 0.2979274611398964 0.06396484375 0.08031088082901554
4 0.96044921875 0.4896373056994819 0.03857421875 0.08376511226252159
4 0.7373046875 0.28929188255613125 0.03125 0.038860103626943004
4 0.77783203125 0.3126079447322971 0.03076171875 0.04145077720207254
4 0.8173828125 0.3531951640759931 0.03173828125 0.04231433506044905
4 0.81201171875 0.31088082901554404 0.02490234375 0.03454231433506045
4 0.72802734375 0.2607944732297064 0.025390625 0.025043177892918825
4 0.6650390625 0.24006908462867013 0.025390625 0.03626943005181347
4 0.68505859375 0.23402417962003455 0.01904296875 0.03281519861830743
4 0.7646484375 0.28065630397236613 0.01416015625 0.02936096718480138
4 0.8525390625 0.3765112262521589 0.0322265625 0.05094991364421416
4 0.84716796875 0.33678756476683935 0.0244140625 0.039723661485319514
4 0.87841796875 0.3601036269430052 0.0263671875 0.04922279792746114
4 0.916015625 0.3920552677029361 0.01513671875 0.037996545768566495
4 0.93603515625 0.41882556131260795 0.01318359375 0.04317789291882556
4 0.9296875 0.36787564766839376 0.009765625 0.02158894645941278
4 0.94873046875 0.4058721934369603 0.0205078125 0.039723661485319514
4 0.97900390625 0.41968911917098445 0.01611328125 0.023316062176165803
4 0.9931640625 0.45077720207253885 0.013671875 0.025043177892918825
4 0.9892578125 0.46718480138169255 0.021484375 0.04317789291882556
4 0.54052734375 0.25302245250431776 0.037109375 0.04835924006908463
4 0.4833984375 0.20984455958549222 0.03564453125 0.044905008635578586
4 0.4677734375 0.18221070811744386 0.0185546875 0.017271157167530225
4 0.455078125 0.17616580310880828 0.01806640625 0.025043177892918825
4 0.44140625 0.16753022452504318 0.013671875 0.02158894645941278
4 0.43115234375 0.16062176165803108 0.01318359375 0.016407599309153715
4 0.41748046875 0.16062176165803108 0.01318359375 0.019861830742659757
4 0.39306640625 0.14507772020725387 0.01708984375 0.02072538860103627
4 0.41650390625 0.1459412780656304 0.0166015625 0.01468048359240069
4 0.4091796875 0.13903281519861832 0.009765625 0.013816925734024179
4 0.11181640625 0.2867012089810017 0.017578125 0.06476683937823834
4 0.0966796875 0.35751295336787564 0.0205078125 0.037996545768566495
4 0.09228515625 0.40846286701208984 0.0205078125 0.06044905008635579
7 0.109375 0.38860103626943004 0.009765625 0.02072538860103627
7 0.087890625 0.4697754749568221 0.017578125 0.05094991364421416
4 0.18115234375 0.2141623488773748 0.009765625 0.04145077720207254
6 0.25732421875 0.2081174438687392 0.0458984375 0.1234887737478411
4 0.22119140625 0.1692573402417962 0.0107421875 0.03281519861830743
7 0.3603515625 0.15112262521588946 0.0078125 0.012953367875647668
7 0.35107421875 0.13644214162348878 0.00634765625 0.012089810017271158
4 0.3515625 0.12607944732297063 0.00634765625 0.007772020725388601
4 0.3603515625 0.13903281519861832 0.0078125 0.010362694300518135
8 0.599609375 0.40414507772020725 0.0791015625 0.15716753022452504