4 0.10986979166666666 0.7993796296296296 0.21973958333333332 0.32222222222222213
4 0.36730208333333336 0.7796296296296297 0.24147395833333335 0.27654629629629635
4 0.5535520833333333 0.8626574074074074 0.33893229166666666 0.27468518518518525
4 0.05008854166666667 0.4579444444444444 0.10017187500000001 0.15509259259259253
4 0.14949479166666665 0.4058611111111111 0.08191666666666665 0.10339814814814811
4 0.1490729166666667 0.3275462962962963 0.04285416666666665 0.04861111111111111
4 0.120640625 0.3144259259259259 0.036359374999999985 0.04861111111111111
8 0.19940104166666667 0.31905555555555554 0.03849999999999998 0.08256481481481477
8 0.35909375000000004 0.4444444444444444 0.08182812500000007 0.13734259259259257
4 0.2872760416666667 0.3020833333333333 0.06320312499999999 0.0625
6 0.6259479166666666 0.5250833333333333 0.31085937499999994 0.22299999999999998
4 0.5203020833333334 0.29475 0.06051041666666664 0.052472222222222184
4 0.46454687499999997 0.2804814814814815 0.05575520833333331 0.05169444444444448
4 0.8712447916666667 0.2655740740740741 0.0876770833333334 0.046296296296296294
4 0.899578125 0.7727592592592593 0.07338020833333327 0.2862685185185186
4 0.918640625 0.7048611111111112 0.16271875000000005 0.2708333333333333
4 0.717453125 0.23875925925925928 0.04002083333333341 0.06481481481481481
4 0.7836927083333334 0.24158333333333334 0.045609375000000084 0.03943518518518521
4 0.808953125 0.23478703703703704 0.032552083333333336 0.05158333333333334
4 0.7531614583333333 0.22420370370370368 0.02215624999999998 0.05158333333333334
4 0.8553125 0.23255555555555554 0.04990625000000008 0.028620370370370393
8 0.9123229166666668 0.22643518518518518 0.036364583333333415 0.044009259259259234
4 0.5067395833333334 0.2454814814814815 0.04568229166666669 0.0434259259259259
4 0.6023333333333334 0.3123888888888889 0.01910937500000003 0.034833333333333334
4 0.68590625 0.2891388888888889 0.012645833333333438 0.030175925925925957
7 0.6025208333333333 0.3511944444444445 0.02890625 0.03042592592592594
7 0.6962499999999999 0.31878703703703704 0.027385416666666627 0.031749999999999966
4 0.12838541666666667 0.47993518518518524 0.04388020833333333 0.07099074074074076
7 0.12925 0.5501574074074074 0.06400520833333334 0.059564814814814744
4 0.42372916666666666 0.4638888888888889 0.034213541666666694 0.07222222222222222
7 0.42303645833333337 0.5354907407407408 0.04045833333333337 0.06111111111111111
8 0.27488541666666666 0.24599074074074076 0.03444270833333336 0.04876851851851851
4 0.07076041666666667 0.28812037037037036 0.04527604166666667 0.05154629629629626
4 0.24355729166666668 0.3768518518518518 0.030114583333333358 0.12037037037037036
4 0.2123125 0.3787037037037037 0.02595833333333335 0.09444444444444444