4 0.5704635416666667 0.18946296296296297 0.11097916666666663 0.16239814814814812
4 0.55665625 0.8621296296296298 0.15522395833333338 0.26809259259259266
4 0.7289583333333333 0.19240740740740742 0.10902083333333341 0.17560185185185184
4 0.683296875 0.6792685185185185 0.14144270833333342 0.22937962962962966
4 0.7954322916666666 0.47011111111111115 0.0479739583333334 0.14759259259259264
4 0.7284843750000001 0.052925925925925925 0.09111458333333336 0.10140740740740739
4 0.24285937500000002 0.84175 0.18773437499999995 0.24295370370370378
4 0.31970833333333337 0.3168148148148148 0.04953124999999995 0.1217129629629629
4 0.8532239583333333 0.25803703703703706 0.05671875000000005 0.1014814814814815
4 0.9081041666666666 0.9180925925925926 0.1783541666666667 0.16381481481481489
4 0.9242916666666667 0.36165740740740737 0.04857812499999999 0.15612037037037038
4 0.33703125 0.5851851851851851 0.05485937499999996 0.15185185185185185
4 0.3983802083333333 0.12283333333333334 0.04954166666666673 0.10985185185185184
4 0.9255052083333334 0.12253703703703704 0.04338541666666676 0.10501851851851854
4 0.54975 0.27212037037037035 0.06739062499999994 0.18824074074074074
4 0.74375 0.362787037037037 0.12379687500000003 0.1594074074074074
7 0.392796875 0.19789814814814813 0.030348958333333325 0.10791666666666667
8 0.7977083333333332 0.7858703703703703 0.11039062499999991 0.30534259259259255
4 0.4517239583333333 0.41040740740740744 0.09531770833333333 0.16240740740740744
7 0.3160208333333333 0.3972037037037037 0.03521354166666661 0.11975925925925929
4 0.8535468749999999 0.0632037037037037 0.039901041666666734 0.09168518518518519
7 0.33549999999999996 0.6574259259259259 0.03401041666666664 0.10529629629629632
7 0.8480989583333333 0.3371018518518518 0.04292708333333337 0.1290462962962963
7 0.9192083333333334 0.4389537037037037 0.047781249999999886 0.13251851851851854
7 0.79065625 0.5381944444444444 0.05433333333333342 0.13657407407407407
7 0.9716145833333333 0.46469444444444447 0.041249999999999905 0.1330925925925926
7 0.9239322916666667 0.1880740740740741 0.04290104166666661 0.1006851851851852
7 0.8524895833333334 0.14062962962962963 0.03544270833333343 0.09722222222222222
7 0.984609375 0.25462962962962965 0.03078124999999995 0.125
4 0.14754166666666665 0.43287037037037035 0.12747395833333333 0.18055555555555555
4 0.8726875 0.5659722222222222 0.1227447916666667 0.21064814814814814
8 0.20221875 0.6342592592592593 0.10922916666666668 0.20833333333333334
8 0.19961458333333332 0.25925925925925924 0.10142187500000001 0.2175925925925926
4 0.976828125 0.3878888888888889 0.04634375000000001 0.10448148148148151
4 0.9852916666666667 0.17430555555555555 0.029416666666666678 0.08009259259259259
4 0.961921875 0.09067592592592594 0.02955208333333322 0.1720925925925926
4 0.6940677083333333 0.5091574074074074 0.1162447916666667 0.18034259259259258