6 0.25546875 0.26260185185185186 0.07869270833333329 0.07400925925925932
4 0.7118385416666667 0.24519444444444444 0.03582812499999998 0.03945370370370371
4 0.5170781249999999 0.29228703703703707 0.06343229166666665 0.04994444444444439
4 0.5725364583333333 0.24127777777777776 0.05084895833333339 0.035981481481481496
4 0.7823072916666667 0.24091666666666667 0.044166666666666764 0.03629629629629634
4 0.6569114583333333 0.28150925925925924 0.01811979166666665 0.056157407407407385
4 0.37667708333333333 0.22509259259259257 0.033114583333333295 0.036787037037037056
7 0.6302864583333334 0.26716666666666666 0.029953125000000115 0.025305555555555595
4 0.5004479166666667 0.2467314814814815 0.04269270833333335 0.029824074074074107
4 0.8119895833333334 0.23804629629629628 0.03803124999999999 0.03926851851851849
4 0.7456875000000001 0.24027777777777778 0.03814062500000001 0.04125925925925921
4 0.46252604166666667 0.2801111111111111 0.04758854166666661 0.05123148148148152
4 0.8639375 0.22898148148148148 0.03486458333333336 0.03738888888888888
4 0.946296875 0.2149537037037037 0.04219270833333345 0.03950925925925927
4 0.17161458333333332 0.6296296296296297 0.20948437500000003 0.17592592592592593
4 0.064640625 0.45428703703703704 0.12667187500000002 0.14930555555555555
4 0.149171875 0.40162037037037035 0.08516145833333333 0.08333333333333333
4 0.17326041666666667 0.35474074074074075 0.059119791666666664 0.05439814814814815
4 0.14274479166666668 0.3275462962962963 0.042239583333333344 0.045527777777777736
4 0.12050520833333334 0.31230555555555556 0.03769270833333334 0.048222222222222264
4 0.07053124999999999 0.28530555555555553 0.04293229166666667 0.04513888888888889
4 0.33610937500000004 0.25146296296296294 0.011244791666666623 0.03410185185185189
4 0.3806927083333333 0.2488425925925926 0.018734375000000015 0.016203703703703703
7 0.38498958333333333 0.2674814814814815 0.021255208333333307 0.021222222222222184
4 0.46140624999999996 0.24421296296296297 0.04083333333333338 0.02546296296296296
4 0.5138072916666666 0.34664814814814815 0.02454166666666661 0.04050925925925926
4 0.5069739583333334 0.3784722222222222 0.029104166666666723 0.04398148148148148
7 0.5034739583333333 0.4245 0.03739583333333331 0.04112962962962959
4 0.9358072916666667 0.7210648148148148 0.07380729166666669 0.13194444444444445
7 0.9302291666666667 0.8462314814814814 0.09910416666666677 0.11243518518518525
4 0.4073802083333333 0.2663611111111111 0.009645833333333324 0.053703703703703705
4 0.6297812500000001 0.2462962962962963 0.01625520833333335 0.02345370370370374
8 0.9113749999999999 0.22654629629629627 0.03638541666666673 0.04321296296296298