4 0.4639895833333333 0.8302129629629629 0.203515625 0.33931481481481485
4 0.7329895833333334 0.7979537037037037 0.18063541666666652 0.36670370370370364
4 0.25542708333333336 0.6030277777777777 0.22070833333333345 0.2510555555555554
4 0.4241822916666667 0.3709722222222222 0.07555729166666675 0.10663888888888885
8 0.7544010416666667 0.5457592592592592 0.08756249999999995 0.1955925925925926
4 0.16654166666666667 0.4582407407407407 0.15571875000000002 0.12783333333333327
4 0.12339062500000005 0.8510925925925925 0.23097395833333323 0.2571111111111112
4 0.04700520833333333 0.5401666666666667 0.0938229166666666 0.10949074074074074
4 0.47047395833333333 0.30241666666666667 0.04120312500000007 0.07816666666666663
4 0.34945833333333337 0.3602685185185185 0.0829010416666667 0.09602777777777781
2 0.5934166666666667 0.484537037037037 0.1764166666666668 0.40998148148148145
4 0.9796875 0.24583333333333332 0.040625 0.032407407407407406
4 0.05307291666666671 0.6729722222222222 0.10510416666666676 0.17712962962962958
4 0.1384635416666666 0.5703240740740741 0.15071875000000007 0.1476296296296297
4 0.8934739583333333 0.20547222222222222 0.02852083333333321 0.03274074074074075
4 0.40456770833333333 0.3119074074074074 0.06047916666666661 0.06154629629629632
4 0.8417083333333333 0.20576851851851852 0.04011458333333332 0.03681481481481481
6 0.6454010416666667 0.23919444444444443 0.2109375 0.10185185185185185
8 0.9166666666666666 0.6388888888888888 0.16666666666666666 0.2283981481481482
4 0.4215052083333333 0.6078055555555555 0.04984895833333335 0.0859814814814814
4 0.29010416666666666 0.4361111111111111 0.15208333333333332 0.1111111111111111
7 0.46328125 0.48703703703703705 0.034895833333333334 0.09074074074074075
4 0.4630208333333333 0.41759259259259257 0.026041666666666668 0.053703703703703705
4 0.4856770833333333 0.36342592592592593 0.022395833333333334 0.08981481481481482
4 0.283203125 0.8252314814814815 0.049479166666666664 0.13657407407407407
4 0.23860416666666662 0.8385462962962963 0.051432291666666664 0.15162037037037038