4 0.678984375 0.7592916666666667 0.0836875000000001 0.12176388888888899
4 0.42781250000000004 0.5818194444444444 0.046835937500000036 0.11369444444444446
4 0.3123046875 0.6428888888888888 0.08825000000000002 0.15905555555555553
4 0.5079921875 0.6315416666666667 0.09845312499999999 0.14823611111111112
4 0.35570312499999995 0.5322777777777777 0.08733593749999997 0.10586111111111116
8 0.810375 0.356125 0.05789062499999993 0.07843055555555559
4 0.5833437499999999 0.8343055555555556 0.11056249999999998 0.1349166666666668
4 0.6176875 0.7123194444444445 0.10085156249999994 0.13950000000000007
4 0.5681796875 0.6657916666666667 0.09642187500000006 0.1360555555555556
4 0.3690703125 0.788375 0.11178124999999994 0.14462499999999984
4 0.683171875 0.20094444444444445 0.0599609375 0.060291666666666625
8 0.20541406249999988 0.10333333333333335 0.033882812500000005 0.05659722222222222
4 0.4469609375 0.9236388888888889 0.11768750000000008 0.1527083333333334
7 0.7422578124999999 0.21169444444444444 0.034499999999999885 0.027319444444444466
4 0.5405703125 0.15156944444444445 0.05216406249999998 0.04633333333333335
4 0.142984375 0.35477777777777775 0.08137499999999989 0.0996944444444444
4 0.2146484375 0.6228194444444445 0.05265625000000007 0.055416666666666635
7 0.1441328125 0.11716666666666667 0.024679687500000113 0.024986111111111122
8 0.7099062500000001 0.3444722222222223 0.052664062499999886 0.08369444444444443
4 0.7792890625 0.24331944444444445 0.060921875000000014 0.05965277777777776
4 0.25317968750000003 0.06023611111111111 0.04286718749999992 0.03870833333333334
7 0.44400781250000004 0.25093055555555555 0.026820312499999943 0.031847222222222235
4 0.300625 0.7956527777777778 0.04777343750000007 0.0796944444444446
4 0.13775781249999994 0.3153611111111111 0.07662499999999994 0.06195833333333335
4 0.699640625 0.8699861111111111 0.078515625 0.1497499999999999
7 0.7601015625 0.4194722222222222 0.04124218749999997 0.036277777777777784
4 0.17268749999999997 0.36525 0.05126562499999991 0.08861111111111104
7 0.6315 0.30574999999999997 0.03071093749999996 0.029736111111111147
7 0.09007812499999997 0.08241666666666667 0.0245234374999999 0.02702777777777779
7 0.5007578125000001 0.22406944444444446 0.0283203125 0.056986111111111154
7 0.6069687500000001 0.3514583333333334 0.03394531250000003 0.03411111111111104
7 0.16459375000000004 0.022416666666666668 0.01604687499999997 0.020041666666666666
7 0.265140625 0.1636111111111111 0.025328125000000055 0.028180555555555546
4 0.6546953125 0.2668611111111111 0.0803593750000001 0.07252777777777782
7 0.582125 0.3250138888888889 0.030015625000000056 0.028541666666666684
4 0.2696953125 0.7202361111111112 0.06928125000000004 0.08716666666666666
8 0.07203906250000003 0.031625 0.028476562499999858 0.05565277777777778
4 0.7707109375 0.16524999999999998 0.06756250000000001 0.038611111111111124
7 0.35790625 0.19849999999999998 0.016054687499999963 0.035500000000000004
7 0.21779687499999997 0.03226388888888889 0.02028125000000003 0.01636111111111111
4 0.4820234375 0.2019027777777778 0.056578125000000055 0.0783333333333333
7 0.314046875 0.18263888888888888 0.026156250000000013 0.029666666666666685
4 0.18747656250000003 0.5759583333333333 0.03377343750000002 0.04345833333333328
7 0.21538281250000005 0.13144444444444445 0.023453124999999984 0.027319444444444427
4 0.07348437499999996 0.114 0.015882812499999944 0.037305555555555536
4 0.17691406250000002 0.4887222222222222 0.014312500000000127 0.05668055555555548
4 0.7582187499999999 0.39831944444444445 0.019992187500000112 0.050597222222222155
4 0.6036640624999999 0.327375 0.01995312499999997 0.041666666666666664
4 0.5757656250000001 0.30406944444444445 0.019937499999999986 0.03869444444444446
4 0.7492812499999999 0.18551388888888887 0.018890624999999873 0.027777777777777776
4 0.44210937499999997 0.22470833333333332 0.019398437499999942 0.032736111111111105
4 0.3115859375 0.16070833333333331 0.013898437499999972 0.025791666666666657
4 0.2606796875 0.1440972222222222 0.015835937499999987 0.021333333333333353
4 0.21463281250000002 0.108875 0.016968750000000022 0.021333333333333312
4 0.14278125 0.0952361111111111 0.01781250000000014 0.022819444444444455
4 0.16439843750000005 0.007694444444444443 0.011398437500000113 0.015375
4 0.2179765625 0.016125 0.011953124999999964 0.01934722222222222
4 0.08531250000000004 0.05977777777777778 0.016117187500000085 0.03125
4 0.630859375 0.28350000000000003 0.0219609375000001 0.03594444444444444
4 0.9241250000000001 0.4387638888888889 0.029093749999999828 0.03661111111111113
4 0.6340468749999999 0.947138888888889 0.09057812500000004 0.1057083333333332