4 0.8862864583333334 0.7725833333333333 0.2100677083333333 0.28281481481481485
4 0.720484375 0.5034259259259259 0.08333333333333333 0.17970370370370364
4 0.7838541666666666 0.968361111111111 0.28993229166666673 0.06326851851851845
4 0.0516510416666667 0.6707962962962963 0.10329687499999997 0.19035185185185177
4 0.09635416666666667 0.5689907407407407 0.0711822916666667 0.15341666666666673
4 0.0321197916666667 0.5072962962962962 0.06423437499999997 0.1411296296296297
4 0.7387135416666666 0.2821018518518519 0.078125 0.07962962962962963
6 0.3997395833333333 0.6277592592592592 0.5008697916666667 0.680990740740741
4 0.34427083333333336 0.26435185185185184 0.050348958333333374 0.042287037037037
4 0.29548437499999997 0.2103611111111111 0.05416666666666667 0.04171296296296297
4 0.33715104166666665 0.23566666666666666 0.025 0.033055555555555546
4 0.7739583333333333 0.21442592592592594 0.043057291666666705 0.03872222222222221
4 0.8166666666666667 0.2048611111111111 0.021526041666666627 0.045518518518518486
4 0.8444427083333333 0.20547222222222222 0.022916666666666665 0.0393425925925926
4 0.8661458333333333 0.20825 0.023265625000000036 0.04860185185185186
4 0.8881927083333333 0.19807407407407407 0.022916666666666665 0.03935185185185185
4 0.9116302083333333 0.20300925925925925 0.03229166666666667 0.049222222222222195
4 0.948609375 0.18788888888888888 0.03125 0.030111111111111095
2 0.696875 0.23014814814814816 0.08889062500000004 0.08127777777777775
6 0.959375 0.2310185185185185 0.08125 0.07314814814814814