4 0.427671875 0.581625 0.04628125000000001 0.11309722222222231
4 0.67840625 0.7592777777777777 0.08443750000000012 0.121986111111111
4 0.5960859375 0.19368055555555555 0.052648437500000075 0.04229166666666665
4 0.3116171875 0.6406805555555555 0.09035156250000007 0.16104166666666672
4 0.5081484374999999 0.6295000000000001 0.10028124999999992 0.14976388888888895
4 0.583296875 0.8348333333333334 0.11043749999999992 0.1334027777777777
4 0.35494531250000005 0.5325972222222223 0.08815624999999994 0.10116666666666671
4 0.6178203124999999 0.7123888888888888 0.10006249999999994 0.14022222222222228
4 0.368984375 0.7881388888888889 0.11271093749999998 0.14462500000000014
4 0.7888437500000001 0.21747222222222223 0.060539062500000185 0.07681944444444445
4 0.5681953125 0.666888888888889 0.09591406249999998 0.13287499999999994
4 0.501453125 0.14176388888888888 0.06480468750000004 0.06102777777777778
4 0.31425000000000003 0.22752777777777777 0.010609374999999944 0.053180555555555585
4 0.447265625 0.9236666666666666 0.11596875000000004 0.15266666666666676
7 0.7064921875 0.3524027777777778 0.032367187499999873 0.04245833333333333
7 0.60603125 0.2999861111111111 0.030437500000000027 0.04037499999999999
7 0.733515625 0.43102777777777773 0.03536718749999999 0.04680555555555562
4 0.6995234375 0.8718611111111111 0.08180468750000003 0.14316666666666655
4 0.17277343750000007 0.36594444444444446 0.0506718750000001 0.09069444444444438
7 0.10311718750000001 0.08504166666666667 0.017703124999999886 0.02851388888888889
4 0.21461718750000003 0.6232083333333333 0.052359374999999986 0.055958333333333284
7 0.37884375 0.23583333333333334 0.023812500000000014 0.03448611111111109
4 0.17596875 0.077375 0.05174999999999992 0.046347222222222206
4 0.028125 0.02361111111111111 0.0515625 0.04722222222222222
4 0.262859375 0.11795833333333335 0.04771093749999995 0.046000000000000006
4 0.1691484375 0.5345833333333333 0.0463984374999999 0.04973611111111104
4 0.14275000000000002 0.35436111111111107 0.08142968750000001 0.09773611111111112
7 0.19439062499999996 0.03984722222222222 0.015578125000000043 0.02077777777777778
4 0.1411953125 0.316625 0.08495312499999982 0.06298611111111115
7 0.25015625 0.04904166666666667 0.016257812499999958 0.024694444444444446
7 0.5381953125 0.2283611111111111 0.024609375 0.032513888888888925
4 0.29976562500000004 0.7955 0.04787499999999998 0.0797500000000001
7 0.27562499999999995 0.151125 0.022078124999999994 0.028388888888888887
7 0.838265625 0.4794305555555555 0.040773437500000044 0.0538472222222222
4 0.18809375 0.5762222222222222 0.033187500000000016 0.03963888888888884
4 0.31103125 0.176875 0.03628125000000004 0.05030555555555551
4 0.7695390625 0.17856944444444445 0.07042968750000007 0.05172222222222223
4 0.6362734375000001 0.9496388888888889 0.10121874999999995 0.1007222222222222
4 0.2679296875 0.7201805555555555 0.07168749999999999 0.0855138888888888
4 0.23036718750000001 0.013902777777777778 0.025999999999999978 0.027805555555555556
7 0.575203125 0.15143055555555557 0.023593750000000035 0.028638888888888894
8 0.16428125 0.014097222222222223 0.03257812499999986 0.028194444444444446
4 0.14410937500000004 0.49948611111111113 0.026992187500000143 0.03266666666666664
7 0.7582421874999999 0.18877777777777777 0.029124999999999977 0.029861111111111113
7 0.506375 0.16284722222222223 0.02365624999999998 0.02556944444444444
4 0.09808593749999997 0.06890277777777777 0.010593749999999957 0.028430555555555553
4 0.19307812500000007 0.02613888888888889 0.009421874999999958 0.028569444444444446
4 0.272109375 0.13690277777777776 0.00890625000000007 0.029027777777777784
4 0.37514062499999995 0.21908333333333335 0.011171874999999965 0.0336527777777778
4 0.5105703125 0.14541666666666667 0.009851562499999921 0.03447222222222221
4 0.53428125 0.20887499999999998 0.010109375000000042 0.03493055555555553
4 0.6022578125 0.28043055555555557 0.012664062500000028 0.039444444444444414
4 0.576796875 0.1356527777777778 0.00890625000000007 0.032305555555555546
4 0.7613359375 0.17405555555555555 0.011570312499999957 0.03620833333333332
4 0.8382734375 0.45490277777777777 0.017203124999999986 0.04231944444444448
4 0.7285546875 0.4106944444444444 0.02146093750000002 0.0439027777777778
4 0.70325 0.3341527777777778 0.01640625 0.03923611111111111