4 0.630234375 0.4270833333333333 0.04208593749999991 0.0763888888888889
4 0.6015312500000001 0.3888888888888889 0.0202031250000001 0.06666666666666667
4 0.690828125 0.140375 0.015554687499999886 0.05416666666666667
4 0.389484375 0.2625 0.016218749999999994 0.058333333333333334
4 0.23875000000000002 0.19412500000000002 0.01724218749999995 0.06538888888888887
4 0.509078125 0.6821805555555557 0.020140624999999978 0.08055555555555556
4 0.448171875 0.7815416666666667 0.02561718749999997 0.08194444444444444
4 0.7296953125 0.7693333333333333 0.026500000000000058 0.06111111111111111
7 0.25975000000000004 0.16831944444444444 0.022718749999999944 0.026819444444444448
7 0.6371484374999999 0.31383333333333335 0.033984375 0.0424722222222222
7 0.7564375 0.35615277777777776 0.03990624999999994 0.03213888888888887
7 0.710296875 0.18908333333333333 0.03821093749999989 0.027374999999999972
7 0.662203125 0.16805555555555557 0.03440624999999997 0.02698611111111112
7 0.62671875 0.19772222222222224 0.03304687499999996 0.028375000000000008
7 0.58175 0.1962361111111111 0.028125 0.030555555555555555
7 0.51634375 0.1460972222222222 0.022031250000000037 0.020402777777777773
7 0.13825781250000002 0.1309861111111111 0.01859375000000014 0.017097222222222225
7 0.15679687500000003 0.10373611111111111 0.01929687499999986 0.024138888888888883
7 0.22601562499999997 0.15705555555555556 0.020976562499999928 0.022430555555555565
4 0.8940234374999999 0.4547083333333333 0.017929687499999857 0.04998611111111113
7 0.9824296875 0.4689027777777778 0.035132812499999846 0.041666666666666664
7 0.4715234375 0.24504166666666669 0.03606250000000007 0.027777777777777776
4 0.706890625 0.12995833333333331 0.007695312499999929 0.04959722222222223
4 0.7691796875 0.171625 0.07021093749999992 0.05356944444444443
4 0.8182812500000001 0.21429166666666666 0.05237499999999997 0.0952361111111111
4 0.6877265625 0.27679166666666666 0.08357031250000002 0.06547222222222221
4 0.44837499999999997 0.1899861111111111 0.06228906250000001 0.06647222222222224
4 0.297875 0.12583333333333332 0.04466406250000006 0.04136111111111111
4 0.24197656250000002 0.06223611111111112 0.039453125 0.04098611111111112
4 0.22692968750000003 0.030333333333333334 0.03803125000000005 0.03716666666666667
4 0.1277265625 0.013583333333333333 0.04413281249999983 0.027166666666666665
4 0.017398437499999985 0.053875 0.03479687499999997 0.04029166666666668
4 0.17321093750000002 0.36077777777777775 0.06645312499999996 0.08994444444444444
4 0.4277265625 0.5793611111111111 0.047765625000000075 0.10713888888888887
4 0.3553828125 0.5285833333333333 0.08791406249999997 0.10305555555555562
4 0.311171875 0.641875 0.09427343750000006 0.158111111111111
4 0.3744375 0.7951111111111111 0.09514062499999998 0.14580555555555558
4 0.455078125 0.9263888888888889 0.11953125 0.14722222222222223
4 0.5733515625 0.8154722222222222 0.11811718750000004 0.1230138888888888
4 0.5693828125 0.666263888888889 0.0951171875 0.11631944444444445
4 0.5110078125 0.6214861111111112 0.09964062499999997 0.1465138888888889
4 0.7035546874999999 0.8787361111111112 0.09170312500000008 0.16299999999999987
4 0.626953125 0.9486111111111111 0.07578125 0.10277777777777777
8 0.32978125 0.19209722222222222 0.016710937500000078 0.0645416666666667
8 0.5825546875 0.29215277777777776 0.05172656250000003 0.0763888888888889
8 0.617140625 0.15625 0.04392187500000002 0.054569444444444476
8 0.2534140625 0.12734722222222222 0.03667968750000004 0.05205555555555554
8 0.18732031249999997 0.07870833333333334 0.03271875000000009 0.05555555555555555
4 0.9895156249999999 0.4375 0.01721874999999997 0.041666666666666664
4 0.753765625 0.3303611111111111 0.026664062500000085 0.03570833333333331
4 0.47083593749999997 0.2202361111111111 0.02109375 0.037694444444444426
4 0.48171875000000003 0.14781944444444445 0.05513281249999995 0.051583333333333314
4 0.7133125 0.172125 0.020523437499999984 0.032736111111111105
4 0.667 0.141375 0.0283203125 0.034722222222222224
4 0.5870859375 0.17669444444444443 0.014468749999999985 0.03138888888888892
4 0.5176484375 0.12447222222222223 0.01857812499999998 0.021361111111111105
4 0.2574296875 0.14316666666666666 0.015578125000000043 0.024569444444444442
4 0.22242968750000003 0.13220833333333332 0.0140625 0.025111111111111088
4 0.13515625 0.10790277777777778 0.012523437500000156 0.02350000000000002
4 0.15092968750000005 0.08280555555555555 0.013429687500000042 0.023500000000000004
4 0.6455445078125 0.7453703708333332 0.64033811953125 0.7962962958333334 0.675481240625 0.8078703708333332 0.6976083914062501 0.7662037041666666 0.7223387359375 0.7361111111111112 0.72494193046875 0.6990740736111111 0.70135498046875 0.6944444444444444 0.67808443515625 0.6990740736111111 0.6455445078125 0.7453703708333332
4 0.6715764492187499 0.6689814819444445 0.645365396875 0.6481481486111111 0.63383013359375 0.6388888888888888 0.60519499765625 0.6689814819444445 0.57916305546875 0.7013888888888888 0.563543890625 0.7430555555555556 0.57655986171875 0.7638888888888888 0.60259180390625 0.7824074069444446 0.63513173125 0.7546296291666668 0.6637668671875 0.7083333333333334 0.6715764492187499 0.6689814819444445
4 0.13885156250000003 0.35547222222222224 0.06511718749999992 0.08940277777777779
4 0.12925000000000003 0.3275416666666667 0.06088281249999987 0.0995416666666667
4 0.29662499999999997 0.7950694444444445 0.05075000000000003 0.08434722222222225
4 0.27328125 0.7225694444444445 0.06586718749999995 0.08170833333333323
4 0.24607031250000003 0.6648611111111111 0.06201562500000009 0.06700000000000002
4 0.2162109375 0.6201527777777778 0.05272656249999992 0.06090277777777781
4 0.17203125000000002 0.5389722222222222 0.0505859375 0.06116666666666662
4 0.63153125 0.2910416666666667 0.021562500000000106 0.039249999999999986