4 0.5985052083333334 0.3818240740740741 0.08364583333333328 0.11449999999999998
4 0.40784374999999995 0.3197962962962963 0.0698541666666666 0.07928703703703703
4 0.733234375 0.5083240740740741 0.15161458333333327 0.21260185185185196
4 0.5244427083333333 0.7928240740740741 0.278625 0.38348148148148137
4 0.5335989583333334 0.5175092592592593 0.20689583333333345 0.1731018518518519
4 0.3717864583333333 0.6919351851851852 0.2498385416666667 0.26140740740740737
4 0.15750000000000006 0.5709722222222222 0.17344791666666665 0.149925925925926
4 0.16382812499999996 0.4547407407407407 0.16304166666666664 0.12078703703703708
4 0.047989583333333384 0.5368425925925926 0.09597395833333332 0.10452777777777787
4 0.2893854166666666 0.4174444444444444 0.10073958333333337 0.08490740740740745
7 0.409953125 0.5398240740740741 0.06679166666666679 0.07836111111111121
4 0.05261979166666665 0.7124166666666666 0.1052395833333333 0.2696203703703704
4 0.34584895833333335 0.3583240740740741 0.0828854166666666 0.10196296296296296
4 0.9005 0.7585462962962963 0.19899999999999995 0.24700925925925923
4 0.17394791666666667 0.6567777777777778 0.07072916666666676 0.10062037037037044
7 0.43019270833333334 0.3667314814814815 0.030291666666666592 0.07885185185185183
4 0.846703125 0.2225462962962963 0.07955208333333322 0.05098148148148148
4 0.68465625 0.2516203703703704 0.06819270833333349 0.04938888888888892
4 0.9148385416666667 0.20072222222222222 0.02759375000000001 0.030888888888888903
4 0.3451354166666667 0.26113888888888886 0.03597916666666663 0.035009259259259205
7 0.15055729166666662 0.8007222222222222 0.12401562500000006 0.1581296296296296
4 0.41579687499999995 0.47376851851851853 0.03125 0.06789814814814818
4 0.7654270833333333 0.24572222222222223 0.03405208333333339 0.04273148148148146
7 0.5354583333333333 0.37037037037037035 0.027645833333333297 0.054129629629629666
4 0.5384635416666667 0.3258518518518519 0.021635416666666647 0.037749999999999985
4 0.576921875 0.2781296296296296 0.014421875000000028 0.06196296296296293