4 0.32101562499999997 0.7592916666666667 0.0836875 0.12176388888888891
4 0.5721875 0.5818194444444444 0.046835937500000036 0.11369444444444446
4 0.6876953125 0.6428888888888888 0.08825000000000002 0.15905555555555553
4 0.4920078125 0.6315416666666667 0.09845312499999999 0.14823611111111112
4 0.644296875 0.5322777777777777 0.08733593749999997 0.10586111111111116
8 0.189625 0.356125 0.05789062499999997 0.07843055555555559
4 0.41665625000000006 0.8343055555555556 0.11056249999999998 0.1349166666666668
4 0.3823125 0.7123194444444445 0.10085156249999998 0.13950000000000007
4 0.4318203125 0.6657916666666667 0.09642187500000002 0.1360555555555556
4 0.6309296875 0.788375 0.11178124999999994 0.14462499999999984
4 0.316828125 0.20094444444444445 0.0599609375 0.06029166666666664
8 0.7945859375000002 0.10333333333333335 0.033882812500000005 0.05659722222222222
4 0.5530390625 0.9236388888888889 0.11768750000000008 0.1527083333333334
7 0.2577421875 0.21169444444444444 0.034499999999999975 0.027319444444444466
4 0.4594296875 0.15156944444444445 0.05216406249999998 0.04633333333333335
4 0.8570156250000001 0.35477777777777775 0.08137499999999989 0.0996944444444444
4 0.7853515625 0.6228194444444445 0.05265625000000007 0.055416666666666635
7 0.8558671875 0.11716666666666667 0.024679687500000113 0.024986111111111122
8 0.29009375 0.3444722222222223 0.052664062499999977 0.08369444444444447
4 0.22071093749999998 0.24331944444444445 0.060921875000000014 0.05965277777777776
4 0.7468203124999999 0.06023611111111111 0.04286718749999992 0.03870833333333334
7 0.5559921875 0.25093055555555555 0.026820312499999943 0.031847222222222235
4 0.6993750000000001 0.7956527777777778 0.04777343750000007 0.0796944444444446
4 0.8622421875 0.3153611111111111 0.07662499999999994 0.06195833333333335
4 0.300359375 0.8699861111111111 0.078515625 0.1497499999999999
7 0.2398984375 0.4194722222222222 0.04124218749999997 0.036277777777777784
4 0.8273125 0.36525 0.05126562499999991 0.08861111111111108
7 0.3685 0.30574999999999997 0.030710937500000045 0.029736111111111147
7 0.909921875 0.08241666666666667 0.0245234374999999 0.02702777777777779
7 0.4992421875 0.22406944444444446 0.0283203125 0.056986111111111154
7 0.39303124999999994 0.3514583333333334 0.03394531249999999 0.03411111111111108
7 0.8354062499999999 0.022416666666666668 0.01604687499999997 0.020041666666666666
7 0.734859375 0.1636111111111111 0.025328125000000055 0.028180555555555546
4 0.3453046875 0.2668611111111111 0.08035937500000001 0.07252777777777782
7 0.417875 0.3250138888888889 0.030015625000000056 0.028541666666666684
4 0.7303046875 0.7202361111111112 0.06928125000000004 0.08716666666666666
8 0.9279609375 0.031625 0.028476562499999858 0.05565277777777778
4 0.2292890625 0.16524999999999998 0.06756250000000001 0.03861111111111111
7 0.64209375 0.19849999999999998 0.016054687499999963 0.035500000000000004
7 0.782203125 0.03226388888888889 0.02028125000000003 0.01636111111111111
4 0.5179765625 0.2019027777777778 0.056578125000000055 0.07833333333333332
7 0.6859531249999999 0.18263888888888888 0.026156250000000013 0.029666666666666685
4 0.8125234375 0.5759583333333333 0.03377343750000002 0.04345833333333328
7 0.7846171875 0.13144444444444445 0.023453124999999984 0.027319444444444427
4 0.9265156250000001 0.114 0.015882812499999944 0.037305555555555536
4 0.8230859374999999 0.4887222222222222 0.014312500000000127 0.05668055555555548
4 0.24178125 0.39831944444444445 0.019992187500000026 0.050597222222222155
4 0.39633593750000007 0.327375 0.019953125000000016 0.041666666666666664
4 0.424234375 0.30406944444444445 0.019937499999999986 0.03869444444444446
4 0.25071875 0.18551388888888887 0.01889062499999996 0.027777777777777776
4 0.557890625 0.22470833333333332 0.019398437499999942 0.032736111111111105
4 0.6884140624999999 0.16070833333333331 0.013898437499999972 0.025791666666666657
4 0.7393203125000001 0.1440972222222222 0.015835937499999987 0.021333333333333353
4 0.7853671875 0.108875 0.016968750000000022 0.021333333333333312
4 0.85721875 0.0952361111111111 0.01781250000000014 0.022819444444444455
4 0.8356015625 0.007694444444444443 0.011398437500000113 0.015375
4 0.7820234375 0.016125 0.011953124999999964 0.01934722222222222
4 0.9146875 0.05977777777777778 0.016117187500000085 0.03125
4 0.369140625 0.28350000000000003 0.02196093750000001 0.03594444444444444
4 0.075875 0.4387638888888889 0.02909375000000001 0.03661111111111113
4 0.365953125 0.947138888888889 0.09057812499999995 0.1057083333333332