7 0.34140625 0.3463333333333333 0.0390625 0.07955555555555552
7 0.6027812499999999 0.3043472222222222 0.033500000000000085 0.08575
4 0.08203125 0.5277777777777778 0.1640625 0.2972222222222222
4 0.282421875 0.2763888888888889 0.08359375 0.1111111111111111
4 0.4894375 0.2293472222222222 0.05355468749999996 0.0830972222222222
4 0.39453125 0.2569444444444444 0.09375 0.125
4 0.342109375 0.28497222222222224 0.02874218749999997 0.06300000000000001
4 0.6156406249999999 0.2182638888888889 0.057578125000000036 0.08930555555555557
4 0.559015625 0.19468055555555555 0.053703125000000004 0.08148611111111113
4 0.6018125000000001 0.24155555555555555 0.029921874999999966 0.05719444444444445
4 0.679921875 0.18570833333333334 0.042906250000000055 0.05891666666666669