4 0.48214583333333333 0.2911203703703704 0.062114583333333445 0.054231481481481526
4 0.28662499999999996 0.2437685185185185 0.03260416666666662 0.040194444444444415
8 0.2995520833333334 0.30625 0.04444791666666674 0.08241666666666665
4 0.9395 0.4600092592592593 0.12100000000000008 0.1572222222222223
4 0.14034895833333336 0.23246296296296295 0.04731250000000008 0.033379629629629586
7 0.525390625 0.5278703703703704 0.03850000000000004 0.06312962962962969
4 0.8533229166666667 0.40769444444444447 0.0829739583333333 0.10093518518518518
4 0.6451979166666667 0.2566574074074074 0.053328124999999935 0.033277777777777726
4 0.05451041666666671 0.21483333333333335 0.0490572916666667 0.03870370370370371
8 0.8014739583333333 0.3211759259259259 0.03767187499999996 0.0743148148148148
4 0.9282604166666667 0.28876851851851854 0.04491145833333334 0.04358333333333338
4 0.18095833333333336 0.2367777777777778 0.02951041666666659 0.033935185185185165
7 0.436359375 0.40675 0.02791666666666662 0.04586111111111109
4 0.2400729166666667 0.21378703703703703 0.03490624999999999 0.03362962962962962
4 0.5340468749999999 0.27928703703703706 0.05698437499999993 0.04861111111111111
4 0.8810312499999999 0.31187037037037035 0.03553645833333334 0.04683333333333337
4 0.4286614583333333 0.23753703703703705 0.046984375000000016 0.039379629629629605
7 0.8481562500000001 0.2717222222222222 0.014421875000000028 0.018518518518518517
4 0.8495572916666667 0.2523148148148148 0.011619791666666638 0.018870370370370367
4 0.8640833333333333 0.27635185185185185 0.012619791666666677 0.020657407407407357
4 0.7930677083333334 0.35648148148148145 0.01682812499999997 0.07835185185185185
4 0.7955729166666666 0.23985185185185187 0.039864583333333314 0.028842592592592572
7 0.7363802083333333 0.26246296296296295 0.01682812499999997 0.01780555555555557
4 0.7401822916666667 0.24430555555555558 0.008010416666666723 0.015666666666666627
7 0.6775833333333333 0.28205555555555556 0.028645833333333332 0.023499999999999997
4 0.6772812500000001 0.2572962962962963 0.010416666666666666 0.023148148148148147
2 0.5662083333333333 0.2229351851851852 0.05629166666666663 0.048435185185185185
4 0.6333125000000001 0.22525 0.015427083333333277 0.0345462962962963
4 0.6175885416666667 0.22418518518518518 0.02123437499999999 0.028842592592592572
4 0.49459375 0.24679629629629632 0.046875 0.031342592592592616
4 0.43639583333333337 0.36467592592592596 0.020234374999999954 0.04201851851851852
4 0.5260416666666666 0.4564259259259259 0.033088541666666534 0.05446296296296301
4 0.2628697916666667 0.2429166666666667 0.009802083333333418 0.041398148148148184
4 0.8604166666666667 0.8726851851851852 0.2791666666666667 0.24722222222222223
4 0.9583333333333334 0.8009259259259259 0.07291666666666667 0.19444444444444445