4 0.5722734375 0.581388888888889 0.046523437499999966 0.11323611111111108
4 0.320859375 0.75925 0.08489843749999997 0.12224999999999997
4 0.687984375 0.6403333333333333 0.0905234375000001 0.1592777777777777
4 0.49204687500000005 0.6301527777777778 0.09939843750000002 0.14626388888888897
4 0.2272265625 0.16718055555555555 0.06768749999999998 0.04951388888888888
4 0.643625 0.5328055555555555 0.08718749999999993 0.1055833333333333
8 0.913703125 0.05198611111111111 0.033500000000000085 0.057902777777777775
4 0.41527343749999995 0.8349722222222221 0.10926562500000006 0.1311805555555556
4 0.631390625 0.7883611111111111 0.11160156249999993 0.14497222222222206
4 0.382015625 0.712375 0.10057031250000001 0.14084722222222226
4 0.431921875 0.6670555555555555 0.09453125 0.13286111111111115
4 0.8275078125 0.36540277777777774 0.051335937500000026 0.09305555555555556
8 0.21721875000000002 0.36430555555555555 0.052000000000000025 0.07304166666666671
4 0.5543984375 0.9247083333333332 0.11322656250000004 0.1502916666666667
7 0.4169609375 0.2891388888888889 0.034117187500000014 0.028930555555555532
4 0.7896484375 0.08661111111111111 0.05418750000000001 0.05520833333333333
7 0.7397421875 0.06145833333333333 0.021015625000000072 0.01925
8 0.47698437499999996 0.116375 0.02885156250000005 0.05512499999999999
4 0.7853515625 0.6230833333333333 0.05267968749999996 0.056333333333333256
7 0.29078125 0.31472222222222224 0.04410156250000004 0.030749999999999982
4 0.30079687499999996 0.8703888888888888 0.0787109375 0.1516250000000001
4 0.8583437500000001 0.3157916666666667 0.08635156250000016 0.0630694444444444
4 0.6999609375 0.7949166666666667 0.047914062499999945 0.07990277777777774
4 0.8554296875 0.35490277777777773 0.08328124999999993 0.09686111111111108
4 0.830640625 0.5351666666666667 0.04692968750000013 0.050541666666666644
4 0.53428125 0.33784722222222224 0.012335937499999972 0.053486111111111095
7 0.35252343750000004 0.32293055555555555 0.03238281250000004 0.033833333333333354
4 0.688765625 0.22718055555555555 0.012648437500000043 0.046319444444444476
4 0.7677031249999999 0.02647222222222222 0.04528906250000002 0.051180555555555556
4 0.8121953124999999 0.5764305555555556 0.03364062499999996 0.04069444444444438
4 0.7310234375 0.7267361111111111 0.07282812500000002 0.0867777777777778
4 0.3165546875 0.41668055555555555 0.01811718750000004 0.048569444444444484
4 0.8561171875 0.49895833333333334 0.02985156250000003 0.03350000000000001
4 0.4106875 0.11319444444444444 0.014757812500000078 0.05223611111111112
7 0.51365625 0.2615 0.03163281250000001 0.03154166666666664
8 0.053390625000000004 0.47097222222222224 0.07684375000000002 0.10356944444444435
7 0.68184375 0.15858333333333335 0.022945312499999915 0.025361111111111098
7 0.1363984375 0.41544444444444445 0.03636718750000001 0.03022222222222221
4 0.137765625 0.3921527777777778 0.018773437500000024 0.03594444444444444
4 0.2903203125 0.28880555555555554 0.024242187499999977 0.040027777777777766
4 0.3530625 0.2961666666666667 0.014625000000000022 0.03512500000000003
4 0.41946093749999996 0.26593055555555556 0.021492187499999992 0.038402777777777744
4 0.518953125 0.23447222222222222 0.015523437499999914 0.029416666666666678
4 0.6875859375 0.13781944444444444 0.01498437500000005 0.02670833333333332
7 0.6981015625 0.189375 0.023390625000000043 0.02297222222222225
4 0.7035078125 0.16693055555555555 0.016781250000000015 0.019763888888888876
4 0.826234375 0.16131944444444446 0.014210937500000043 0.044875000000000005
4 0.7422734375 0.04566666666666667 0.013179687499999915 0.02618055555555556
4 0.8213046875 0.026180555555555558 0.007773437499999858 0.016027777777777776
7 0.8223515625 0.041930555555555554 0.018890624999999873 0.015486111111111108