4 0.427859375 0.5814583333333333 0.04682812500000004 0.11338888888888887
4 0.6794218750000001 0.759375 0.08559374999999995 0.12327777777777776
4 0.31255468750000004 0.6432083333333334 0.0892578125 0.16162500000000016
4 0.5082109375 0.631 0.09835156250000007 0.14520833333333327
8 0.19126562499999994 0.10149999999999999 0.0412109375 0.061944444444444434
4 0.5838203125 0.8349305555555555 0.11103124999999991 0.13408333333333328
4 0.35533593750000003 0.5317222222222222 0.088671875 0.10263888888888886
4 0.3691484375 0.7882222222222222 0.11249218750000001 0.1435555555555554
4 0.617765625 0.7128055555555556 0.10027343749999992 0.13968055555555547
4 0.5685078125 0.6664444444444444 0.09595312499999994 0.13459722222222217
8 0.56134375 0.16443055555555555 0.04156250000000004 0.05323611111111113
4 0.44642187499999997 0.923861111111111 0.11549218749999994 0.15227777777777793
4 0.6597109375000001 0.19952777777777778 0.05314062499999998 0.049375000000000016
4 0.14417968749999996 0.3552222222222222 0.08112500000000011 0.10086111111111112
4 0.7001484375 0.8680694444444444 0.08037500000000009 0.15097222222222229
8 0.51378125 0.25540277777777776 0.04732031249999995 0.07206944444444442
8 0.27887500000000004 0.15844444444444442 0.03985156249999999 0.06005555555555557
7 0.7312734375 0.43034722222222227 0.0403437499999999 0.04537499999999994
4 0.17138281249999993 0.36568055555555556 0.050460937500000115 0.09111111111111114
4 0.17428906249999992 0.537375 0.046585937500000084 0.04961111111111115
8 0.2455234375 0.13191666666666668 0.03585156250000008 0.048597222222222236
4 0.29944531249999995 0.7951805555555556 0.04895312500000006 0.07955555555555552
4 0.055546874999999926 0.0938611111111111 0.04974999999999987 0.047472222222222235
4 0.1438437499999999 0.49922222222222223 0.0288203124999999 0.03273611111111118
7 0.834921875 0.3853611111111111 0.03685156250000006 0.038333333333333365
4 0.1421796875 0.3153888888888889 0.08531249999999986 0.06363888888888888
7 0.9220234375 0.4359166666666667 0.0463750000000001 0.04966666666666665
4 0.18779687500000009 0.5767361111111111 0.03351562500000007 0.0417083333333333
7 0.56221875 0.26516666666666666 0.028335937499999984 0.03544444444444442
4 0.9917187500000001 0.5191944444444444 0.014984374999999873 0.07247222222222215
7 0.312203125 0.20597222222222225 0.025085937499999923 0.032763888888888856
4 0.632234375 0.15741666666666668 0.014351562499999915 0.03893055555555556
4 0.2721640625 0.7228888888888889 0.06710156250000007 0.08586111111111103
4 0.6333515625 0.9499861111111111 0.08885156250000001 0.10002777777777776
4 0.2862578125 0.21333333333333332 0.009812499999999957 0.048208333333333304
4 0.21598437500000003 0.6182777777777778 0.048828125 0.05600000000000007
4 0.24562499999999998 0.667513888888889 0.06488281249999997 0.06420833333333335
4 0.2724296875 0.6315555555555556 0.011828125000000078 0.06170833333333326
4 0.22075781250000004 0.6200833333333333 0.01584374999999998 0.04868055555555549
4 0.5598984375 0.24662499999999998 0.010546875 0.03391666666666669
4 0.5368906250000001 0.33108333333333334 0.009148437500000028 0.06097222222222219
8 0.54453125 0.12361111111111112 0.04464843750000007 0.06169444444444447
4 0.63909375 0.12602777777777777 0.008562500000000028 0.04322222222222223
4 0.652828125 0.1217638888888889 0.011640624999999894 0.04313888888888889
4 0.30621093750000006 0.18480555555555556 0.016539062500000055 0.02879166666666669
4 0.26949218750000004 0.050583333333333334 0.0376953125 0.03919444444444444
4 0.231828125 0.050986111111111114 0.04271093750000006 0.04106944444444446
4 0.20589062499999997 0.03375 0.03267968749999994 0.031180555555555548
4 0.1552734375 0.016194444444444445 0.03957031250000007 0.030250000000000003
4 0.024984375000000014 0.06981944444444445 0.00988281250000007 0.03920833333333334
4 0.8343671875 0.3656111111111111 0.018523437500000028 0.033583333333333264
4 0.7263671875 0.40175 0.021781250000000085 0.03747222222222225
4 0.913484375 0.4157361111111111 0.026148437499999844 0.04934722222222218