8 0.44221875 0.2550972222222222 0.04739843750000006 0.06743055555555558
4 0.5721875 0.5815277777777778 0.04620312500000008 0.11413888888888882
4 0.320703125 0.7589583333333334 0.08510156250000005 0.12255555555555557
4 0.2430234375 0.24081944444444442 0.06280468749999998 0.056513888888888884
4 0.4419375 0.11204166666666666 0.05029687499999991 0.06390277777777777
4 0.49296875 0.6314166666666666 0.09900000000000002 0.1404861111111111
4 0.4156640625 0.8344305555555555 0.10951562500000005 0.1345416666666665
4 0.6883984375 0.6424166666666667 0.08828125 0.1592222222222222
8 0.26872656250000004 0.18438888888888888 0.037992187499999996 0.05404166666666664
4 0.6448984375 0.5322777777777777 0.08802343750000005 0.10283333333333328
4 0.381875 0.7121111111111111 0.09995312499999995 0.13933333333333325
4 0.63025 0.7876388888888889 0.11174218749999998 0.14413888888888884
4 0.431703125 0.6660555555555556 0.09470312500000003 0.13375
4 0.5531953125 0.92325 0.11695312500000003 0.15349999999999997
4 0.3001171875 0.8713611111111111 0.08242968749999999 0.15004166666666663
7 0.40764843749999996 0.1648888888888889 0.025765625000000014 0.023888888888888873
8 0.8021484375 0.12688888888888888 0.03273437500000007 0.05793055555555557
4 0.784921875 0.6227222222222223 0.05316406250000005 0.056972222222222195
4 0.8564921875 0.35494444444444445 0.08053124999999994 0.09954166666666665
7 0.8772578125000001 0.1005 0.02321093750000003 0.030916666666666665
4 0.4798125 0.1552361111111111 0.057320312500000095 0.06219444444444445
8 0.609484375 0.21619444444444444 0.03842187500000005 0.06008333333333332
4 0.8279687499999999 0.366 0.0518437500000001 0.08952777777777779
4 0.8617343749999999 0.31529166666666664 0.07712499999999985 0.06188888888888889
4 0.372125 0.19966666666666666 0.05181250000000004 0.05156944444444444
4 0.7019062500000001 0.7957222222222222 0.05237499999999997 0.08181944444444456
7 0.477859375 0.22230555555555556 0.030429687500000035 0.025236111111111133
7 0.957390625 0.05454166666666667 0.020914062499999986 0.027111111111111107
7 0.339390625 0.1846111111111111 0.03353124999999997 0.032736111111111105
4 0.605 0.3156805555555555 0.018312500000000044 0.050236111111111134
8 0.0164375 0.45145833333333335 0.028195312500000003 0.1
4 0.730234375 0.7176944444444444 0.062437500000000055 0.0753611111111111
8 0.7509921875 0.049416666666666664 0.029187499999999922 0.05170833333333332
8 0.7975390625 0.022236111111111113 0.034867187499999994 0.04431944444444445
4 0.278015625 0.43009722222222224 0.012953125000000032 0.0509305555555555
4 0.2881796875 0.4356527777777778 0.012562500000000032 0.04537499999999994
4 0.3366015625 0.1638888888888889 0.01657812500000002 0.03333333333333333
4 0.405859375 0.14583333333333334 0.016554687500000043 0.028708333333333357
4 0.481625 0.20462500000000003 0.018085937500000072 0.03333333333333333
4 0.879546875 0.07916666666666666 0.017054687499999943 0.0342638888888889
4 0.9626015625000001 0.03426388888888889 0.017546875000000028 0.027777777777777776
4 0.3704140625 0.9475694444444445 0.08956250000000003 0.10486111111111111
4 0.4726875 0.31370833333333337 0.06203906250000006 0.07590277777777775
4 0.3536640625 0.15438888888888888 0.012140624999999971 0.032736111111111105