4 0.36730208333333336 0.8178981481481482 0.3354375 0.30988888888888894
4 0.3189114583333333 0.37037037037037035 0.0451875 0.08333333333333333
4 0.06407291666666666 0.46141666666666664 0.12578125 0.16049074074074077
4 0.5173333333333333 0.2916666666666667 0.0592864583333333 0.05925925925925926
4 0.46369791666666665 0.2810185185185185 0.05409895833333327 0.05277777777777778
4 0.5006666666666667 0.25 0.06970833333333334 0.03518518518518519
4 0.7126666666666667 0.2456759259259259 0.034687499999999954 0.0422685185185185
4 0.804828125 0.23842592592592593 0.053031250000000085 0.04351851851851852
4 0.16279166666666667 0.4583333333333333 0.024453125000000023 0.10978703703703697
4 0.177796875 0.45039814814814816 0.023208333333333307 0.11243518518518514
4 0.24417708333333332 0.42014814814814816 0.024546875 0.055907407407407406
4 0.16938541666666668 0.35250925925925924 0.015588541666666641 0.062166666666666655
4 0.6321822916666666 0.26851851851851855 0.014838541666666554 0.052907407407407396
4 0.6913229166666667 0.24934259259259262 0.010354166666666723 0.046296296296296294
4 0.45585416666666667 0.3214259259259259 0.02006770833333332 0.03438888888888888
8 0.20010416666666667 0.3194444444444444 0.036369791666666686 0.07715740740740744
7 0.5687604166666667 0.27623148148148147 0.032937499999999884 0.029833333333333358
4 0.5658437500000001 0.2503518518518518 0.016812500000000105 0.023499999999999997
4 0.666984375 0.25 0.0147708333333334 0.047009259259259244
4 0.7711302083333333 0.24750925925925926 0.011531249999999934 0.04487037037037038
7 0.45646354166666664 0.35648148148148145 0.02802083333333331 0.03205555555555556
7 0.25171354166666665 0.4761388888888889 0.02797916666666668 0.051990740740740775
7 0.13840625 0.36464814814814817 0.04375 0.04412037037037035
6 0.28820833333333334 0.22140740740740741 0.1754635416666667 0.08442592592592596
2 0.431765625 0.22276851851851853 0.0538697916666667 0.07080555555555552
4 0.8395833333333333 0.23360185185185184 0.03318229166666668 0.03664814814814813
4 0.8677916666666667 0.23283333333333336 0.027531250000000066 0.03587962962962966
4 0.951328125 0.21469444444444444 0.03878125000000002 0.04359259259259258
4 0.9233281249999999 0.22473148148148148 0.03846354166666662 0.03742592592592594
4 0.14315625 0.3259814814814815 0.04651041666666666 0.043027777777777804
4 0.07086458333333333 0.2883981481481482 0.048374999999999994 0.043027777777777804
4 0.119109375 0.3129074074074074 0.03579687500000001 0.05174074074074074
8 0.13316666666666668 0.23967592592592596 0.029010416666666674 0.037037037037037035