4 0.079015625 0.6839537037037037 0.15341145833333333 0.18499999999999997
4 0.5802760416666667 0.8800462962962964 0.04887500000000008 0.05387037037037043
4 0.46109374999999997 0.9528981481481482 0.07243749999999996 0.09211111111111113
4 0.7874739583333333 0.8287962962962964 0.063671875 0.13131481481481475
4 0.6976875 0.9094166666666665 0.06582812499999993 0.14064814814814813
4 0.731234375 0.16912037037037037 0.05351041666666655 0.10812037037037035
4 0.5823750000000001 0.8551851851851852 0.163625 0.2380555555555557
4 0.3421041666666667 0.7393703703703703 0.06846875000000002 0.1411111111111112
4 0.5780937500000001 0.6610185185185184 0.05291145833333341 0.10458333333333338
4 0.737484375 0.7473981481481482 0.06279166666666663 0.140787037037037
4 0.20800000000000002 0.6485277777777777 0.058005208333333336 0.13521296296296295
4 0.529921875 0.12618518518518518 0.05092187499999999 0.11497222222222224
7 0.3413645833333333 0.8418518518518519 0.051885416666666725 0.1198703703703704
4 0.9047447916666667 0.9235740740740741 0.18259895833333342 0.1528518518518518
4 0.19208333333333333 0.745212962962963 0.07029166666666668 0.12213888888888896
4 0.06256770833333333 0.8492037037037037 0.05978645833333334 0.14248148148148138
7 0.7817291666666667 0.9197129629629629 0.061291666666666585 0.141712962962963
4 0.91384375 0.29180555555555554 0.056786458333333435 0.1294074074074074
7 0.06237500000000001 0.9422962962962963 0.049510416666666675 0.11428703703703709
7 0.7303020833333334 0.24823148148148147 0.04785937499999993 0.09575925925925925
4 0.1501458333333333 0.4363425925925926 0.13268229166666667 0.2199074074074074
8 0.20156770833333332 0.2569444444444444 0.08970312500000001 0.19907407407407407
8 0.31678125 0.6747685185185185 0.11179166666666664 0.22916666666666666
8 0.334359375 0.5081018518518519 0.09746354166666672 0.1412037037037037
8 0.43915624999999997 0.1284722222222222 0.0778958333333333 0.19675925925925927
8 0.6650260416666666 0.09837962962962964 0.07911458333333338 0.19675925925925927
8 0.8355677083333333 0.2199074074074074 0.08426041666666677 0.22685185185185186
8 0.8427291666666666 0.49074074074074076 0.08816145833333332 0.24537037037037038
8 0.8681302083333333 0.6678240740740741 0.10842187500000004 0.2662037037037037
8 0.9691510416666667 0.09027777777777778 0.058447916666666565 0.18055555555555555
4 0.5442864583333333 0.34375 0.05377604166666667 0.21064814814814814
4 0.6793437499999999 0.6770833333333334 0.1233697916666666 0.19675925925925927
4 0.7646197916666666 0.09375 0.08298437499999996 0.15046296296296297
7 0.44696874999999997 0.6793981481481481 0.059671874999999965 0.11805555555555555
7 0.3773229166666667 0.2604166666666667 0.04016666666666661 0.1087962962962963
7 0.5296510416666667 0.1909722222222222 0.05622395833333336 0.09027777777777778
7 0.91271875 0.36516666666666664 0.035546875 0.125
4 0.46215625 0.48653703703703705 0.12116666666666671 0.17677777777777778
4 0.444265625 0.57625 0.04632291666666669 0.10156481481481487
4 0.5119583333333334 0.5383425925925925 0.028067708333333385 0.13686111111111107
7 0.5111510416666667 0.6355740740740741 0.038651041666666684 0.11026851851851845
4 0.38015104166666663 0.16442592592592595 0.05091145833333333 0.09737962962962965