4 0.6943359375 0.4119170984455959 0.1220703125 0.13557858376511225
4 0.82080078125 0.5224525043177893 0.14404296875 0.18134715025906736
4 0.5947265625 0.30397236614853196 0.0634765625 0.08635578583765112
4 0.53955078125 0.2556131260794473 0.037109375 0.07167530224525043
4 0.6669921875 0.24352331606217617 0.02685546875 0.039723661485319514
4 0.73583984375 0.28929188255613125 0.03857421875 0.04317789291882556
4 0.77734375 0.3143350604490501 0.03125 0.046632124352331605
4 0.7353515625 0.34196891191709844 0.0322265625 0.039723661485319514
4 0.767578125 0.3747841105354059 0.06591796875 0.07340241796200346
4 0.81982421875 0.40846286701208984 0.041015625 0.07340241796200346
4 0.87353515625 0.459412780656304 0.0439453125 0.09412780656303972
4 0.95361328125 0.4844559585492228 0.04443359375 0.08376511226252159
4 0.81201171875 0.3134715025906736 0.03271484375 0.03454231433506045
4 0.73193359375 0.2607944732297064 0.03125 0.03281519861830743
4 0.6845703125 0.23316062176165803 0.01708984375 0.02849740932642487
4 0.8505859375 0.3385146804835924 0.0234375 0.027633851468048358
4 0.810546875 0.35578583765112265 0.0322265625 0.025043177892918825
4 0.853515625 0.3842832469775475 0.03955078125 0.06303972366148532
4 0.8779296875 0.3644214162348877 0.03076171875 0.045768566493955096
4 0.9150390625 0.49740932642487046 0.03759765625 0.09326424870466321
4 0.9189453125 0.3998272884283247 0.02001953125 0.04317789291882556
4 0.94384765625 0.4075993091537133 0.02685546875 0.04231433506044905
4 0.97802734375 0.41968911917098445 0.0146484375 0.025043177892918825
4 0.97314453125 0.43523316062176165 0.02490234375 0.03195164075993091
4 0.994140625 0.45164075993091535 0.01171875 0.027633851468048358
4 0.9814453125 0.45768566493955093 0.02880859375 0.025043177892918825
4 0.98876953125 0.5051813471502591 0.0224609375 0.05958549222797927
4 0.89990234375 0.3911917098445596 0.0078125 0.037132987910189985
4 0.48193359375 0.20898100172711573 0.03564453125 0.04058721934369603
4 0.4677734375 0.18911917098445596 0.0244140625 0.03454231433506045
4 0.453125 0.17789291882556132 0.01220703125 0.02677029360967185
4 0.44287109375 0.17012089810017272 0.01513671875 0.02936096718480138
4 0.42919921875 0.1614853195164076 0.01171875 0.02677029360967185
4 0.416015625 0.14939550949913644 0.0185546875 0.02072538860103627
4 0.39404296875 0.2003454231433506 0.0263671875 0.046632124352331605
4 0.4365234375 0.21243523316062177 0.01025390625 0.025043177892918825
4 0.390625 0.1614853195164076 0.0107421875 0.017271157167530225
4 0.35400390625 0.19516407599309155 0.0087890625 0.03367875647668394
7 0.435546875 0.24265975820379965 0.01171875 0.031088082901554404
2 0.23583984375 0.22884283246977546 0.0869140625 0.16234887737478412
4 0.1162109375 0.3635578583765112 0.08203125 0.13298791018998274
4 0.177734375 0.43955094991364424 0.099609375 0.16666666666666666
4 0.0322265625 0.45768566493955093 0.0615234375 0.10621761658031088
4 0.02392578125 0.3290155440414508 0.04736328125 0.08894645941278066
4 0.05078125 0.30483592400690845 0.044921875 0.06303972366148532
4 0.01025390625 0.25647668393782386 0.02001953125 0.04231433506044905
4 0.0458984375 0.24438687392055267 0.03125 0.031088082901554404
4 0.05712890625 0.28929188255613125 0.0615234375 0.0535405872193437
4 0.0859375 0.2616580310880829 0.03515625 0.04145077720207254
4 0.10693359375 0.2452504317789292 0.05126953125 0.039723661485319514
4 0.12744140625 0.231433506044905 0.0390625 0.03367875647668394
4 0.060546875 0.20898100172711573 0.03125 0.03540587219343696
4 0.08740234375 0.21848013816925735 0.01953125 0.02849740932642487
4 0.146484375 0.20898100172711573 0.044921875 0.04145077720207254
4 0.11767578125 0.19170984455958548 0.025390625 0.030224525043177894
4 0.14013671875 0.17789291882556132 0.02294921875 0.016407599309153715
4 0.1650390625 0.19084628670120898 0.025390625 0.027633851468048358
4 0.1630859375 0.16321243523316062 0.0234375 0.017271157167530225
4 0.1884765625 0.17012089810017272 0.025390625 0.025906735751295335
4 0.17822265625 0.23316062176165803 0.0078125 0.06994818652849741
7 0.18798828125 0.24611398963730569 0.01123046875 0.037996545768566495
7 0.56494140625 0.34110535405872194 0.029296875 0.055267702936096716
4 0.56201171875 0.2970639032815199 0.0205078125 0.045768566493955096
4 0.935546875 0.6865284974093264 0.0537109375 0.14162348877374784