8 0.694125 0.4346481481481482 0.08566145833333323 0.1408611111111111
4 0.715328125 0.7787777777777778 0.26161458333333343 0.2958796296296296
4 0.9290468749999999 0.6759722222222222 0.14190625 0.2231759259259259
4 0.14563541666666666 0.40621296296296294 0.08454687500000002 0.10532407407407407
8 0.19816666666666669 0.3209444444444444 0.04056770833333333 0.07321296296296291
4 0.5176302083333334 0.291962962962963 0.06133854166666672 0.056055555555555525
4 0.06160416666666667 0.4603796296296296 0.12173958333333333 0.1585092592592592
8 0.44100520833333334 0.8786481481481482 0.24571874999999993 0.23899074074074086
4 0.3672552083333333 0.2260462962962963 0.016552083333333318 0.0336111111111111
4 0.8563958333333334 0.22765740740740742 0.0481354166666667 0.03521296296296294
4 0.7579166666666667 0.22278703703703706 0.0351406249999999 0.04230555555555558
4 0.146890625 0.3323148148148148 0.05026041666666667 0.053129629629629624
4 0.782625 0.24214814814814814 0.04690624999999997 0.03957407407407408
7 0.42918229166666666 0.5495833333333333 0.043692708333333385 0.0665462962962962
4 0.8541302083333334 0.24868518518518518 0.05929166666666674 0.037861111111111095
4 0.9039531249999999 0.22725925925925924 0.042703124999999884 0.04200925925925926
4 0.120859375 0.3127314814814815 0.03435416666666667 0.052185185185185196
4 0.816953125 0.23547222222222222 0.029885416666666723 0.03350925925925923
4 0.9453125 0.21133333333333335 0.04236979166666662 0.03749074074074075
7 0.7360625 0.26362037037037034 0.02971874999999997 0.025055555555555505
7 0.70634375 0.2584444444444444 0.027880208333333437 0.024509259259259286
4 0.7271041666666667 0.23900000000000002 0.009765625 0.02199074074074074
4 0.6426875 0.2349537037037037 0.009765625 0.037037037037037035
4 0.7124583333333334 0.20717592592592593 0.022567708333333294 0.037037037037037035
4 0.5848541666666667 0.26408333333333334 0.02560937500000004 0.025074074074074113
4 0.46386458333333336 0.2820185185185185 0.052734375 0.05324074074074074
4 0.38259375 0.22742592592592592 0.02126562499999996 0.03279629629629628
2 0.43305208333333334 0.22010185185185188 0.057942708333333336 0.056712962962962986
8 0.2744375 0.2659722222222222 0.0375 0.04737962962962959
4 0.15690104166666666 0.2791296296296296 0.03602604166666665 0.03819444444444445
4 0.07866666666666666 0.23958333333333334 0.03277083333333334 0.021601851851851865
4 0.07109375 0.2849537037037037 0.0453125 0.03194444444444444
4 0.19544270833333333 0.26180555555555557 0.009114583333333334 0.03564814814814815
4 0.4254583333333333 0.47685185185185186 0.038411458333333336 0.06712962962962964