4 0.745859375 0.13402777777777777 0.012406250000000086 0.059722222222222225
4 0.7275078125000001 0.4125 0.011617187499999914 0.06944444444444445
4 0.8403750000000001 0.4777777777777778 0.018687500000000058 0.06111111111111111
4 0.73534375 0.7760277777777778 0.025718750000000058 0.07983333333333335
4 0.30021875 0.21931944444444443 0.013062500000000022 0.058069444444444444
4 0.14494531249999998 0.1477638888888889 0.0162109375 0.05416666666666667
8 0.21018749999999997 0.1171111111111111 0.03778125000000001 0.0630138888888889
8 0.5228984375 0.2887222222222222 0.05168750000000007 0.08147222222222218
7 0.5947890625000001 0.14616666666666667 0.02664843749999992 0.02630555555555555
7 0.7021953125 0.14079166666666668 0.017906250000000058 0.030555555555555555
7 0.357234375 0.19166666666666668 0.0193359375 0.044444444444444446
7 0.29000000000000004 0.17854166666666668 0.02592968750000004 0.024347222222222183
7 0.26628125 0.15640277777777778 0.02156249999999993 0.024777777777777784
7 0.16233593749999997 0.12880555555555556 0.024617187500000172 0.027777777777777776
7 0.155671875 0.06341666666666666 0.02312499999999993 0.02901388888888889
7 0.10532031249999996 0.09879166666666667 0.021609374999999886 0.021708333333333326
4 0.7189140625 0.3194444444444444 0.08192968749999992 0.06388888888888888
4 0.7677343750000001 0.16875 0.0811640624999999 0.05416666666666667
4 0.64509375 0.19791666666666666 0.057687500000000114 0.0625
4 0.45103906250000003 0.24181944444444448 0.06746874999999992 0.0635833333333333
4 0.9763125 0.3861111111111111 0.03587500000000006 0.1111111111111111
4 0.13793749999999996 0.01491666666666667 0.05610937500000013 0.029819444444444444
4 0.14508593750000004 0.3478333333333333 0.07883593749999988 0.09886111111111104
4 0.3585546875 0.5289166666666667 0.08917968750000008 0.10265277777777773
4 0.430453125 0.5774722222222222 0.048499999999999946 0.11786111111111112
4 0.5678124999999999 0.6640555555555555 0.09095312500000005 0.12790277777777767
4 0.50959375 0.6316527777777778 0.09767187499999999 0.13047222222222213
4 0.58296875 0.8301944444444445 0.10824999999999996 0.14329166666666676
4 0.6814375 0.7481527777777777 0.08224218749999998 0.11919444444444435
4 0.701921875 0.8777083333333334 0.08628906250000004 0.15812499999999988
4 0.36833593750000004 0.7913055555555556 0.109578125 0.15109722222222216
4 0.455296875 0.9231805555555557 0.12381250000000002 0.15363888888888874
4 0.10474999999999994 0.08113888888888889 0.013882812499999985 0.021930555555555543
4 0.15532031249999995 0.04641666666666667 0.009789062500000157 0.022666666666666658
4 0.16006250000000008 0.11001388888888888 0.014281250000000157 0.025583333333333316
7 0.18164843749999998 0.10709722222222222 0.0237421874999999 0.024125000000000008
4 0.17979687500000008 0.08297222222222221 0.013664062499999829 0.024125000000000008
8 0.23180468750000002 0.10197222222222223 0.03692187499999999 0.05775000000000002
4 0.2875078125 0.15606944444444446 0.012687500000000008 0.024125000000000008
4 0.260578125 0.1334027777777778 0.017195312499999994 0.02851388888888889
4 0.19232812500000004 0.017180555555555553 0.03857031249999991 0.034361111111111106
4 0.23240625 0.013888888888888888 0.031601562500000034 0.027777777777777776
4 0.170125 0.3680555555555556 0.05335937500000014 0.08844444444444438
4 0.127171875 0.3183472222222222 0.07349218750000013 0.0679861111111111
4 0.26349261171875 0.6074561402777778 0.26349261171875 0.6388888888888888 0.32144793515625 0.7171052625 0.34569874375 0.7046783625 0.3541523390625 0.683029075 0.34939801953125 0.6476608180555555 0.31939278125000004 0.5942982458333333 0.29267578828124996 0.5621345027777778 0.27787868437499996 0.5782163736111111 0.26349261171875 0.6074561402777778
4 0.3185707203125 0.7814327486111111 0.3008964015625 0.7551169597222223 0.27335734765624997 0.7609649125 0.27130219375000003 0.7690058486111111 0.3061844671875 0.8340643277777777 0.32144793515625 0.8128654972222222 0.3185707203125 0.7814327486111111
4 0.24253004765625003 0.7112573097222222 0.26225951953125 0.7616959069444444 0.27370198984375 0.7536549708333333 0.29596403359375 0.7441520472222223 0.3029515546875 0.7200292402777778 0.30130743203125 0.7083333333333334 0.29267578828124996 0.6922514624999999 0.28404414453125 0.6864035083333333 0.27417940859375 0.6885964916666667 0.24910653828124998 0.7112573097222222 0.24253004765625003 0.7112573097222222
4 0.25897127421875 0.6929824555555555 0.27787868437499996 0.6827485375000001 0.27664559296875 0.6571637430555556 0.25403890625000003 0.6381578944444445 0.23184325078125 0.6432748541666666 0.21745717734375 0.6527777777777778 0.240806178125 0.7002923972222223 0.25897127421875 0.6929824555555555
4 0.23225428125 0.6016081875 0.2203343921875 0.5957602333333333 0.20430419609375 0.5964912277777777 0.19146407265625 0.5957602333333333 0.19032915390625 0.6008771930555555 0.21005862578125 0.6454678361111111 0.21869026953124998 0.6498538013888889 0.23595355703125 0.6403508777777778 0.2396528328125 0.6330409361111111 0.23595355703125 0.6169590638888889 0.23225428125 0.6016081875
4 0.2026600734375 0.5921052625 0.20142698203124998 0.5716374263888889 0.19443946015625 0.5555555555555556 0.1808754484375 0.5504385958333333 0.1656673140625 0.5592105263888889 0.1722438046875 0.5738304097222222 0.18580781640625 0.6016081875 0.2026600734375 0.5921052625
4 0.193108809375 0.5540935666666666 0.1940284296875 0.5402046777777778 0.18909606171874999 0.5248538013888889 0.17964235625 0.5116959069444444 0.15662463984375 0.5138888888888888 0.1492260875 0.5233918125 0.1681334984375 0.5599415208333334 0.18416369375 0.5526315791666667 0.193108809375 0.5540935666666666
4 0.44624218750000005 0.19495833333333334 0.05620312500000004 0.055416666666666635
4 0.62265625 0.7736111111111111 0.65703125 0.7361111111111112 0.6671875 0.7 0.66953125 0.6736111111111112 0.66640625 0.6569444444444444 0.6609375 0.6472222222222223 0.64921875 0.6402777777777777 0.6265625 0.6430555555555556 0.6046875 0.6666666666666666 0.5703125 0.7277777777777777 0.56640625 0.7416666666666667 0.5671875 0.7666666666666667 0.5765625 0.7736111111111111 0.609375 0.7805555555555556 0.62265625 0.7736111111111111
4 0.6753828125 0.9172777777777779 0.009921875000000035 0.03411111111111104
4 0.6322265625 0.9495555555555555 0.09006249999999998 0.10088888888888903
4 0.599609375 0.12906944444444446 0.01755468750000002 0.03225