2 0.3815989583333333 0.5934537037037036 0.21799479166666663 0.5973518518518519
4 0.5709062500000001 0.4988425925925926 0.10023437499999996 0.16435185185185186
4 0.07723958333333333 0.7962962962962963 0.15354166666666672 0.2361111111111111
4 0.85809375 0.8661296296296295 0.2838125 0.2399722222222222
4 0.7637447916666668 0.6323333333333333 0.22530729166666674 0.24613888888888882
4 0.861 0.5761203703703704 0.1462760416666666 0.14863888888888888
4 0.7147083333333334 0.44714814814814824 0.12205729166666662 0.13657407407407413
4 0.8418229166666666 0.45315740740740745 0.13756249999999995 0.12300000000000003
4 0.9425156250000001 0.6666666666666666 0.11496874999999988 0.19907407407407407
4 0.652921875 0.35185185185185186 0.08302083333333338 0.075
4 0.5646614583333334 0.3472222222222222 0.07211979166666663 0.08796296296296297
4 0.5410989583333333 0.26694444444444443 0.11090104166666664 0.05252777777777779
4 0.430640625 0.3355462962962963 0.053281249999999974 0.04945370370370367
4 0.25027083333333333 0.27899074074074076 0.065234375 0.060620370370370394
4 0.16480729166666666 0.25830555555555557 0.06915104166666666 0.035416666666666666
4 0.10105729166666667 0.24636111111111111 0.059463541666666675 0.04696296296296299
4 0.020833333333333332 0.20925925925925926 0.041666666666666664 0.040740740740740744
8 0.04774479166666666 0.23346296296296296 0.04931770833333333 0.046296296296296294
8 0.29599479166666665 0.24085185185185184 0.04383333333333338 0.0454074074074074
8 0.33167187499999995 0.22817592592592592 0.02888020833333336 0.05158333333333334
8 0.36477604166666666 0.22883333333333333 0.03704687499999994 0.052907407407407396
8 0.40652083333333333 0.26007407407407407 0.04108333333333339 0.06591666666666669
4 0.4714635416666667 0.3235185185185185 0.051020833333333356 0.07826851851851849
4 0.08648958333333333 0.1978611111111111 0.027609374999999995 0.0396851851851852
4 0.220671875 0.21445370370370373 0.05489062499999999 0.035157407407407436
4 0.277796875 0.20855555555555558 0.04141666666666666 0.042990740740740746
8 0.307125 0.21163888888888888 0.0199583333333333 0.02116666666666668
4 0.7003281250000001 0.21189814814814814 0.060598958333333286 0.025944444444444426
4 0.5660520833333333 0.6861111111111111 0.06677604166666669 0.10802777777777785
7 0.5703958333333333 0.8188240740740741 0.06225520833333344 0.16974999999999993
7 0.6757500000000001 0.9398148148148148 0.10700520833333324 0.12037037037037036
4 0.6778385416666667 0.8260000000000001 0.07367708333333335 0.1111111111111111
4 0.9605520833333333 0.3402777777777778 0.02432812500000002 0.11574074074074074
4 0.9813802083333333 0.537675925925926 0.029531249999999905 0.08796296296296297
4 0.6357395833333332 0.4398148148148148 0.04137500000000003 0.14351851851851852
4 0.6877708333333333 0.6758518518518518 0.04093749999999995 0.18812037037037044
4 0.50490625 0.38425925925925924 0.02449999999999998 0.041666666666666664
4 0.4944895833333333 0.3263888888888889 0.01669270833333331 0.032407407407407406
4 0.5400572916666667 0.36342592592592593 0.024484375000000055 0.041666666666666664
4 0.5253958333333333 0.30833333333333335 0.009791666666666643 0.06111111111111111
4 0.5089010416666667 0.31882407407407404 0.017953125000000014 0.08641666666666671
7 0.5030520833333333 0.44044444444444447 0.02627083333333336 0.06641666666666668
7 0.5382708333333334 0.4000833333333333 0.025026041666666703 0.03602777777777775