8 0.177484375 0.7809907407407408 0.245453125 0.318537037037037
8 0.5130208333333334 0.4621944444444445 0.0711822916666667 0.1620370370370371
7 0.7356770833333334 0.8101851851851852 0.11371354166666663 0.1111111111111111
7 0.44140625 0.6905833333333333 0.06857812500000003 0.1003055555555555
7 0.6723072916666666 0.45601851851851855 0.0234375 0.0632685185185185
7 0.6397552083333333 0.41821296296296295 0.024307291666666706 0.05555555555555555
7 0.18294270833333334 0.601462962962963 0.10894270833333332 0.0625
7 0.6558489583333333 0.2781296296296296 0.03285416666666663 0.027777777777777776
7 0.3595729166666667 0.30983333333333335 0.018828125000000046 0.028490740740740723
7 0.371796875 0.26637962962962963 0.020031250000000018 0.0227962962962963
4 0.0625 0.45837962962962964 0.125 0.16167592592592595
4 0.15109895833333334 0.40430555555555553 0.08330208333333335 0.08788888888888885
4 0.14788020833333335 0.33135185185185184 0.050223958333333325 0.054231481481481526
4 0.07105729166666667 0.28703703703703703 0.04613020833333333 0.041009259259259224
4 0.12611458333333334 0.2513240740740741 0.041666666666666664 0.02910185185185183
8 0.20033333333333334 0.3257314814814815 0.0398072916666667 0.07473148148148151
4 0.19252083333333334 0.3416018518518519 0.02120312500000002 0.07737962962962967
4 0.736109375 0.7037037037037037 0.07639062500000003 0.10493518518518512
4 0.4375 0.5941388888888889 0.0555572916666667 0.09567592592592586
4 0.640953125 0.3709537037037037 0.018880208333333332 0.03819444444444445
4 0.6751302083333334 0.40162037037037035 0.022135416666666668 0.05324074074074074
4 0.13515625 0.5435185185185185 0.027604166666666666 0.07777777777777778
4 0.1765625 0.5504629629629629 0.020833333333333332 0.05092592592592592
4 0.314234375 0.30339814814814814 0.0618072916666667 0.06234259259259263
8 0.2743072916666666 0.2854907407407407 0.02152604166666666 0.052472222222222184
4 0.3578125 0.2814814814814815 0.012848958333333372 0.02345370370370374
4 0.3193645833333333 0.2590462962962963 0.04734895833333338 0.032407407407407406
4 0.2758072916666666 0.24978703703703703 0.04071875000000003 0.020620370370370355
4 0.36943750000000003 0.24662962962962964 0.010182291666666643 0.015990740740740726
4 0.4637760416666667 0.28050925925925924 0.050661458333333326 0.05176851851851849
4 0.5174010416666666 0.29103703703703704 0.06131770833333328 0.05261111111111116
4 0.5474114583333333 0.2596481481481482 0.05979687499999997 0.03949999999999997
4 0.6541197916666667 0.25337037037037036 0.010416666666666666 0.019361111111111082
4 0.7002864583333334 0.24389814814814817 0.00994270833333341 0.04503703703703702
4 0.7227760416666666 0.2449537037037037 0.008994791666666658 0.04208333333333335
4 0.6583806817708333 0.3573232324074074 0.6553030302083334 0.3392255888888889 0.64512310625 0.3181818185185185 0.6105587119791667 0.32112794629629626 0.6062973484375 0.3274410777777778 0.6008522729166667 0.35479797962962967 0.5984848484375 0.36952861944444443 0.5984848484375 0.3863636361111111 0.6034564395833333 0.3926767675925926 0.60606060625 0.3817340064814815 0.6302083333333334 0.38299663333333334 0.6323390151041667 0.36910774444444444 0.6363636364583333 0.3611111111111111 0.6408617421875 0.34974747500000003 0.646780303125 0.3556397305555556 0.6472537880208333 0.3636363638888889 0.6524621213541667 0.37710437685185183 0.6522253786458333 0.3741582490740741 0.6553030302083334 0.36868686851851856 0.6583806817708333 0.3573232324074074
4 0.7582447916666666 0.22839814814814813 0.035588541666666626 0.049379629629629614
4 0.861328125 0.24575925925925926 0.06032812499999996 0.037805555555555564
4 0.966796875 0.26196296296296295 0.06640625 0.034722222222222224
4 0.9130260416666667 0.6925925925925925 0.17394791666666667 0.23389814814814827