4 0.6220234375 0.19549999999999998 0.06382031250000005 0.07024999999999998
4 0.48989062499999997 0.6269027777777778 0.09949999999999992 0.14174999999999993
4 0.5702265625 0.5762638888888889 0.0470703125 0.11951388888888882
4 0.546984375 0.7294444444444446 0.07477343750000003 0.12674999999999997
4 0.36740121328124997 0.6197831652777778 0.44417334140625 0.7480765486111111 0.4848959265625 0.6910572555555555 0.41146174453124995 0.5734549875 0.36740121328124997 0.6197831652777778
4 0.39410455859375004 0.8122232402777778 0.43883265703124996 0.7492644541666666 0.3968718625 0.6680539361111111 0.35299811015625 0.6254748319444444 0.3173324671875 0.669675025 0.39410455859375004 0.8122232402777778
4 0.31998234296875 0.840389025 0.36804834999999997 0.7833697319444445 0.33533675390625 0.7128844750000001 0.302517340625 0.6810303875 0.26791082265625 0.7144714194444445 0.31998234296875 0.840389025
4 0.59684185 0.569880986111111 0.6319818039062499 0.595931525 0.6944528328125 0.5229900152777778 0.6944528328125 0.5221216638888889 0.69396477734375 0.5221216638888889 0.68566784375 0.49954452916666664 0.65931287890625 0.463073775 0.593425465625 0.5255950694444445 0.59684185 0.569880986111111
4 0.5714629945312499 0.9980515333333333 0.6217326507812501 0.8825608083333334 0.56422119140625 0.8368055555555556 0.47580423203125 0.9937097763888889 0.5714629945312499 0.9980515333333333
4 0.57195105 0.8035408388888888 0.57634354375 0.8382748916666666 0.6271012546875 0.8851658625000001 0.6964050523437499 0.7609916236111111 0.6793231304687499 0.7210474638888889 0.6788350750000001 0.7210474638888889 0.65093994140625 0.70625 0.61538793671875 0.7323360305555555 0.57195105 0.8035408388888888
4 0.7461562500000001 0.5480277777777778 0.017757812500000015 0.07359722222222223
4 0.637392959375 0.6941900902777778 0.67936568203125 0.7280557916666666 0.74037254609375 0.6290637416666667 0.733051721875 0.5778310138888888 0.70484619140625 0.5555555555555556 0.6500823875 0.6412206611111111 0.637392959375 0.6941900902777778
4 0.7461953125 0.12731944444444446 0.050867187499999925 0.06616666666666669
4 0.21121093750000003 0.17181944444444444 0.0713203125 0.04363888888888887
4 0.0003179875 0.37802976527777776 0.050099589062500005 0.3736880083333333 0.059372632031250004 0.35284757777777775 0.051563753906249996 0.30595660555555554 0.03204155703125 0.2964047416666667 0 0.30833333333333335 0.0003179875 0.37802976527777776
4 0.8633359374999999 0.31566666666666665 0.07870312499999983 0.06744444444444445
4 0.693625 0.1327222222222222 0.042578125 0.052083333333333336
4 0.75979251953125 0.7012545791666667 0.78964999609375 0.6425131666666667 0.74027032265625 0.6312756791666666 0.71845139765625 0.6767364236111111 0.75979251953125 0.7012545791666667
4 0.69519701640625 0.746715325 0.7279254046875 0.7676579152777778 0.7626634304687501 0.6987006041666667 0.71861356875 0.6801470583333333 0.68945519375 0.7104488875 0.69519701640625 0.746715325
4 0.6725168171875 0.7939854249999999 0.6739522734375 0.8205467597222222 0.68888101171875 0.8394461708333334 0.7282124953125 0.7648701166666667 0.70597570078125 0.7565359472222222 0.68199082421875 0.7699780652777777 0.6725168171875 0.7939854249999999
4 0.75551278046875 0.6338533138888889 0.7635513320312499 0.6466231861111111 0.7856573484375 0.6547959041666667 0.8126439140624999 0.5975868763888889 0.784508984375 0.5899249541666667 0.76269005859375 0.6057595958333333 0.75551278046875 0.6338533138888889
4 0.795211796875 0.39488098611111105 0.8425531234375001 0.41832647222222225 0.85329033125 0.39227593194444443 0.8567067156249999 0.3801190138888889 0.8469456171875 0.3375698 0.80718994140625 0.31319444444444444 0.795211796875 0.39488098611111105
4 0.8103414992187499 0.3193344222222222 0.8440172882812501 0.34017485277777776 0.8537783859375001 0.3957493375 0.88257362578125 0.4070379041666667 0.89916749296875 0.38793417500000005 0.89916749296875 0.354936825 0.86500364921875 0.3115192597222222 0.81656494140625 0.29097222222222224 0.8103414992187499 0.3193344222222222
7 0.1570859375 0.404125 0.04037500000000001 0.03909722222222219
7 0.1534921875 0.4842222222222222 0.040054687499999984 0.04445833333333332
7 0.26046874999999997 0.225125 0.029921874999999966 0.03577777777777776
4 0.4625703125 0.23084722222222223 0.05823437499999997 0.062027777777777814
4 0.515546875 0.1343611111111111 0.05682031250000001 0.05563888888888889
4 0.5190546875 0.28934722222222226 0.0125 0.05349999999999998
4 0.5256953125 0.2961944444444444 0.01023437499999993 0.06119444444444445
8 0.8331640625000001 0.11055555555555555 0.041750000000000044 0.06243055555555555
8 0.7700781250000001 0.03666666666666667 0.028789062499999928 0.04990277777777777
7 0.3439375 0.33075 0.030671874999999994 0.03575000000000001
8 0.30409375 0.15709722222222222 0.042062500000000023 0.056902777777777774
7 0.396078125 0.13441666666666666 0.022078124999999994 0.030944444444444445
7 0.469234375 0.27554166666666663 0.02985937500000002 0.03594444444444444
4 0.56421875 0.18079166666666666 0.03764062500000005 0.060930555555555564
4 0.8144765625 0.5757083333333333 0.03363281250000005 0.04626388888888881
4 0.8282109375 0.5327916666666667 0.04102343750000017 0.04773611111111112
4 0.161546875 0.4588055555555555 0.031132812500000016 0.04108333333333339
4 0.1606015625 0.3839166666666667 0.015335937499999997 0.03780555555555559
4 0.2543125 0.20543055555555556 0.01917187499999997 0.02716666666666667
4 0.34815625 0.31605555555555553 0.010078124999999983 0.039222222222222235
6 0.3567890625 0.15637500000000001 0.05615625 0.06188888888888889
4 0.47603125 0.25066666666666665 0.0138671875 0.024777777777777742
4 0.7679140624999999 0.07429166666666667 0.008289062499999921 0.04180555555555557