4 0.13602604166666665 0.8248425925925927 0.268515625 0.3178981481481482
4 0.5048802083333334 0.8854166666666666 0.2848697916666667 0.22916666666666666
4 0.574453125 0.6603796296296297 0.15837499999999996 0.31216666666666654
4 0.8058229166666667 0.7449814814814815 0.3407187499999999 0.30324074074074076
4 0.6220677083333332 0.5443148148148148 0.04528645833333324 0.08465740740740747
8 0.49151041666666667 0.5133888888888889 0.07062499999999995 0.17493518518518525
4 0.35165624999999995 0.5244722222222222 0.09447916666666671 0.1739444444444444
8 0.6676249999999999 0.5162037037037037 0.1051458333333334 0.17592592592592593
4 0.8251510416666666 0.5497685185185185 0.125921875 0.1087962962962963
4 0.7250364583333333 0.4479166666666667 0.1210208333333334 0.1412037037037037
4 0.842859375 0.45023148148148145 0.13216145833333334 0.10972222222222222
4 0.9483437499999999 0.534074074074074 0.10330729166666662 0.10232407407407407
4 0.8945416666666667 0.5748518518518518 0.036062499999999886 0.09359259259259252
6 0.060760416666666664 0.21764814814814815 0.06849479166666667 0.07793518518518518
4 0.3444479166666667 0.30112037037037037 0.053848958333333384 0.101462962962963
4 0.31353125 0.2496111111111111 0.06362500000000004 0.046296296296296294
4 0.17785937500000001 0.21643518518518517 0.05977083333333333 0.05324074074074074
4 0.13555729166666666 0.20203703703703701 0.030994791666666664 0.032
8 0.37083333333333335 0.24395370370370373 0.039453125 0.059879629629629616
8 0.40720833333333334 0.24051851851851852 0.03401041666666664 0.0665833333333333
8 0.4606510416666667 0.2655092592592593 0.046442708333333374 0.07512037037037037
4 0.46074479166666665 0.26851851851851855 0.010244791666666704 0.06084259259259263
4 0.5261510416666667 0.3761574074074074 0.020447916666666722 0.10019444444444447
4 0.517828125 0.30625 0.024171875000000044 0.04327777777777778
7 0.5179375 0.3353148148148148 0.010968749999999972 0.027777777777777776
7 0.43582291666666667 0.5066111111111111 0.0362916666666667 0.08730555555555553
7 0.36708854166666666 0.41426851851851854 0.02797395833333335 0.04282407407407408
7 0.3789166666666667 0.3616388888888889 0.020687500000000015 0.0518611111111111
7 0.39798958333333334 0.28582407407407406 0.017177083333333343 0.039888888888888925
7 0.4262916666666667 0.2760740740740741 0.01836458333333333 0.029944444444444475
7 0.25240625 0.2606203703703704 0.012156250000000016 0.03151851851851849
7 0.24170833333333333 0.23471296296296298 0.022885416666666637 0.022638888888888906
7 0.10404166666666666 0.25 0.03194791666666668 0.037037037037037035
4 0.12165104166666667 0.21179629629629632 0.008625 0.05119444444444444
4 0.37822916666666667 0.3172962962962963 0.017713541666666662 0.04012037037037041
4 0.36052083333333335 0.37113888888888885 0.022708333333333285 0.04463888888888892
4 0.4366770833333333 0.43476851851851855 0.03458854166666671 0.059027777777777776
4 0.5090989583333333 0.2427222222222222 0.02361458333333329 0.04364814814814814
4 0.2634947916666667 0.2325648148148148 0.013999999999999997 0.04729629629629628
4 0.23899479166666668 0.21557407407407406 0.013437499999999976 0.0238888888888889
4 0.21333333333333335 0.23692592592592593 0.008500000000000027 0.037037037037037035
4 0.6939947916666667 0.35250925925925924 0.018401041666666628 0.056879629629629586
4 0.644515625 0.3551574074074074 0.06677604166666669 0.09656481481481478
4 0.5903645833333333 0.33140740740740743 0.06357812500000008 0.08145370370370372
4 0.6974166666666667 0.21617592592592594 0.05485416666666675 0.052907407407407424
4 0.6560260416666667 0.2584722222222222 0.04068229166666673 0.059768518518518506
4 0.30628124999999995 0.20426851851851854 0.02777604166666663 0.03747222222222225