4 0.11371354166666667 0.7725833333333333 0.21006770833333333 0.28281481481481485
4 0.279515625 0.5034259259259259 0.08333333333333333 0.1797037037037037
4 0.21614583333333334 0.968361111111111 0.28993229166666673 0.06326851851851845
4 0.9483489583333333 0.6707962962962963 0.10329687499999997 0.19035185185185177
4 0.9036458333333334 0.5689907407407407 0.0711822916666667 0.15341666666666673
4 0.9678802083333333 0.5072962962962962 0.06423437499999997 0.14112962962962963
4 0.26128645833333336 0.2821018518518519 0.07812500000000003 0.07962962962962963
6 0.6002604166666666 0.6277592592592592 0.5008697916666667 0.6809907407407408
4 0.6557291666666667 0.26435185185185184 0.050348958333333374 0.042287037037037
4 0.7045156250000001 0.2103611111111111 0.05416666666666667 0.04171296296296297
4 0.6628489583333333 0.23566666666666666 0.025 0.033055555555555546
4 0.22604166666666667 0.21442592592592594 0.04305729166666664 0.03872222222222221
4 0.18333333333333332 0.2048611111111111 0.021526041666666686 0.045518518518518486
4 0.15555729166666668 0.20547222222222222 0.022916666666666665 0.0393425925925926
4 0.13385416666666666 0.20825 0.023265624999999995 0.04860185185185186
4 0.11180729166666666 0.19807407407407407 0.022916666666666665 0.03935185185185185
4 0.08836979166666666 0.20300925925925925 0.03229166666666667 0.049222222222222195
4 0.05139062500000001 0.18788888888888888 0.03125000000000001 0.030111111111111095
2 0.303125 0.23014814814814816 0.08889062500000001 0.08127777777777775
6 0.040625 0.2310185185185185 0.08125 0.07314814814814814