4 0.8973958333333333 0.6935185185185185 0.20520833333333333 0.21851851851851853
4 0.8795052083333333 0.25103703703703706 0.08225000000000003 0.04044444444444442
4 0.33391145833333336 0.33440740740740743 0.051052083333333324 0.06756481481481484
4 0.7127395833333333 0.24416666666666664 0.033817708333333245 0.03993518518518518
7 0.38329166666666664 0.6152500000000001 0.06025000000000003 0.07542592592592597
7 0.24854166666666666 0.49252777777777773 0.03573958333333334 0.05906481481481478
8 0.20021875 0.3236851851851852 0.04268750000000002 0.07516666666666662
8 0.2708541666666667 0.35810185185185184 0.03977604166666664 0.09400925925925924
4 0.21581250000000002 0.26855555555555555 0.0554322916666667 0.041416666666666685
4 0.13961979166666666 0.2694814814814815 0.03647916666666666 0.039083333333333366
4 0.054421875 0.46440740740740744 0.10351041666666667 0.1522407407407407
4 0.5995989583333333 0.253037037037037 0.0531979166666666 0.04508333333333336
7 0.22534375 0.6210277777777778 0.06845312499999998 0.09102777777777772
4 0.7791666666666667 0.24428703703703702 0.03629166666666658 0.0397222222222222
4 0.7459322916666667 0.24134259259259258 0.03543229166666677 0.04588888888888887
7 0.5907604166666667 0.4034351851851852 0.025307291666666742 0.0503796296296296
4 0.120546875 0.3129074074074074 0.039109375000000016 0.06263888888888887
4 0.14447395833333332 0.4047962962962963 0.08330208333333335 0.09471296296296293
4 0.07007291666666667 0.2853981481481482 0.04164583333333332 0.043879629629629616
4 0.9461875000000001 0.21178703703703702 0.046015624999999956 0.032222222222222235
4 0.19303645833333333 0.5474537037037037 0.027994791666666668 0.0625
4 0.21223958333333334 0.5370370370370371 0.022135416666666668 0.05787037037037037
4 0.24198958333333334 0.4305555555555556 0.028046875000000013 0.049148148148148184
4 0.200921875 0.38319444444444445 0.022036458333333304 0.0911666666666667
4 0.360375 0.5388148148148147 0.023635416666666725 0.07193518518518524
4 0.38040625 0.5227962962962963 0.026041666666666668 0.05983333333333344
8 0.29928125 0.26851851851851855 0.028046874999999954 0.047009259259259244
8 0.3499583333333333 0.2638888888888889 0.042869791666666636 0.05199074074074072
4 0.4635416666666667 0.2834722222222222 0.05448958333333328 0.05270370370370366
4 0.51803125 0.2923796296296296 0.0584947916666667 0.05484259259259261
4 0.5929479166666667 0.3536296296296296 0.019229166666666703 0.04201851851851852
4 0.5578697916666666 0.33796296296296297 0.013890625000000038 0.03188888888888894
7 0.56365625 0.38349074074074074 0.02951562500000004 0.03446296296296299
4 0.5596041666666667 0.27494444444444444 0.010994791666666733 0.0540092592592593
4 0.549046875 0.27366666666666667 0.01128645833333337 0.04937962962962967