2 0.43870312499999997 0.6489166666666667 0.3152135416666667 0.5385833333333332
2 0.828375 0.2037037037037037 0.102734375 0.07407407407407407
4 0.7194583333333334 0.6728425925925926 0.12265104166666656 0.2623425925925925
4 0.15554687500000006 0.5918148148148148 0.1784270833333333 0.18362962962962956
4 0.6934166666666667 0.4054814814814815 0.06015625 0.1165092592592593
4 0.28984895833333335 0.45640740740740743 0.1164218750000001 0.13039814814814818
4 0.402453125 0.3784722222222222 0.07177083333333342 0.08719444444444441
4 0.4530052083333333 0.33641666666666664 0.0539947916666667 0.07252777777777782
4 0.401796875 0.30400925925925926 0.05657291666666661 0.05710185185185181
4 0.3410520833333333 0.3468333333333333 0.07477604166666675 0.06867592592592589
4 0.5460885416666666 0.27469444444444446 0.09004687499999993 0.06789814814814818
4 0.7182968750000001 0.2777777777777778 0.04833333333333343 0.05092592592592592
4 0.6487135416666666 0.32060185185185186 0.040177083333333266 0.04398148148148148
4 0.958828125 0.1965925925925926 0.03230208333333332 0.04133333333333332
4 0.5906874999999999 0.37599074074074074 0.05540104166666661 0.09656481481481478
8 0.6287083333333333 0.24570370370370373 0.03573437499999983 0.06371296296296292
8 0.6688854166666667 0.24908333333333332 0.04145312499999984 0.05577777777777779
8 0.6743333333333333 0.4840555555555555 0.05136979166666673 0.16769444444444456
4 0.9119791666666667 0.19867592592592592 0.03163020833333334 0.03519444444444444
4 0.7623229166666667 0.21376851851851852 0.02305208333333321 0.039092592592592616
4 0.80778125 0.252712962962963 0.0495208333333333 0.0418888888888889
4 0.6922760416666667 0.30092592592592593 0.05253645833333328 0.054527777777777765
4 0.16092187500000002 0.4506111111111112 0.15169791666666654 0.12037037037037036
4 0.05292708333333328 0.6793981481481481 0.10585416666666655 0.20601851851851852
4 0.016546874999999992 0.5415648148148148 0.033093749999999984 0.07190740740740749
4 0.2987395833333333 0.21643518518518517 0.0691249999999999 0.05324074074074074
7 0.6373541666666667 0.40641666666666665 0.024203124999999895 0.057537037037037025
4 0.12861458333333337 0.711037037037037 0.06213541666666676 0.21836111111111103
4 0.015390624999999976 0.543212962962963 0.02904166666666678 0.07407407407407407
4 0.49266666666666664 0.3084537037037037 0.015505208333333324 0.07060185185185185
4 0.47443749999999996 0.30787037037037035 0.012895833333333329 0.06481481481481481
4 0.549296875 0.33217592592592593 0.018130208333333304 0.05092592592592592
4 0.5219583333333333 0.3287037037037037 0.020723958333333313 0.046296296296296294
4 0.638796875 0.3559074074074074 0.018812499999999944 0.03587962962962963
4 0.630984375 0.3281296296296296 0.014906249999999944 0.03819444444444445
4 0.497328125 0.21604629629629635 0.013552083333333324 0.046296296296296294
4 0.7142083333333333 0.21660185185185185 0.015119791666666771 0.0396851851851852
4 0.7426197916666666 0.21933333333333332 0.015598958333333239 0.04282407407407408