4 0.6180390625 0.7166527777777778 0.10143750000000011 0.1553333333333332
4 0.5692578125 0.6689027777777778 0.09832812499999992 0.13809722222222232
4 0.679109375 0.758638888888889 0.08698437500000011 0.12374999999999987
4 0.5091015624999999 0.6309722222222223 0.09760156250000004 0.13474999999999998
4 0.357234375 0.5290138888888889 0.08880468750000006 0.0990416666666666
4 0.71728125 0.229875 0.07322656250000001 0.056666666666666685
4 0.42727343749999996 0.577875 0.04656249999999993 0.11502777777777785
4 0.31132031250000003 0.6411805555555555 0.08993749999999992 0.14954166666666677
4 0.6957109375 0.19380555555555554 0.06682812499999997 0.053027777777777785
4 0.7030625 0.8687638888888889 0.08540625000000013 0.14334722222222226
4 0.369359375 0.7893333333333334 0.11246093750000004 0.1468194444444445
8 0.721296875 0.36365277777777777 0.0592656250000001 0.07843055555555559
4 0.50684375 0.21293055555555557 0.07124218750000004 0.06776388888888892
4 0.4441484375 0.9246666666666666 0.10199218749999997 0.14705555555555572
4 0.21744531249999993 0.6239027777777777 0.05003125000000006 0.05537500000000001
4 0.46989843750000004 0.8419027777777777 0.021632812500000043 0.07566666666666669
4 0.46180468750000003 0.2963194444444444 0.012367187499999942 0.04481944444444442
4 0.1724453125 0.548375 0.05356249999999996 0.10073611111111107
4 0.2696171875 0.7222361111111111 0.0611328125 0.10194444444444457
7 0.5588046875 0.313125 0.030765625000000085 0.03655555555555555
4 0.5852031249999999 0.40288888888888885 0.01917187499999997 0.05773611111111118
8 0.6780234375 0.3280972222222222 0.0529296875 0.06590277777777777
8 0.5357968750000001 0.16238888888888886 0.04278906249999999 0.059888888888888894
7 0.57228125 0.1396388888888889 0.0244140625 0.0316111111111111
8 0.23504687500000002 0.12716666666666668 0.03993749999999992 0.062166666666666655
4 0.362140625 0.1986388888888889 0.012351562499999958 0.051041666666666666
7 0.8000234374999999 0.3466111111111111 0.035476562499999885 0.03722222222222216
8 0.874015625 0.45425 0.05868749999999991 0.09512500000000002
8 0.7766796874999999 0.1833611111111111 0.04559374999999992 0.06811111111111114
4 0.14847656249999996 0.14240277777777777 0.014554687500000085 0.048680555555555574
4 0.14400781249999994 0.05384722222222223 0.012976562500000099 0.02130555555555556
4 0.18471875000000004 0.03611111111111111 0.0353515625 0.03858333333333334
4 0.15134375000000003 0.019125 0.04441406249999993 0.03130555555555555
8 0.08822656250000005 0.04718055555555555 0.03659375000000011 0.05509722222222223
8 0.04093750000000007 0.04695833333333334 0.0371953125000001 0.07004166666666668
4 0.16930979140625 0.2857331833333333 0.14833353359375 0.2857331833333333 0.1188356703125 0.2936272861111111 0.1086752953125 0.30862608194444446 0.09917042890625 0.3117837236111111 0.0972039046875 0.3386236722222222 0.1086752953125 0.35835893055555557 0.11719690078125 0.3512542375 0.136206634375 0.3244142875 0.18012567421875 0.29915315833333334 0.16930979140625 0.2857331833333333
4 0.15914941640625 0.3417813138888889 0.1922525734375 0.31336254305555555 0.18471423125 0.29520610694444444 0.13882866640625 0.31573077499999996 0.11949117890625001 0.34336013472222227 0.10408673906250002 0.35993774999999995 0.10048144453125 0.3765153666666667 0.1086752953125 0.3915141625 0.125062996875 0.4041447263888889 0.14505599296875 0.38835652083333333 0.15914941640625 0.3417813138888889
4 0.187008509375 0.3188884152777778 0.1581661546875 0.3354660319444444 0.14440048515624998 0.37177890555555554 0.14898904140625 0.3954612138888889 0.1627547109375 0.41440705972222225 0.20569048906249998 0.3851988791666666 0.196185621875 0.3196778263888889 0.187008509375 0.3188884152777778
4 0.173640625 0.4428888888888889 0.016398437499999828 0.07288888888888892
4 0.650859375 0.28020833333333334 0.016757812500000035 0.02847222222222222
4 0.7984375 0.32772222222222225 0.018296875000000056 0.0336527777777778
4 0.5603359375 0.2919305555555555 0.01853125000000002 0.02830555555555555
7 0.14797656250000008 0.06949999999999999 0.019156249999999986 0.029180555555555564
4 0.5747109375 0.12434722222222222 0.014328124999999936 0.024541666666666687