8 0.32839843750000003 0.17901388888888886 0.04227343750000001 0.060180555555555536
4 0.32071875 0.7602083333333334 0.08267968750000003 0.12370833333333324
4 0.5719375 0.5815694444444445 0.04600000000000008 0.11277777777777784
4 0.6883125 0.6417638888888889 0.09016406250000006 0.16340277777777776
4 0.26849218750000003 0.2257638888888889 0.07590624999999998 0.0668611111111111
4 0.492578125 0.6311944444444444 0.09889843749999994 0.14773611111111112
4 0.41584374999999996 0.8346527777777778 0.11051562500000003 0.13394444444444453
4 0.645046875 0.5322916666666667 0.0898515625 0.10252777777777769
4 0.7904609375 0.08391666666666667 0.06826562500000008 0.08416666666666665
4 0.6309375 0.7884583333333334 0.11252343749999998 0.14326388888888902
4 0.3822109375 0.7132361111111111 0.10028906249999996 0.14029166666666665
7 0.2699921875 0.4284166666666666 0.03485156250000001 0.053194444444444385
4 0.4314296875 0.66625 0.09649218749999999 0.1345833333333333
4 0.8271015625 0.36606944444444445 0.05270312500000003 0.09145833333333336
4 0.8598046874999999 0.07793055555555556 0.04482031249999992 0.04722222222222222
4 0.55371875 0.9243194444444445 0.11486718749999998 0.15134722222222227
4 0.2999375 0.8691805555555555 0.07945312500000004 0.14737499999999987
4 0.8555781250000001 0.3550138888888889 0.08332031250000008 0.10254166666666668
4 0.4490390625 0.24706944444444442 0.07415625000000006 0.06990277777777776
7 0.44630468749999996 0.27718055555555554 0.025890625000000077 0.040833333333333305
4 0.0198671875 0.28255555555555556 0.039734375 0.051972222222222246
4 0.43521875000000004 0.17773611111111112 0.05982031249999995 0.04462499999999999
7 0.2663515625 0.3677361111111111 0.040718750000000005 0.03736111111111108
4 0.85746875 0.3157638888888889 0.0862187500000001 0.0657777777777778
4 0.8553906250000001 0.4991388888888889 0.030140624999999942 0.032625000000000015
7 0.7119921875 0.17170833333333332 0.019687500000000035 0.0340138888888889
4 0.6999296875 0.7952638888888889 0.047835937500000016 0.07913888888888891
4 0.8256171875 0.5373333333333333 0.04564062500000006 0.04976388888888895
7 0.18722656249999997 0.4098888888888889 0.041874999999999996 0.045083333333333385
4 0.8121171875 0.5769444444444444 0.033164062499999945 0.042638888888888955
4 0.3637265625 0.94825 0.09708593750000002 0.10349999999999998
7 0.9692187499999999 0.05279166666666667 0.01732812499999987 0.02773611111111111
7 0.5230937499999999 0.2768333333333333 0.029289062500000008 0.03497222222222223
4 0.8296015625000001 0.1598333333333333 0.017421875000000142 0.05120833333333332
4 0.7268359375 0.7225833333333334 0.06699999999999999 0.08552777777777776
4 0.602265625 0.982625 0.06235937499999995 0.0347361111111111
7 0.7314453125 0.07122222222222223 0.012484375000000015 0.037125
7 0.4333984375 0.14954166666666666 0.024242187499999977 0.024319444444444432
4 0.23609375 0.4215694444444444 0.01755468750000002 0.0689027777777778
4 0.7850234374999999 0.6193472222222223 0.05273437499999991 0.05920833333333333
4 0.752875 0.666625 0.06896874999999998 0.06616666666666665
4 0.7798437500000001 0.6233472222222223 0.019539062499999992 0.05654166666666672
4 0.26949999999999996 0.34515277777777775 0.011468749999999962 0.03913888888888886
4 0.27603125 0.40700000000000003 0.017921875000000042 0.03834722222222224
4 0.497046875 0.31363888888888886 0.012843750000000043 0.061041666666666654
4 0.5246875 0.2579444444444444 0.011625000000000085 0.030833333333333317
4 0.7198046875 0.15041666666666667 0.008828124999999964 0.029458333333333343
4 0.57740625 0.17766666666666667 0.053359374999999966 0.060458333333333336
4 0.18853124999999998 0.3824305555555556 0.017195312499999994 0.04905555555555562
6 0.48012499999999997 0.09794444444444445 0.06570312499999993 0.06981944444444446
7 0.360953125 0.14990277777777777 0.020695312500000007 0.0433888888888889
4 0.3157421875 0.13120833333333334 0.01200000000000001 0.04873611111111112
8 0.80375 0.020763888888888887 0.02793750000000008 0.041527777777777775
4 0.828921875 0.02686111111111111 0.04829687500000013 0.023694444444444438
4 0.8835312500000001 0.012083333333333333 0.047296874999999974 0.024166666666666666
4 0.9665234375 0.08209722222222222 0.01476562500000007 0.04108333333333334
4 0.9872578125 0.06313888888888888 0.0102421875000001 0.043333333333333335
4 0.995109375 0.06445833333333333 0.009109374999999887 0.04858333333333332
4 0.536109375 0.11652777777777779 0.05178124999999998 0.043875000000000004
7 0.45893750000000005 0.15743055555555555 0.025046874999999958 0.027583333333333352
4 0.38490625 0.07955555555555556 0.013312499999999972 0.030722222222222227
4 0.44945312499999995 0.2592083333333333 0.010539062500000007 0.03962499999999996
4 0.40915625 0.19669444444444445 0.01414062499999993 0.03343055555555555
4 0.4303828125 0.13830555555555554 0.013437500000000036 0.02734722222222222
4 0.456640625 0.14530555555555555 0.02019531249999993 0.02449999999999998