4 0.5717031250000001 0.36541666666666667 0.07066145833333337 0.07975925925925925
4 0.08440104166666668 0.6146018518518518 0.16880208333333335 0.21677777777777768
4 0.5169583333333333 0.29365740740740737 0.05983854166666666 0.058166666666666714
8 0.7316197916666667 0.42907407407407405 0.07887500000000003 0.13715740740740734
7 0.40800000000000003 0.48969444444444443 0.03484375000000005 0.05787037037037037
8 0.6576197916666667 0.3675185185185185 0.04292187499999992 0.10830555555555559
8 0.19804166666666667 0.32160185185185186 0.044333333333333336 0.07772222222222216
4 0.06328125 0.44313888888888886 0.12426041666666669 0.12215740740740737
4 0.145390625 0.40255555555555556 0.09327604166666668 0.09749999999999996
8 0.66415625 0.3219722222222222 0.04379166666666663 0.07783333333333328
4 0.7464479166666667 0.2400648148148148 0.0399166666666666 0.0439351851851852
4 0.36670833333333336 0.22849999999999998 0.015437500000000052 0.03517592592592591
4 0.86159375 0.23241666666666666 0.042703124999999884 0.03505555555555557
4 0.07113020833333333 0.28805555555555556 0.050302083333333324 0.045638888888888854
4 0.5049427083333333 0.24662962962962964 0.04501562500000003 0.03491666666666667
4 0.9389114583333333 0.21458333333333332 0.04001041666666675 0.03913888888888887
4 0.8154635416666667 0.22739814814814813 0.04084375000000004 0.026268518518518497
4 0.4088541666666667 0.4331296296296296 0.024885416666666653 0.05555555555555555
4 0.11516145833333334 0.3132685185185185 0.026619791666666674 0.054527777777777765
4 0.382234375 0.22582407407407407 0.021411458333333282 0.03806481481481483
4 0.4652760416666667 0.2824074074074074 0.05439583333333336 0.048351851851851875
4 0.204125 0.23967592592592596 0.04046354166666664 0.029203703703703697
4 0.2892604166666667 0.24430555555555558 0.010416666666666666 0.04273148148148146