7 0.6828906250000001 0.5796944444444445 0.06957291666666662 0.0859629629629629
8 0.8024010416666667 0.32062037037037033 0.03902083333333337 0.071712962962963
4 0.28810937500000006 0.24276851851851852 0.03263020833333338 0.045092592592592635
4 0.6955364583333332 0.2613240740740741 0.050197916666666724 0.03642592592592596
7 0.30555729166666673 0.3033796296296296 0.024130208333333295 0.031166666666666638
4 0.9402708333333333 0.46033333333333337 0.1194583333333334 0.15658333333333335
4 0.14276562499999995 0.2305277777777778 0.04550000000000007 0.03682407407407406
8 0.4450677083333333 0.3388425925925926 0.05079166666666666 0.0912407407407407
4 0.6313489583333334 0.22417592592592595 0.017583333333333447 0.034583333333333355
4 0.846390625 0.4038703703703704 0.0912447916666667 0.10165740740740738
4 0.18798437500000004 0.23299074074074075 0.03936458333333329 0.04130555555555557
4 0.878015625 0.3106203703703704 0.038223958333333266 0.044037037037036986
4 0.9283229166666668 0.2878611111111111 0.04481770833333343 0.03955555555555558
4 0.24180729166666665 0.22012962962962965 0.0321197916666667 0.04113888888888884
4 0.2241666666666667 0.24238888888888888 0.028255208333333334 0.04125925925925921
4 0.6907552083333334 0.5092592592592593 0.044270833333333336 0.07175925925925926
8 0.8312864583333333 0.27049999999999996 0.030880208333333315 0.04894444444444446
4 0.7658125000000001 0.3029074074074074 0.018229166666666668 0.056879629629629586
4 0.7961302083333333 0.24008333333333334 0.04092187500000009 0.03042592592592594
4 0.6173750000000001 0.22519444444444447 0.024182291666666817 0.032407407407407406
4 0.5347864583333333 0.2787685185185185 0.05840625000000017 0.04827777777777777
4 0.4949791666666667 0.24669444444444444 0.045760416666666616 0.03571296296296301
4 0.30654687499999994 0.2748055555555556 0.015625 0.027120370370370336
4 0.3078489583333333 0.24173148148148146 0.010046874999999981 0.0429907407407407
4 0.4261510416666667 0.23908333333333331 0.045760416666666734 0.036379629629629595
4 0.06826562499999997 0.26289814814814816 0.0718020833333334 0.03373148148148143