4 0.5774843749999999 0.6539351851851852 0.04725520833333334 0.2199074074074074
4 0.6260416666666667 0.7087962962962963 0.05113020833333337 0.11388888888888889
4 0.38578645833333336 0.36689814814814814 0.03365624999999994 0.05324074074074074
4 0.4873333333333333 0.39814814814814814 0.02840624999999998 0.05092592592592592
4 0.9530625 0.5364629629629629 0.03799479166666657 0.08449074074074074
4 0.47685937500000003 0.2619074074074074 0.014755208333333296 0.06613888888888893
4 0.3897291666666666 0.2916666666666667 0.015531249999999967 0.027777777777777776
4 0.18447916666666667 0.20956481481481481 0.01100520833333333 0.04348148148148146
4 0.15195833333333333 0.20862037037037037 0.00873437499999999 0.0467037037037037
4 0.528609375 0.30200000000000005 0.01204166666666667 0.05374074074074071
4 0.0621875 0.22378703703703703 0.019119791666666663 0.02331481481481482
7 0.07203125 0.2519814814814815 0.03936458333333333 0.027777777777777776
7 0.37852604166666665 0.41071296296296295 0.01693229166666666 0.03571296296296301
7 0.4960625 0.45172222222222225 0.019864583333333387 0.03836111111111107
7 0.6298854166666668 0.8512777777777778 0.058296874999999915 0.15393518518518517
4 0.041890625 0.19589814814814815 0.03644270833333333 0.037611111111111116
4 0.08582812499999999 0.2013888888888889 0.02991145833333334 0.03009259259259259
4 0.12538020833333333 0.20342592592592593 0.030875000000000017 0.03879629629629627
4 0.22057291666666667 0.21846296296296297 0.05134895833333335 0.037611111111111116
4 0.278015625 0.21094444444444443 0.04253645833333334 0.0352962962962963
4 0.09070833333333334 0.17072222222222222 0.03642708333333333 0.019675925925925927
4 0.3914375 0.20197222222222222 0.04282291666666668 0.019675925925925927
4 0.27622395833333335 0.2824074074074074 0.046765624999999984 0.037037037037037035
4 0.323578125 0.2621574074074074 0.08482812499999995 0.05439814814814815
4 0.4065729166666667 0.2818333333333333 0.038583333333333296 0.04513888888888889
4 0.4443229166666667 0.3156851851851852 0.052890624999999976 0.06770370370370371
4 0.39534375 0.3287037037037037 0.053885416666666686 0.04861111111111111
4 0.4230625 0.41375925925925927 0.07871874999999993 0.12844444444444447
4 0.4667760416666667 0.54225 0.11992708333333332 0.22916666666666666
4 0.5356145833333333 0.41087962962962965 0.05904166666666667 0.09490740740740741
4 0.5733697916666666 0.48553703703703704 0.05642187499999996 0.11689814814814815
6 0.29244791666666664 0.4399444444444444 0.13928125000000005 0.3053148148148148
4 0.5618177083333333 0.33912037037037035 0.07171874999999997 0.06944444444444445
4 0.7092916666666667 0.4664351851851852 0.14809375000000008 0.16666666666666666
4 0.12309895833333334 0.6264722222222222 0.23293229166666668 0.21402777777777787
4 0.414015625 0.8277777777777777 0.373421875 0.2962962962962963
4 0.7675416666666667 0.7123888888888888 0.17606770833333343 0.3159722222222222
4 0.8423958333333333 0.5653888888888889 0.17213020833333323 0.1423611111111111
4 0.8358958333333334 0.44328703703703703 0.16041145833333323 0.11574074074074074
4 0.9452239583333333 0.6817129629629629 0.10825000000000008 0.20833333333333334
4 0.653640625 0.35387962962962966 0.08432812499999992 0.07233333333333333
4 0.5695572916666667 0.28218518518518515 0.06575520833333333 0.04664814814814815
4 0.5970156249999999 0.31539814814814815 0.04269270833333323 0.0625
4 0.6962760416666666 0.2119814814814815 0.05186979166666674 0.037925925925925905
8 0.4951875 0.3361296296296296 0.05332812500000005 0.06615740740740746
8 0.358328125 0.30710185185185185 0.040687499999999946 0.07407407407407407
8 0.36641666666666667 0.24074074074074073 0.0297239583333333 0.05247222222222221
8 0.40780208333333334 0.2386111111111111 0.03198958333333337 0.04937962962962964
8 0.33570833333333333 0.2222222222222222 0.02865624999999999 0.031638888888888876
8 0.31281770833333333 0.2151759259259259 0.02606249999999998 0.026435185185185197