4 0.8639739583333333 0.8248425925925927 0.2685156250000001 0.3178981481481481
4 0.49511979166666664 0.8854166666666666 0.2848697916666667 0.22916666666666666
4 0.425546875 0.6603796296296297 0.15837499999999996 0.31216666666666654
4 0.1941770833333333 0.7449814814814815 0.3407187499999999 0.30324074074074076
4 0.3779322916666667 0.5443148148148148 0.04528645833333324 0.08465740740740747
8 0.5084895833333333 0.5133888888888889 0.07062499999999995 0.17493518518518525
4 0.6483437500000001 0.5244722222222222 0.09447916666666671 0.17394444444444435
8 0.33237500000000003 0.5162037037037037 0.1051458333333334 0.17592592592592593
4 0.17484895833333336 0.5497685185185185 0.125921875 0.1087962962962963
4 0.2749635416666667 0.4479166666666667 0.1210208333333334 0.1412037037037037
4 0.157140625 0.45023148148148145 0.13216145833333334 0.10972222222222222
4 0.051656250000000035 0.534074074074074 0.10330729166666662 0.10232407407407407
4 0.10545833333333335 0.5748518518518518 0.036062499999999886 0.09359259259259252
6 0.9392395833333332 0.21764814814814815 0.06849479166666654 0.07793518518518515
4 0.6555520833333333 0.30112037037037037 0.0538489583333335 0.101462962962963
4 0.68646875 0.2496111111111111 0.06362499999999992 0.046296296296296294
4 0.822140625 0.21643518518518517 0.05977083333333321 0.05324074074074074
4 0.8644427083333334 0.20203703703703701 0.03099479166666678 0.032
8 0.6291666666666667 0.24395370370370373 0.039453125 0.059879629629629595
8 0.5927916666666666 0.24051851851851852 0.03401041666666676 0.0665833333333333
8 0.5393489583333333 0.2655092592592593 0.046442708333333374 0.07512037037037037
4 0.5392552083333333 0.26851851851851855 0.010244791666666704 0.06084259259259263
4 0.4738489583333333 0.3761574074074074 0.02044791666666678 0.10019444444444447
4 0.48217187499999997 0.30625 0.024171875000000044 0.04327777777777778
7 0.48206249999999995 0.3353148148148148 0.010968749999999972 0.027777777777777776
7 0.5641770833333334 0.5066111111111111 0.03629166666666658 0.08730555555555553
7 0.6329114583333334 0.41426851851851854 0.02797395833333335 0.04282407407407408
7 0.6210833333333333 0.3616388888888889 0.020687500000000133 0.0518611111111111
7 0.6020104166666668 0.28582407407407406 0.017177083333333343 0.039888888888888925
7 0.5737083333333334 0.2760740740740741 0.018364583333333448 0.029944444444444475
7 0.7475937500000001 0.2606203703703704 0.012156250000000075 0.03151851851851849
7 0.7582916666666667 0.23471296296296298 0.022885416666666696 0.02263888888888893
7 0.8959583333333333 0.25 0.03194791666666674 0.037037037037037035
4 0.8783489583333334 0.21179629629629632 0.008624999999999971 0.05119444444444441
4 0.6217708333333333 0.3172962962962963 0.017713541666666544 0.04012037037037041
4 0.6394791666666666 0.37113888888888885 0.022708333333333285 0.04463888888888892
4 0.5633229166666667 0.43476851851851855 0.03458854166666659 0.059027777777777776
4 0.49090104166666665 0.2427222222222222 0.02361458333333329 0.04364814814814814
4 0.7365052083333333 0.2325648148148148 0.014000000000000058 0.04729629629629628
4 0.7610052083333334 0.21557407407407406 0.013437500000000095 0.0238888888888889
4 0.7866666666666667 0.23692592592592593 0.008500000000000086 0.037037037037037035
4 0.30600520833333333 0.35250925925925924 0.018401041666666628 0.056879629629629586
4 0.35548437499999996 0.3551574074074074 0.06677604166666669 0.09656481481481478
4 0.40963541666666664 0.33140740740740743 0.06357812500000008 0.08145370370370372
4 0.30258333333333337 0.21617592592592594 0.05485416666666675 0.052907407407407396
4 0.3439739583333334 0.2584722222222222 0.04068229166666673 0.05976851851851848
4 0.69371875 0.20426851851851854 0.02777604166666663 0.03747222222222225