4 0.32108593750000003 0.7595416666666667 0.08145312499999999 0.12429166666666668
4 0.5721093749999999 0.5819027777777778 0.04617968749999992 0.1129583333333334
4 0.3463046875 0.18225 0.0641640625 0.06645833333333334
4 0.687734375 0.6407083333333333 0.09073437500000008 0.16188888888888897
4 0.4162265625 0.8354444444444444 0.11110937500000002 0.1345416666666665
4 0.49196093750000003 0.6318888888888888 0.09924218749999998 0.1472916666666666
4 0.226875 0.16701388888888888 0.069171875 0.04652777777777778
4 0.53778125 0.7866527777777778 0.10106249999999992 0.15084722222222208
4 0.382328125 0.7124861111111112 0.10114843750000002 0.14025
4 0.6441796875 0.5324861111111111 0.08870312499999997 0.10211111111111108
4 0.43149218749999996 0.6657083333333333 0.09646093750000002 0.13383333333333336
4 0.630875 0.7883194444444445 0.11324218750000004 0.14562499999999987
4 0.7845703125 0.6233888888888889 0.052976562499999956 0.0584444444444445
7 0.87475 0.101125 0.019437500000000087 0.027986111111111118
7 0.9262109374999999 0.10962500000000001 0.018062499999999915 0.0472361111111111
7 0.22668750000000001 0.2534166666666667 0.04368749999999997 0.031930555555555566
4 0.5531953125 0.9286527777777778 0.1143593749999999 0.14158333333333342
7 0.5061953124999999 0.1671111111111111 0.027296875000000043 0.024625000000000005
7 0.7636640625 0.14630555555555555 0.02338281250000005 0.026819444444444448
4 0.85540625 0.357875 0.08112500000000011 0.08488888888888889
4 0.723515625 0.12880555555555556 0.055445312500000024 0.05434722222222221
4 0.30071875000000003 0.8716250000000001 0.08382031249999997 0.14137499999999995
4 0.858859375 0.3163888888888889 0.0796875 0.06179166666666668
4 0.8283671874999999 0.36616666666666664 0.0505859375 0.08973611111111113
4 0.6991953125 0.7952638888888889 0.04733593749999994 0.08123611111111112
4 0.1401484375 0.4567361111111111 0.024429687499999984 0.0632777777777777
4 0.7813984375 0.19954166666666664 0.02396875000000005 0.042819444444444424
4 0.73175 0.7204722222222222 0.07277343750000007 0.08727777777777775
4 0.870703125 0.0125 0.03984375 0.025
8 0.43121093750000006 0.2713888888888889 0.045632812500000064 0.0694166666666667
7 0.3455625 0.13106944444444446 0.022296874999999973 0.021916666666666668
8 0.45340625 0.2867361111111111 0.04207031249999993 0.06765277777777776
4 0.7873046875 0.06797222222222223 0.012656250000000036 0.04213888888888889
4 0.22523437500000001 0.22644444444444442 0.021132812499999966 0.0342222222222222
4 0.503140625 0.14681944444444445 0.020031250000000077 0.0287638888888889
4 0.765140625 0.12922222222222224 0.015578125000000043 0.027277777777777797
4 0.877703125 0.08134722222222222 0.0135859374999999 0.029763888888888878
4 0.9290625 0.09945833333333333 0.013054687500000028 0.03026388888888888
4 0.8257421875000001 0.5505833333333333 0.05006249999999994 0.08476388888888885