4 0.320578125 0.7594583333333332 0.08560156250000003 0.12206944444444451
4 0.5720703125 0.5813055555555556 0.04700781250000006 0.11211111111111115
4 0.687859375 0.6407777777777778 0.09006249999999998 0.16000000000000006
4 0.4158203125 0.8342916666666668 0.10963281249999998 0.13294444444444448
7 0.9024765625000001 0.07922222222222222 0.018687500000000058 0.026930555555555555
4 0.49312500000000004 0.6309027777777778 0.09769531249999996 0.13983333333333342
7 0.23025781250000002 0.3995277777777778 0.041671875000000025 0.03777777777777784
4 0.4241484375 0.271875 0.07696093749999999 0.06945833333333332
4 0.6448046875 0.5326805555555555 0.08889062499999997 0.10081944444444449
4 0.38200781250000004 0.7126527777777778 0.10046093749999999 0.1398055555555556
4 0.63103125 0.7875555555555555 0.11127343750000004 0.14456944444444433
4 0.43121093750000006 0.6661666666666667 0.09469531250000003 0.13512499999999994
8 0.9404843749999999 0.03888888888888889 0.038406249999999885 0.05022222222222222
4 0.29986718749999997 0.8701111111111112 0.08410937499999997 0.1517916666666666
4 0.5530859375 0.9240138888888888 0.11603906249999998 0.15194444444444458
7 0.301171875 0.36533333333333334 0.04411718750000002 0.04376388888888887
4 0.7852187500000001 0.6225833333333333 0.053085937500000034 0.057097222222222244
4 0.8560390625000001 0.3554583333333333 0.08207812499999996 0.09899999999999996
7 0.4862578125 0.15675 0.024351562500000055 0.025541666666666688
4 0.2260234375 0.16783333333333333 0.07222656250000001 0.050347222222222224
8 0.7538359375 0.10572222222222223 0.041593750000000006 0.05723611111111112
8 0.40853124999999996 0.14929166666666666 0.040507812499999976 0.04893055555555554
4 0.6997265625 0.7955 0.047867187499999984 0.07991666666666662
4 0.8589687500000001 0.3150833333333333 0.08258593750000003 0.06148611111111109
7 0.8224218750000001 0.08256944444444445 0.020656250000000043 0.02805555555555555
4 0.826046875 0.3639861111111111 0.05091406250000006 0.08916666666666669
7 0.8146171875 0.027305555555555555 0.012796875000000086 0.03859722222222222
7 0.420296875 0.32734722222222223 0.03258593750000003 0.03277777777777781
8 0.8739140624999999 0.11065277777777778 0.035882812499999875 0.06080555555555556
7 0.40658593749999994 0.19401388888888887 0.035218749999999986 0.029055555555555578
4 0.8248203125 0.5381666666666667 0.0469609375000001 0.05720833333333341
4 0.732 0.7195833333333334 0.07122656250000006 0.08526388888888894
7 0.5252343749999999 0.20130555555555554 0.021812500000000058 0.02876388888888886
4 0.81484375 0.5762777777777778 0.03510156249999996 0.04375
4 0.8203984375 0.22631944444444443 0.019804687499999928 0.034722222222222224
4 0.23304687500000001 0.36963888888888885 0.024085937500000033 0.032194444444444414
4 0.298734375 0.3424861111111111 0.026898437499999962 0.03598611111111115
4 0.23145312499999998 0.2575694444444444 0.018046875000000018 0.05429166666666671
4 0.3697421875 0.3828888888888889 0.024742187499999967 0.07133333333333335
4 0.2486875 0.1654027777777778 0.013445312500000028 0.053027777777777785
4 0.40437500000000004 0.17266666666666666 0.021554687499999982 0.028402777777777763
4 0.4255234375 0.2967222222222222 0.016984375000000006 0.03283333333333331
4 0.4530390625 0.274625 0.016617187499999984 0.03156944444444447
4 0.5261796875 0.17740277777777777 0.015882812499999944 0.02524999999999999
4 0.4873046875 0.1388888888888889 0.015539062500000079 0.023986111111111125
4 0.825734375 0.06376388888888888 0.01414062499999993 0.021458333333333336
4 0.796796875 0.03819444444444445 0.012374999999999936 0.03598611111111111
4 0.9081015625 0.058708333333333335 0.013398437500000072 0.016416666666666677