4 0.3367760416666667 0.3458703703703704 0.050369791666666684 0.08574074074074076
4 0.3950052083333333 0.4038611111111111 0.0634583333333333 0.11245370370370375
4 0.3155677083333333 0.25037037037037035 0.06868229166666673 0.057675925925925915
4 0.5488802083333333 0.32972222222222225 0.0760833333333333 0.059981481481481455
4 0.620671875 0.3247777777777778 0.0643645833333333 0.07405555555555557
4 0.2667395833333333 0.2717222222222222 0.0453125 0.0614166666666667
6 0.19913020833333334 0.22372222222222224 0.04197916666666668 0.056777777777777795
4 0.051265625 0.19800925925925925 0.047072916666666666 0.036870370370370366
4 0.6902760416666667 0.35430555555555554 0.02138541666666664 0.05022222222222223
6 0.6859375 0.6699074074074074 0.5104166666666666 0.6601851851851852
8 0.4365572916666667 0.33217592592592593 0.049260416666666626 0.09953703703703703
8 0.48540625 0.31156481481481485 0.03882812499999998 0.05787037037037037
8 0.46129166666666666 0.25462962962962965 0.0466458333333333 0.05555555555555555
8 0.37667187500000004 0.2465277777777778 0.04667708333333328 0.07175925925925926
8 0.40903645833333335 0.24129629629629631 0.03717708333333327 0.05964814814814814
8 0.2288125 0.22654629629629625 0.04094791666666667 0.05739814814814813
4 0.11016666666666668 0.20039814814814816 0.03413020833333335 0.03505555555555557
4 0.15656250000000002 0.20816666666666667 0.03579687500000001 0.04133333333333332
4 0.09611458333333331 0.7430555555555556 0.18868229166666667 0.24537037037037038
4 0.032552083333333336 0.8671296296296296 0.06510416666666667 0.2657407407407407
4 0.31678125 0.5567129629629629 0.09096354166666672 0.2013888888888889
4 0.3603854166666667 0.7303240740740741 0.1755677083333333 0.30324074074074076
8 0.31286458333333333 0.8761574074074074 0.21594270833333337 0.24768518518518517
4 0.27811979166666667 0.21350925925925926 0.04228645833333336 0.04521296296296295
7 0.3089791666666667 0.33101851851851855 0.0128541666666667 0.05555555555555555
7 0.3591302083333333 0.3138703703703704 0.022531249999999996 0.03812962962962958
4 0.8327395833333333 0.4556296296296296 0.16020312500000009 0.11930555555555558
4 0.947265625 0.6898148148148148 0.10035937500000003 0.21296296296296297
4 0.9454583333333333 0.5362592592592592 0.10907812499999991 0.08952777777777783
4 0.3040260416666667 0.2900648148148148 0.020473958333333306 0.03346296296296295
4 0.3464010416666667 0.2851666666666667 0.025161458333333307 0.029379629629629648
4 0.6427656249999999 0.3567962962962963 0.07293229166666677 0.08468518518518522