6 0.5985989583333333 0.44907407407407407 0.1508020833333333 0.4444444444444444
6 0.7365989583333333 0.20023148148148148 0.1430572916666667 0.08564814814814815
6 0.6103177083333333 0.2048611111111111 0.10395312500000008 0.07175925925925926
4 0.33276562500000006 0.6313518518518518 0.2643958333333333 0.21892592592592597
4 0.7465104166666666 0.8425925925925926 0.37478124999999995 0.3148148148148148
4 0.9520468750000001 0.7280092592592593 0.08976041666666675 0.2337962962962963
4 0.29065104166666667 0.4570740740740741 0.14761458333333338 0.13678703703703704
4 0.15449479166666671 0.4511759259259259 0.14059375000000002 0.11152777777777782
4 0.15730208333333331 0.5922685185185185 0.16892187499999997 0.19047222222222226
4 0.10259375000000001 0.6238425925925926 0.049088541666666666 0.20601851851851852
4 0.05243750000000003 0.5332777777777779 0.10486458333333341 0.09251851851851858
4 0.05397916666666672 0.6963425925925926 0.107953125 0.23148148148148148
8 0.8296770833333333 0.4525462962962963 0.12616666666666657 0.16898148148148148
4 0.7245729166666666 0.39078703703703704 0.05133333333333331 0.06565740740740737
7 0.7267916666666667 0.4366666666666667 0.0651614583333334 0.05594444444444441
4 0.6977083333333333 0.3080833333333334 0.02268229166666676 0.05092592592592592
4 0.2861510416666667 0.3645833333333333 0.028328124999999933 0.04398148148148148
4 0.47361458333333334 0.30092592592592593 0.012770833333333323 0.04398148148148148
4 0.5030781249999999 0.2517407407407407 0.01420833333333332 0.056712962962962965
4 0.4070729166666666 0.30092592592592593 0.06168750000000003 0.046296296296296294
4 0.4490572916666667 0.3454907407407407 0.048031249999999893 0.08217592592592593
8 0.39470833333333327 0.3721111111111111 0.05386458333333337 0.11921296296296297
4 0.33612499999999995 0.35185185185185186 0.0590572916666666 0.0625
4 0.3032239583333334 0.20767592592592593 0.06105208333333323 0.029092592592592607
4 0.3422760416666667 0.2534722222222222 0.03763541666666678 0.06018518518518518
4 0.753546875 0.2573148148148148 0.05682812500000007 0.05439814814814815
4 0.7252604166666666 0.29566666666666663 0.058473958333333326 0.0625
4 0.8315989583333334 0.22912037037037036 0.06029166666666678 0.041564814814814804
4 0.8811875 0.25195370370370374 0.05758854166666675 0.042407407407407366
4 0.8380781250000001 0.1973425925925926 0.049942708333333266 0.03587962962962963
6 0.979265625 0.21238888888888888 0.0370937499999999 0.1400462962962963
6 0.924265625 0.19212962962962962 0.07026562499999993 0.06481481481481481