6 0.4014010416666667 0.44907407407407407 0.1508020833333333 0.4444444444444444
6 0.26340104166666667 0.20023148148148148 0.1430572916666667 0.08564814814814815
6 0.3896822916666667 0.2048611111111111 0.10395312499999995 0.07175925925925926
4 0.6672343749999999 0.6313518518518518 0.2643958333333333 0.21892592592592597
4 0.2534895833333333 0.8425925925925926 0.37478125 0.3148148148148148
4 0.047953125 0.7280092592592593 0.08976041666666669 0.2337962962962963
4 0.7093489583333333 0.4570740740740741 0.14761458333333338 0.13678703703703704
4 0.8455052083333333 0.4511759259259259 0.14059375000000002 0.11152777777777782
4 0.8426979166666667 0.5922685185185185 0.16892187499999997 0.19047222222222226
4 0.89740625 0.6238425925925926 0.049088541666666666 0.20601851851851852
4 0.9475625 0.5332777777777779 0.10486458333333341 0.09251851851851858
4 0.9460208333333333 0.6963425925925926 0.107953125 0.23148148148148148
8 0.17032291666666666 0.4525462962962963 0.12616666666666668 0.16898148148148148
4 0.2754270833333334 0.39078703703703704 0.05133333333333331 0.06565740740740737
7 0.27320833333333333 0.4366666666666667 0.06516145833333331 0.05594444444444441
4 0.3022916666666667 0.3080833333333334 0.022682291666666642 0.05092592592592592
4 0.7138489583333333 0.3645833333333333 0.028328124999999933 0.04398148148148148
4 0.5263854166666666 0.30092592592592593 0.012770833333333323 0.04398148148148148
4 0.496921875 0.2517407407407407 0.01420833333333332 0.056712962962962965
4 0.5929270833333333 0.30092592592592593 0.06168750000000003 0.046296296296296294
4 0.5509427083333333 0.3454907407407407 0.048031249999999956 0.08217592592592593
8 0.6052916666666667 0.3721111111111111 0.05386458333333337 0.11921296296296297
4 0.6638750000000001 0.35185185185185186 0.0590572916666666 0.0625
4 0.6967760416666666 0.20767592592592593 0.06105208333333323 0.029092592592592607
4 0.6577239583333333 0.2534722222222222 0.03763541666666678 0.06018518518518518
4 0.246453125 0.2573148148148148 0.05682812500000001 0.05439814814814815
4 0.2747395833333333 0.29566666666666663 0.058473958333333326 0.0625
4 0.16840104166666667 0.22912037037037036 0.06029166666666666 0.041564814814814804
4 0.1188125 0.25195370370370374 0.057588541666666646 0.042407407407407394
4 0.161921875 0.1973425925925926 0.04994270833333333 0.03587962962962963
6 0.020734375000000003 0.21238888888888888 0.03709375 0.1400462962962963
6 0.07573437499999999 0.19212962962962962 0.07026562500000001 0.06481481481481481