6 0.6560833333333334 0.5087592592592592 0.30897916666666675 0.17426851851851854
4 0.09183333333333334 0.8347592592592592 0.18366145833333333 0.31746296296296306
4 0.30142708333333335 0.6423611111111112 0.22096875 0.202712962962963
4 0.4724375 0.7298425925925927 0.23484374999999993 0.22352777777777785
4 0.5541666666666667 0.8606481481481482 0.340625 0.27870370370370373
4 0.2821979166666667 0.2700092592592593 0.06345312499999999 0.047287037037037086
4 0.050921875 0.4596574074074074 0.10184375 0.15542592592592594
4 0.14754687500000002 0.4002962962962963 0.08767187500000002 0.08962037037037034
4 0.1460625 0.3292037037037037 0.05420312500000001 0.05456481481481477
8 0.20018229166666668 0.3207685185185185 0.0407864583333333 0.07209259259259261
4 0.15033854166666666 0.28108333333333335 0.015895833333333324 0.04364814814814814
4 0.12792708333333333 0.46346296296296297 0.028734374999999993 0.11077777777777777
4 0.335171875 0.42068518518518516 0.028890625000000014 0.06040740740740742
7 0.342171875 0.4837962962962963 0.058406250000000055 0.06018518518518518
4 0.628859375 0.3758240740740741 0.052531250000000064 0.0863055555555556
4 0.6588020833333333 0.3325092592592593 0.0171875 0.05389814814814818
4 0.6953437499999999 0.396 0.022567708333333294 0.06977777777777779
4 0.467796875 0.2820740740740741 0.05930208333333328 0.05489814814814811
4 0.5183854166666666 0.2929907407407408 0.061499999999999964 0.058861111111111156
4 0.910484375 0.6893148148148148 0.1790312499999999 0.21197222222222228
4 0.7854479166666667 0.5717592592592593 0.03871354166666663 0.19907407407407407
8 0.9428541666666667 0.5076018518518519 0.1142916666666667 0.1574074074074074
8 0.716 0.24581481481481482 0.041843750000000075 0.05252777777777779
4 0.8466875 0.2511574074074074 0.061015625000000046 0.051462962962962974
4 0.79090625 0.2403888888888889 0.06746354166666677 0.04380555555555553
4 0.5893958333333333 0.28637962962962965 0.015255208333333315 0.06163888888888894
4 0.6270260416666668 0.2474537037037037 0.011682291666666582 0.040703703703703714
7 0.6443697916666667 0.29259259259259257 0.027583333333333352 0.02962962962962963
4 0.6441770833333333 0.26587037037037037 0.014005208333333267 0.029101851851851806
4 0.06875520833333333 0.29000925925925924 0.010755208333333328 0.053574074074074086