4 0.10470312499999998 0.3340740740740741 0.14142187499999997 0.21171296296296294
4 0.40846354166666665 0.22899074074074074 0.2570833333333333 0.2464629629629629
4 0.89446875 0.13814814814814813 0.21105729166666667 0.2163796296296296
4 0.5309895833333333 0.35880555555555554 0.23229166666666667 0.25075
7 0.18619270833333335 0.5096203703703703 0.05101562500000002 0.1673981481481481
7 0.07384895833333333 0.5991388888888889 0.04398437499999999 0.17628703703703713
7 0.11290104166666667 0.5691759259259259 0.04396875000000001 0.16961111111111116
7 0.14650520833333333 0.5209814814814815 0.04508854166666669 0.1646481481481481
7 0.23926041666666667 0.4800277777777777 0.04829687500000001 0.16837962962962955
7 0.28232291666666665 0.4641574074074074 0.04458854166666661 0.15747222222222226
7 0.338234375 0.4462407407407407 0.058749999999999976 0.16330555555555556
7 0.38501562500000003 0.4141018518518519 0.04815104166666669 0.15228703703703705
7 0.911968696875 0.5438890648148148 0.8205769854166667 0.6099537037037037 0.8013429171875 0.6510306648148148 0.8151711395833333 0.6959143074074073 0.9274237692708333 0.585876988888889 0.911968696875 0.5438890648148148
7 0.8485717770833333 0.6736111111111112 0.7964623677083333 0.711840762037037 0.8704840296874999 0.9217803833333333 0.9070881479166667 0.8841360370370371 0.9087149979166667 0.8001601888888888 0.8485717770833333 0.6736111111111112
7 0.9079015729166666 0.8030559074074074 0.9404385666666666 0.7813380157407407 0.87266031875 0.6550925925925926 0.844454434375 0.6799878537037037 0.9079015729166666 0.8030559074074074
7 0.9396251421875 0.7856815944444444 0.9680950119791666 0.7639637018518518 0.8924465005208333 0.6365520703703703 0.877804853125 0.6640614 0.9396251421875 0.7856815944444444
7 0.9721621359375 0.7726508592592592 0.99981858125 0.7422458101851852 0.9241700697916666 0.6032513027777777 0.8981404744791667 0.6365520703703703 0.9721621359375 0.7726508592592592
7 0.9941246072916667 0.7509329675925926 0.9981917312499999 0.6872271509259259 0.95469156875 0.5925925925925926 0.9323043182291666 0.6264170537037037 0.9941246072916667 0.7509329675925926
7 0.6785038864583334 0.35807750092592594 0.7088717473958333 0.33684222870370367 0.6644045223958333 0.18240388703703703 0.6503051583333334 0.2306658685185185 0.6785038864583334 0.35807750092592594
7 0.6843804255208333 0.15586419722222222 0.6654890885416667 0.1978477212962963 0.7142945796875 0.33684222870370367 0.7338167765625 0.3175374361111111 0.7240556781249999 0.2557620990740741 0.6843804255208333 0.15586419722222222
7 0.7233868515625 0.14598882777777777 0.700972478125 0.18974635833333334 0.7566468901041666 0.31973196296296297 0.7776151755208333 0.29270525277777776 0.7602621119791666 0.22320799907407407 0.7233868515625 0.14598882777777777
7 0.7560221354166666 0.14403292222222222 0.7378477380208334 0.1755895101851852 0.7877377958333334 0.3030011425925926 0.8079830364583334 0.2785484046296296 0.7841225739583333 0.20390320648148147 0.7560221354166666 0.14403292222222222
7 0.8139547864583334 0.2832910861111111 0.837381421875 0.2473841712962963 0.7892266708333333 0.10723137592592594 0.7710059541666666 0.15472116574074074 0.8139547864583334 0.2832910861111111
4 0.66653125 0.11098148148148147 0.20990625 0.16024074074074074
4 0.3433072916666667 0.11843518518518519 0.04261979166666663 0.132
4 0.24896354166666665 0.1852962962962963 0.05235416666666666 0.1256851851851852
4 0.527 0.1111111111111111 0.02872916666666671 0.14583333333333334
8 0.20942708333333335 0.1175462962962963 0.1474947916666667 0.17027777777777778
4 0.3135833333333334 0.12188888888888888 0.023776041666666713 0.1326574074074074