4 0.40284895833333334 0.30869444444444444 0.055432291666666585 0.07355555555555561
4 0.5928072916666667 0.3754351851851852 0.06806250000000015 0.0988796296296296
4 0.9457135416666667 0.20107407407407407 0.059375 0.036027777777777804
4 0.5960104166666668 0.3104444444444444 0.017640624999999945 0.0316481481481481
4 0.6736458333333334 0.4073333333333333 0.0758697916666667 0.08619444444444448
4 0.7788177083333333 0.21694444444444447 0.05772916666666674 0.03762962962962962
4 0.671984375 0.25207407407407406 0.0392239583333333 0.06229629629629627
4 0.3400572916666667 0.2696851851851852 0.038479166666666724 0.047009259259259244
4 0.17064583333333339 0.4572222222222222 0.14731250000000007 0.12149074074074077
4 0.6580625 0.3309351851851852 0.05281250000000005 0.06259259259259262
4 0.8207708333333333 0.20946296296296296 0.06813541666666652 0.038462962962962984
4 0.5222604166666667 0.3611759259259259 0.021755208333333324 0.045898148148148195
4 0.50775 0.4532407407407407 0.11856250000000006 0.13687962962962957
8 0.8642916666666667 0.46043518518518517 0.11752604166666672 0.18176851851851847
8 0.7096354166666666 0.2541851851851852 0.040927083333333295 0.06887962962962961
8 0.5379166666666666 0.26330555555555557 0.057057291666666524 0.07175925925925926
8 0.6282083333333333 0.24517592592592594 0.04014062499999985 0.0665833333333333
7 0.8978125 0.2358148148148148 0.032015624999999895 0.025925925925925925
7 0.4443229166666666 0.44328703703703703 0.03229166666666667 0.09490740740740741
4 0.4521354166666666 0.39351851851851855 0.016671875000000114 0.06018518518518518
4 0.8895520833333334 0.19791666666666666 0.03766666666666675 0.03935185185185185
8 0.5920833333333333 0.2465277777777778 0.031046875000000067 0.07175925925925926
4 0.5341510416666667 0.2881944444444444 0.0349270833333333 0.0625
4 0.3037239583333334 0.3599537037037037 0.021822916666666713 0.05324074074074074
4 0.45929687499999994 0.3854166666666667 0.07785937499999988 0.1087962962962963
4 0.853125 0.7504814814814814 0.28760416666666655 0.31847222222222227
4 0.4940625 0.8118703703703705 0.27930208333333334 0.3762592592592592
4 0.65653125 0.5995370370370371 0.11308333333333327 0.2037037037037037
4 0.6691302083333334 0.498462962962963 0.22113541666666664 0.1445648148148147
4 0.28420833333333334 0.46875 0.13377604166666662 0.1875
4 0.16248958333333335 0.5856481481481481 0.17669270833333334 0.18518518518518517
4 0.04729166666666664 0.6967592592592593 0.09458333333333328 0.24537037037037038
4 0.04921875 0.5266203703703703 0.07510416666666657 0.09027777777777778
4 0.35509375 0.3571111111111111 0.07831250000000006 0.09132407407407407