4 0.4189453125 0.4067357512953368 0.11962890625 0.17357512953367876
4 0.23974609375 0.7987910189982729 0.2255859375 0.39378238341968913
4 0.3154296875 0.4015544041450777 0.103515625 0.14853195164075994
8 0.21484375 0.5785837651122625 0.10791015625 0.2392055267702936
4 0.13671875 0.5457685664939551 0.05712890625 0.17012089810017272
4 0.40869140625 0.3065630397236615 0.0771484375 0.0846286701208981
4 0.4599609375 0.25906735751295334 0.0458984375 0.0613126079447323
4 0.61669921875 0.21675302245250433 0.0380859375 0.05699481865284974
4 0.75244140625 0.2754749568221071 0.046875 0.07426597582037997
4 0.9833984375 0.47668393782383417 0.033203125 0.09585492227979274
4 0.97509765625 0.3298791018998273 0.0498046875 0.09844559585492228
4 0.91650390625 0.270293609671848 0.04248046875 0.0613126079447323
4 0.89404296875 0.25129533678756477 0.0517578125 0.05872193436960276
4 0.85791015625 0.2504317789291883 0.0126953125 0.06994818652849741
8 0.79248046875 0.23229706390328153 0.0283203125 0.0690846286701209
4 0.96826171875 0.23488773747841105 0.0400390625 0.05008635578583765
4 0.93994140625 0.21243523316062177 0.037109375 0.047495682210708115
4 0.90185546875 0.18566493955094993 0.03173828125 0.03540587219343696
4 0.85205078125 0.20898100172711573 0.04052734375 0.04317789291882556
4 0.76806640625 0.17443868739205526 0.02001953125 0.02936096718480138
4 0.7578125 0.14680483592400692 0.01708984375 0.03454231433506045
4 0.23095703125 0.3791018998272884 0.06884765625 0.06303972366148532
4 0.255859375 0.34628670120898103 0.064453125 0.04058721934369603
4 0.18798828125 0.41364421416234887 0.06787109375 0.07167530224525043
4 0.2177734375 0.3160621761658031 0.04052734375 0.05181347150259067
2 0.71875 0.14248704663212436 0.02587890625 0.05699481865284974
4 0.12939453125 0.459412780656304 0.06640625 0.08721934369602763
4 0.08154296875 0.5 0.05078125 0.11744386873920552
4 0.03955078125 0.48704663212435234 0.05029296875 0.1001727115716753
4 0.52099609375 0.21070811744386875 0.04150390625 0.05094991364421416
4 0.5458984375 0.17962003454231434 0.02001953125 0.03367875647668394
4 0.58251953125 0.15889464594127806 0.017578125 0.025906735751295335
4 0.267578125 0.2918825561312608 0.052734375 0.047495682210708115
4 0.32666015625 0.2392055267702936 0.04345703125 0.04145077720207254
4 0.06787109375 0.40241796200345425 0.052734375 0.05008635578583765
4 0.93505859375 0.37392055267702934 0.01220703125 0.09844559585492228
4 0.9130859375 0.5820379965457686 0.03564453125 0.15975820379965458
4 0.91845703125 0.43523316062176165 0.033203125 0.08549222797927461
7 0.9189453125 0.5 0.0419921875 0.05699481865284974
7 0.56982421875 0.229706390328152 0.01806640625 0.03454231433506045
4 0.81591796875 0.2236614853195164 0.01318359375 0.04922279792746114
4 0.56982421875 0.20207253886010362 0.0126953125 0.025906735751295335
4 0.6015625 0.1770293609671848 0.00830078125 0.04145077720207254
4 0.62109375 0.15544041450777202 0.00732421875 0.03540587219343696
4 0.6474609375 0.15544041450777202 0.0068359375 0.030224525043177894
4 0.6337890625 0.153713298791019 0.0068359375 0.031088082901554404
4 0.94482421875 0.2927461139896373 0.06298828125 0.06217616580310881
4 0.15234375 0.37305699481865284 0.04931640625 0.07426597582037997