4 0.7881510416666667 0.49476851851851855 0.03438020833333345 0.13975000000000007
4 0.16963020833333337 0.4574722222222222 0.1513072916666668 0.11959259259259257
4 0.572203125 0.31625000000000003 0.020968750000000112 0.03266666666666664
4 0.9066354166666667 0.22932407407407404 0.0638854166666666 0.032962962962962986
6 0.7241666666666667 0.27972222222222226 0.0673333333333332 0.08487037037037035
4 0.9265885416666666 0.7507314814814815 0.14682291666666672 0.23703703703703705
4 0.6620208333333333 0.6203703703703703 0.12032812499999987 0.18888888888888888
4 0.693828125 0.46435185185185185 0.09699479166666668 0.15185185185185185
4 0.6003333333333333 0.8511203703703704 0.22773958333333344 0.2977500000000001
4 0.3561979166666667 0.8165925925925925 0.24652604166666664 0.3575555555555556
4 0.19182291666666665 0.6977222222222222 0.28653124999999996 0.24021296296296302
4 0.29946354166666667 0.46270370370370373 0.12784375 0.18466666666666673
4 0.3438697916666667 0.3535277777777778 0.06307291666666662 0.08462037037037036
4 0.0465208333333333 0.7058888888888889 0.0930416666666666 0.23585185185185187
4 0.04533854166666664 0.5300925925925926 0.09067708333333328 0.1388888888888889
4 0.5781510416666666 0.45037037037037037 0.0579010416666667 0.11452777777777783
4 0.30153645833333337 0.2109074074074074 0.059213541666666696 0.028870370370370376
4 0.7832135416666667 0.2156574074074074 0.04370833333333337 0.033777777777777795
4 0.6683125 0.32605555555555554 0.049734374999999886 0.07522222222222223
4 0.8368177083333334 0.20550925925925925 0.0495364583333334 0.0367685185185185
2 0.553125 0.2681851851851852 0.10236979166666677 0.12880555555555556
4 0.6055260416666667 0.3423703703703704 0.022145833333333323 0.04136111111111107
7 0.6057708333333333 0.3927685185185185 0.015401041666666514 0.0566111111111111
7 0.5721145833333333 0.3520185185185185 0.018270833333333295 0.04762037037037033
8 0.6401927083333334 0.378212962962963 0.04853645833333336 0.10564814814814817
8 0.6324583333333335 0.24457407407407405 0.03603645833333336 0.05528703703703707
8 0.6650416666666668 0.23624074074074072 0.031489583333333356 0.055203703703703706
8 0.689390625 0.2220462962962963 0.02733333333333334 0.043212962962962925
8 0.39468229166666663 0.39322222222222225 0.058484374999999984 0.13065740740740742
4 0.44885937499999995 0.2896851851851852 0.010973958333333419 0.05555555555555555
4 0.44104687499999995 0.3068796296296296 0.014692708333333353 0.04232407407407411
4 0.4670833333333333 0.3915370370370371 0.034041666666666734 0.0396851851851852
4 0.4725885416666667 0.44510185185185186 0.03613020833333339 0.06746296296296297
7 0.4689479166666667 0.5189166666666666 0.036270833333333384 0.08545370370370367
4 0.5385572916666667 0.43221296296296297 0.027999999999999876 0.08001851851851847
4 0.9077083333333333 0.1688240740740741 0.03850000000000004 0.02284259259259261
7 0.4388020833333333 0.35582407407407407 0.014723958333333323 0.052907407407407396
4 0.10083854166666661 0.8566203703703703 0.06545833333333324 0.15148148148148138
4 0.05882812500000002 0.8987962962962963 0.0587552083333333 0.15829629629629632
4 0.15681249999999997 0.5616944444444444 0.1811979166666667 0.1337777777777778