4 0.5723281250000001 0.581625 0.04628125000000001 0.11309722222222231
4 0.32159375 0.7592777777777777 0.08443750000000003 0.12198611111111109
4 0.4039140625 0.19368055555555555 0.052648437500000034 0.04229166666666665
4 0.6883828125 0.6406805555555555 0.09035156250000007 0.16104166666666664
4 0.49185156250000006 0.6295000000000001 0.10028124999999992 0.14976388888888895
4 0.416703125 0.8348333333333334 0.11043749999999997 0.1334027777777777
4 0.6450546875 0.5325972222222223 0.08815624999999994 0.10116666666666671
4 0.3821796875 0.7123888888888888 0.10006250000000003 0.14022222222222228
4 0.6310156250000001 0.7881388888888889 0.11271093749999998 0.14462500000000014
4 0.21115625 0.21747222222222223 0.060539062500000004 0.07681944444444445
4 0.4318046875 0.666888888888889 0.09591406249999998 0.13287499999999994
4 0.498546875 0.14176388888888888 0.06480468750000004 0.06102777777777778
4 0.68575 0.22752777777777777 0.010609374999999944 0.053180555555555585
4 0.552734375 0.9236666666666666 0.11596875000000004 0.15266666666666676
7 0.2935078125 0.3524027777777778 0.032367187499999964 0.04245833333333333
7 0.39396875 0.2999861111111111 0.030437500000000027 0.04037499999999999
7 0.266484375 0.43102777777777773 0.03536718749999999 0.04680555555555562
4 0.3004765625 0.8718611111111111 0.08180468750000003 0.14316666666666655
4 0.8272265624999999 0.36594444444444446 0.0506718750000001 0.09069444444444442
7 0.8968828125 0.08504166666666667 0.017703124999999886 0.0285138888888889
4 0.7853828125 0.6232083333333333 0.052359374999999986 0.055958333333333284
7 0.6211562500000001 0.23583333333333334 0.023812500000000014 0.03448611111111109
4 0.82403125 0.077375 0.05174999999999992 0.046347222222222206
4 0.971875 0.02361111111111111 0.0515625 0.04722222222222222
4 0.737140625 0.11795833333333335 0.04771093749999995 0.046000000000000006
4 0.8308515625 0.5345833333333333 0.0463984374999999 0.04973611111111104
4 0.85725 0.35436111111111107 0.08142968750000001 0.09773611111111112
7 0.8056093750000001 0.03984722222222222 0.015578125000000043 0.02077777777777778
4 0.8588046874999999 0.316625 0.08495312499999982 0.06298611111111115
7 0.7498437499999999 0.04904166666666667 0.016257812499999958 0.024694444444444446
7 0.46180468750000003 0.2283611111111111 0.024609375 0.032513888888888925
4 0.700234375 0.7955 0.04787499999999998 0.0797500000000001
7 0.724375 0.151125 0.022078124999999994 0.028388888888888887
7 0.161734375 0.4794305555555555 0.040773437499999995 0.0538472222222222
4 0.81190625 0.5762222222222222 0.033187500000000016 0.03963888888888884
4 0.68896875 0.176875 0.03628125000000004 0.050305555555555534
4 0.23046093750000002 0.17856944444444445 0.07042968749999998 0.05172222222222223
4 0.3637265625 0.9496388888888889 0.10121875000000005 0.1007222222222222
4 0.7320703125 0.7201805555555555 0.07168749999999999 0.08551388888888888
4 0.7696328125 0.013902777777777778 0.025999999999999978 0.027805555555555556
7 0.424796875 0.15143055555555557 0.023593750000000035 0.028638888888888894
8 0.8357187500000001 0.014097222222222223 0.03257812499999986 0.028194444444444446
4 0.855890625 0.49948611111111113 0.026992187500000143 0.03266666666666664
7 0.2417578125 0.18877777777777777 0.029124999999999977 0.029861111111111113
7 0.49362500000000004 0.16284722222222223 0.02365624999999998 0.02556944444444444
4 0.9019140625000001 0.06890277777777777 0.010593749999999957 0.028430555555555553
4 0.8069218749999999 0.02613888888888889 0.009421874999999958 0.028569444444444446
4 0.727890625 0.13690277777777776 0.00890625000000007 0.029027777777777784
4 0.624859375 0.21908333333333335 0.011171874999999965 0.0336527777777778
4 0.48942968750000004 0.14541666666666667 0.009851562499999921 0.03447222222222221
4 0.46571875 0.20887499999999998 0.010109375000000042 0.03493055555555553
4 0.3977421875 0.28043055555555557 0.012664062500000028 0.039444444444444414
4 0.423203125 0.1356527777777778 0.00890625000000007 0.032305555555555546
4 0.2386640625 0.17405555555555555 0.011570312499999957 0.03620833333333332
4 0.1617265625 0.45490277777777777 0.017203124999999986 0.04231944444444448
4 0.2714453125 0.4106944444444444 0.02146093750000002 0.0439027777777778
4 0.29674999999999996 0.3341527777777778 0.01640625 0.03923611111111111