4 0.6540078125 0.27337500000000003 0.08031249999999997 0.08768055555555555
4 0.679078125 0.7595555555555555 0.08136718750000008 0.1245833333333334
4 0.3121484375 0.6406388888888889 0.09149218749999992 0.16501388888888882
4 0.6515546875 0.21451388888888887 0.07210937499999996 0.04773611111111112
4 0.4283125 0.5798472222222222 0.04612499999999997 0.11113888888888887
4 0.5087265624999999 0.6310138888888889 0.10084374999999994 0.14783333333333326
4 0.35650000000000004 0.5329861111111112 0.08533593750000001 0.107125
4 0.5840546875 0.8346666666666667 0.10950781250000005 0.13320833333333346
4 0.2598671875 0.10301388888888889 0.03539062499999997 0.04763888888888886
4 0.369171875 0.7874583333333334 0.11114843749999999 0.14429166666666682
4 0.618203125 0.7122916666666667 0.09993750000000005 0.14058333333333337
4 0.56828125 0.666375 0.09510156250000001 0.13376388888888896
8 0.5180546875 0.1267361111111111 0.03727343750000003 0.053027777777777785
4 0.44680468749999996 0.9245833333333334 0.11557031250000005 0.15002777777777776
4 0.06109375000000004 0.03972222222222222 0.04537499999999994 0.04812499999999999
4 0.751328125 0.2397638888888889 0.08216406250000005 0.059805555555555556
4 0.22734375 0.03559722222222222 0.047890624999999964 0.05333333333333333
7 0.9796093750000001 0.4764305555555555 0.040773437500000044 0.03487500000000002
4 0.17257812500000008 0.36544444444444446 0.0524531249999999 0.09465277777777775
7 0.720640625 0.37106944444444445 0.0419062499999999 0.03413888888888895
4 0.21446874999999999 0.6237777777777778 0.053390625000000025 0.058041666666666616
4 0.9700390625 0.2703888888888889 0.059914062500000045 0.07350000000000002
4 0.14499999999999993 0.3552916666666667 0.08432031249999987 0.10252777777777784
4 0.17394531250000006 0.5368472222222221 0.046453125000000026 0.055763888888888856
4 0.14079687500000002 0.3155972222222222 0.08502343749999994 0.06261111111111109
4 0.2309453125 0.20193055555555553 0.018742187500000007 0.0516388888888889
4 0.29805468749999997 0.7954166666666668 0.05125781249999992 0.07937500000000013
4 0.17565624999999993 0.07508333333333334 0.04757812500000007 0.06604166666666668
4 0.22747656249999998 0.13843055555555556 0.054289062500000006 0.05605555555555553
4 0.698703125 0.8708888888888888 0.07186718750000001 0.1471805555555556
4 0.7683984374999999 0.16626388888888888 0.06450781250000012 0.037902777777777764
4 0.26791406249999994 0.7192916666666667 0.07171093749999997 0.08630555555555569
7 0.306265625 0.18911111111111112 0.024312499999999914 0.02990277777777782
4 0.19906249999999998 0.48781944444444447 0.013023437500000058 0.05820833333333329
7 0.09449218750000003 0.047625 0.016132812500000072 0.027861111111111114
4 0.18567968750000005 0.5767361111111111 0.03520312499999996 0.044291666666666646
4 0.3721875 0.6372222222222222 0.01498437500000005 0.07455555555555549
7 0.5787656250000001 0.16866666666666666 0.02642187499999995 0.025972222222222206
4 0.2217578125 0.10252777777777777 0.01716406250000002 0.02634722222222222
4 0.392609375 0.31325 0.012031250000000071 0.05469444444444444
4 0.9744140625 0.4444444444444444 0.022054687500000014 0.046291666666666724
4 0.719578125 0.3420138888888889 0.0239140625000001 0.03125
4 0.581203125 0.1440972222222222 0.022031250000000037 0.028930555555555532
7 0.4323125 0.2369166666666667 0.02759374999999995 0.02404166666666667
4 0.42750000000000005 0.21206944444444445 0.01196874999999995 0.024569444444444442
4 0.298296875 0.16452777777777777 0.013773437500000086 0.0256388888888889
4 0.26419531249999995 0.19418055555555555 0.009249999999999935 0.051819444444444446
4 0.2529296875 0.20379166666666665 0.010875000000000056 0.04540277777777778
7 0.11410156249999996 0.044333333333333336 0.01796875 0.022430555555555565
4 0.11260156250000009 0.02563888888888889 0.012562499999999944 0.014958333333333327
4 0.09127343749999994 0.02965277777777778 0.011953125000000142 0.01655555555555556
4 0.029085937500000013 0.09108333333333334 0.010125000000000028 0.03579166666666668
4 0.020523437499999984 0.05529166666666667 0.014632812500000014 0.039