7 0.20999479166666665 0.507712962962963 0.07897395833333333 0.1901296296296296
4 0.70625 0.6486111111111111 0.3770833333333333 0.44351851851851853
7 0.03639583333333333 0.7647777777777778 0.07278645833333333 0.17969444444444438
7 0.47955729166666666 0.43675925925925924 0.07839062499999999 0.1542592592592593
7 0.3685208333333333 0.45482407407407405 0.0817083333333334 0.1496203703703704
7 0.9401041666666666 0.6886759259259259 0.11979166666666667 0.22079629629629632
7 0.21242708333333335 0.320037037037037 0.04597395833333332 0.11177777777777781
7 0.07369791666666667 0.35462962962962963 0.03802083333333333 0.17962962962962964
4 0.02891145833333333 0.6437314814814815 0.05782291666666666 0.19024074074074077
4 0.20878645833333334 0.4116296296296296 0.06004687499999998 0.13343518518518518
4 0.363046875 0.3459351851851852 0.0562135416666667 0.13167592592592595
4 0.4614947916666667 0.347962962962963 0.05463020833333339 0.14499074074074078
4 0.20699479166666668 0.2602685185185185 0.04019270833333331 0.1409074074074074
4 0.9528229166666667 0.5678981481481482 0.05895312500000003 0.20061111111111113