4 0.8884583333333332 0.6608796296296297 0.22307812499999996 0.2382037037037037
4 0.47138020833333333 0.4577962962962963 0.10608854166666669 0.1286481481481481
4 0.6726093750000001 0.7914351851851852 0.2729791666666666 0.2775833333333333
4 0.711984375 0.24419444444444446 0.033984375 0.03750925925925925
4 0.06171875 0.4587962962962963 0.1234375 0.15833333333333333
4 0.5166197916666666 0.2910185185185185 0.06208854166666663 0.056879629629629586
4 0.1469322916666667 0.32639814814814816 0.052281249999999994 0.04749999999999996
4 0.36703645833333337 0.2273148148148148 0.017276041666666703 0.03575000000000001
7 0.6190208333333334 0.4458240740740741 0.04189583333333336 0.05320370370370374
4 0.14770833333333336 0.39911111111111114 0.08905729166666668 0.08442592592592588
4 0.8574114583333333 0.2305 0.04584374999999999 0.031148148148148137
4 0.8139114583333333 0.23694444444444446 0.0328125 0.03282407407407406
7 0.6079947916666666 0.34553703703703703 0.026953125 0.03285185185185187
4 0.9462916666666668 0.21638888888888888 0.04890625000000005 0.038490740740740735
4 0.13690104166666667 0.9434722222222223 0.27380208333333333 0.11305555555555546
4 0.7782552083333333 0.2411574074074074 0.03934895833333343 0.03533333333333331
7 0.30109375 0.28264814814814815 0.02680729166666668 0.02755555555555555
7 0.2636822916666667 0.28297222222222224 0.025687499999999995 0.023250000000000014
4 0.7582291666666666 0.21484259259259259 0.03520312500000008 0.036916666666666674
4 0.11945833333333335 0.3104074074074074 0.03607812499999999 0.04298148148148145
4 0.5726770833333333 0.24001851851851855 0.044718750000000064 0.035166666666666686
4 0.07146875 0.2849074074074074 0.04134375 0.03550000000000003
4 0.4635625 0.27974074074074073 0.0529635416666667 0.05674074074074072
8 0.19845312499999998 0.3219166666666667 0.04182291666666664 0.07562962962962959
4 0.5190989583333334 0.8981481481481481 0.07291666666666673 0.2037037037037037
4 0.6181354166666666 0.39310185185185187 0.025093749999999915 0.04713888888888886
4 0.6060625000000001 0.30892592592592594 0.017994791666666763 0.037037037037037035
4 0.8963541666666667 0.2601851851851852 0.05659895833333337 0.04506481481481478
4 0.40069270833333337 0.3228425925925926 0.0993072916666667 0.06173148148148144
4 0.26341145833333335 0.26134259259259257 0.014322916666666666 0.01990740740740741
4 0.26484375 0.3768518518518518 0.020833333333333332 0.09166666666666666
4 0.38081770833333334 0.2404351851851852 0.009546874999999962 0.017287037037037024
2 0.4309895833333333 0.22160185185185186 0.05295312500000004 0.05617592592592594
4 0.5035572916666667 0.24722222222222223 0.04114583333333333 0.03148148148148148