4 0.48253645833333336 0.2916666666666667 0.05667187499999997 0.05823148148148147
4 0.3760989583333333 0.2625648148148148 0.052302083333333374 0.048268518518518516
4 0.85103125 0.40658333333333335 0.08620312500000012 0.09465740740740743
4 0.9377135416666668 0.4658796296296296 0.12457291666666657 0.14962962962962956
4 0.8542447916666667 0.3358611111111111 0.05288541666666665 0.06223148148148151
4 0.6902604166666666 0.27068518518518514 0.0332760416666666 0.04282407407407408
4 0.5350260416666667 0.28105555555555556 0.05265624999999995 0.052731481481481525
4 0.18031770833333335 0.23795370370370372 0.032406249999999893 0.03655555555555557
4 0.927609375 0.28955555555555557 0.04700520833333333 0.04653703703703703
4 0.20561979166666663 0.22037037037037038 0.031697916666666735 0.030685185185185173
8 0.4956614583333333 0.9089537037037037 0.28993229166666656 0.18209259259259267
4 0.7973072916666666 0.3433611111111111 0.01735937499999996 0.07252777777777782
4 0.41558333333333336 0.26234259259259257 0.01171875 0.05092592592592592
7 0.30121354166666664 0.3167407407407407 0.026041666666666668 0.03009259259259259
4 0.30606250000000007 0.28575 0.012005208333333428 0.025203703703703728
4 0.21783333333333335 0.24754629629629632 0.06801562500000008 0.040851851851851854
6 0.07996354166666665 0.2037037037037037 0.1599270833333333 0.07516666666666673
4 0.05319270833333339 0.25136111111111115 0.10638020833333334 0.05827777777777783
8 0.8012708333333334 0.3246574074074074 0.04069270833333339 0.07175925925925926
4 0.7814114583333333 0.2421851851851852 0.010093750000000058 0.03530555555555555
4 0.8647447916666666 0.27314814814814814 0.012697916666666724 0.023148148148148147
4 0.8129583333333333 0.27396296296296296 0.012562499999999944 0.018518518518518517
2 0.30135937499999993 0.2541111111111111 0.0957760416666666 0.07612962962962966