4 0.07388541666666668 0.6101018518518518 0.14595312500000002 0.2111111111111111
4 0.851609375 0.45566666666666666 0.13203125 0.128324074074074
4 0.9514114583333334 0.5378333333333334 0.09717187500000009 0.10071296296296295
4 0.27885937499999996 0.28978703703703707 0.06769791666666668 0.06047222222222217
6 0.6830989583333333 0.6459629629629628 0.5554479166666667 0.7080648148148149
6 0.3999479166666667 0.37672222222222224 0.11117187500000002 0.35374999999999995
4 0.8663437500000001 0.5723611111111111 0.12853645833333333 0.13704629629629628
4 0.07170312499999999 0.8805555555555555 0.14340624999999999 0.22654629629629636
4 0.3947395833333333 0.9117222222222222 0.06984374999999995 0.1765555555555556
4 0.9523906249999999 0.6896481481481482 0.09521875000000009 0.2268611111111111
4 0.22504166666666667 0.24458333333333332 0.05197395833333331 0.03154629629629634
6 0.09921875 0.19907407407407407 0.1984375 0.10555555555555556