8 0.38117708333333333 0.4398240740740741 0.0817291666666667 0.1326944444444444
8 0.334796875 0.3780833333333333 0.048281250000000026 0.10441666666666664
4 0.06527083333333333 0.4625740740740741 0.13054166666666667 0.17206481481481486
4 0.14920833333333333 0.39969444444444446 0.08393749999999998 0.08641666666666671
4 0.8463541666666666 0.7064814814814815 0.3072916666666667 0.23333333333333334
4 0.4224270833333333 0.9023888888888888 0.4011874999999999 0.18904629629629627
8 0.1995625 0.3231851851851852 0.04093750000000001 0.07435185185185181
8 0.31605208333333334 0.25242592592592594 0.027317708333333357 0.04144444444444444
4 0.4645208333333333 0.2777777777777778 0.053916666666666654 0.052472222222222184
4 0.5121979166666667 0.2912314814814815 0.05228124999999994 0.048499999999999995
4 0.14571874999999998 0.32458333333333333 0.05028124999999999 0.04218518518518524
4 0.11997395833333334 0.31069444444444444 0.03119270833333334 0.04938888888888892
4 0.07230208333333334 0.28768518518518515 0.03859895833333334 0.0444907407407407
8 0.10782291666666667 0.2782962962962963 0.03582812500000001 0.03600925925925925
4 0.11736979166666665 0.2433148148148148 0.037562499999999985 0.0257222222222222
4 0.17696874999999998 0.3323055555555555 0.01150520833333335 0.030861111111111148
7 0.19923958333333333 0.3888888888888889 0.01381249999999999 0.04526851851851851
4 0.05399479166666666 0.24831481481481482 0.03408333333333333 0.03521296296296294
4 0.3445104166666667 0.2550277777777778 0.014333333333333325 0.024472222222222176
7 0.3415104166666667 0.27675 0.027682291666666713 0.021462962962962916
4 0.3676979166666667 0.22677777777777777 0.015479166666666681 0.03498148148148151
4 0.38338020833333336 0.22787962962962965 0.022291666666666644 0.033953703703703694
4 0.6134843750000001 0.26125 0.08060416666666655 0.052907407407407396
4 0.50525 0.24503703703703703 0.042703125 0.03373148148148146
4 0.7546458333333333 0.25925925925925924 0.059348958333333236 0.04497222222222224
4 0.7144791666666667 0.24371296296296294 0.029604166666666744 0.037694444444444454
4 0.6965625000000001 0.27440740740740743 0.01849479166666678 0.03505555555555557
4 0.7035208333333334 0.29398148148148145 0.016036458333333316 0.03796296296296296
7 0.70321875 0.3288333333333333 0.017822916666666563 0.03042592592592594
7 0.6910937500000001 0.30721296296296297 0.008302083333333361 0.02658333333333337
4 0.5445104166666667 0.28425925925925927 0.012453124999999924 0.05740740740740741
4 0.7925625000000001 0.24212962962962964 0.019130208333333343 0.04351851851851852
4 0.816515625 0.2375 0.026411458333333353 0.04351851851851852
4 0.6833958333333333 0.22010185185185185 0.03679687500000005 0.02936111111111109
8 0.8635677083333333 0.24299074074074076 0.04179166666666655 0.0470925925925926
2 0.4298072916666667 0.21836111111111112 0.05344270833333328 0.06636111111111112
4 0.9454583333333333 0.2149722222222222 0.04964062499999997 0.04272222222222221
4 0.9032135416666667 0.22685185185185186 0.03298437499999996 0.04012037037037038