4 0.4823697916666666 0.2904351851851852 0.06294270833333329 0.04696296296296299
8 0.7928645833333333 0.3240648148148148 0.04015104166666674 0.07390740740740735
4 0.28585416666666663 0.24255555555555552 0.03132812500000005 0.036379629629629595
4 0.017130208333333386 0.2565740740740741 0.03364062500000008 0.040611111111111126
4 0.70728125 0.26158333333333333 0.010046874999999981 0.03916666666666663
4 0.2549739583333333 0.2415925925925926 0.032942708333333334 0.04009259259259255
8 0.31248437500000004 0.2538796296296296 0.04794791666666664 0.059898148148148096
4 0.611078125 0.2739537037037037 0.011479166666666648 0.06046296296296292
4 0.42878645833333334 0.23928703703703705 0.047531250000000115 0.03740740740740739
4 0.9286875 0.2902962962962963 0.04045312500000004 0.0433703703703704
4 0.5347291666666666 0.2801388888888889 0.04933854166666667 0.04861111111111111
4 0.8552916666666667 0.3313611111111111 0.05269791666666658 0.05658333333333335
4 0.05474479166666661 0.21624074074074073 0.049828125000000036 0.03913888888888887
4 0.15515625000000005 0.23191666666666666 0.028661458333333438 0.03453703703703705
4 0.84953125 0.40123148148148147 0.08155208333333329 0.08950925925925922
8 0.15870312500000003 0.4882777777777778 0.12138020833333343 0.1617592592592593
4 0.9373802083333334 0.4575555555555556 0.12523958333333335 0.15791666666666673
4 0.8806041666666666 0.31069444444444444 0.028885416666666684 0.04424074074074071
4 0.8266510416666667 0.26698148148148143 0.014109375000000075 0.02160185185185189
7 0.8246979166666667 0.2896111111111111 0.01917187499999997 0.023657407407407367
4 0.7962760416666667 0.23933333333333334 0.0436041666666668 0.0316296296296296
8 0.09521354166666664 0.22543518518518518 0.02500520833333345 0.04088888888888891
4 0.18562500000000004 0.23456481481481486 0.03227083333333335 0.04526851851851851
8 0.22142187500000005 0.24215740740740738 0.037343749999999905 0.04706481481481485
4 0.13680208333333338 0.2698055555555555 0.06655208333333344 0.0334351851851852
4 0.5296458333333333 0.2471759259259259 0.05834895833333332 0.02725925925925931
4 0.4939791666666667 0.2452314814814815 0.041645833333333354 0.033953703703703667
6 0.5992864583333334 0.24742592592592594 0.06689062500000015 0.04475925925925929