4 0.5845989583333334 0.35600000000000004 0.07643229166666667 0.11042592592592591
4 0.6654218749999999 0.6327777777777778 0.14193229166666654 0.22065740740740736
4 0.34157291666666667 0.3214722222222222 0.05477083333333337 0.059731481481481476
4 0.719578125 0.3048240740740741 0.04238020833333327 0.06167592592592594
4 0.5307291666666667 0.4262592592592593 0.08754166666666663 0.16924074074074072
7 0.7286041666666667 0.5027314814814815 0.07650000000000005 0.0705740740740741
4 0.8589375 0.23062037037037036 0.04690624999999997 0.03668518518518519
4 0.27569270833333337 0.25457407407407406 0.052958333333333364 0.034759259259259226
4 0.056026041666666665 0.4611388888888889 0.10535416666666665 0.15767592592592589
4 0.7598177083333333 0.21499074074074073 0.0342187499999999 0.04134259259259257
8 0.197859375 0.32366666666666666 0.038442708333333304 0.07799074074074076
4 0.147625 0.4036388888888889 0.08695833333333335 0.10166666666666663
4 0.11996875 0.31182407407407403 0.030161458333333346 0.05155555555555551
4 0.8149739583333333 0.23852777777777778 0.03460416666666669 0.035388888888888914
4 0.9475833333333333 0.21407407407407406 0.04321354166666656 0.03833333333333331
7 0.27711458333333333 0.32685185185185184 0.019078125000000057 0.039083333333333366
7 0.16362500000000002 0.30825 0.011947916666666695 0.028564814814814835
4 0.07159375 0.28659259259259257 0.043421875000000006 0.0441111111111111
4 0.15950520833333334 0.2835648148148148 0.01605729166666669 0.028546296296296333
7 0.23589583333333333 0.3410462962962963 0.020401041666666644 0.047842592592592555
4 0.23415624999999998 0.3101851851851852 0.018661458333333356 0.030861111111111148
4 0.275171875 0.2974537037037037 0.016494791666666706 0.028546296296296333
8 0.25824479166666664 0.30015740740740743 0.022567708333333356 0.06326851851851856
7 0.3596822916666667 0.26878703703703705 0.02205729166666662 0.023416666666666634
4 0.35815104166666667 0.24837037037037038 0.014093749999999971 0.02178703703703701
4 0.36826041666666665 0.22439814814814815 0.015932291666666622 0.03376851851851849
4 0.38266145833333337 0.22712037037037033 0.0214479166666667 0.037037037037037014
4 0.4227916666666667 0.25653703703703706 0.044119791666666686 0.039212962962962984
4 0.4673697916666667 0.28049999999999997 0.05851562499999995 0.04684259259259262
4 0.51884375 0.2881296296296296 0.05851562500000001 0.04684259259259262
4 0.426625 0.2747777777777778 0.015625 0.046296296296296294
6 0.6112135416666666 0.22603703703703704 0.24509895833333334 0.08170370370370371
4 0.6966927083333334 0.26851851851851855 0.010416666666666666 0.0566481481481481
4 0.7074166666666667 0.2649814814814815 0.010416666666666666 0.040851851851851854
4 0.921109375 0.22875925925925927 0.009499999999999887 0.04030555555555553
4 0.7549010416666667 0.4528888888888889 0.020833333333333332 0.040851851851851854
4 0.7365208333333333 0.44362962962962965 0.020833333333333332 0.04520370370370375
4 0.015104166666666667 0.5351851851851852 0.030208333333333334 0.1574074074074074
4 0.19285416666666666 0.26775 0.054109374999999994 0.03446296296296299
4 0.12384375 0.2669722222222222 0.029515625000000007 0.03292592592592598