4 0.34688281249999997 0.3054722222222222 0.06677343750000002 0.08945833333333329
4 0.47074218749999996 0.22004166666666666 0.06201562500000009 0.07483333333333332
4 0.5719921875 0.5818055555555556 0.04733593749999994 0.1130138888888889
4 0.6888124999999999 0.6405138888888889 0.09099218750000002 0.16187500000000002
4 0.320890625 0.7595555555555555 0.08502343750000003 0.12141666666666669
8 0.8598593749999999 0.07926388888888888 0.03351562500000007 0.054611111111111124
4 0.4917421875 0.6308333333333334 0.09875781250000007 0.14775
4 0.416046875 0.8345138888888889 0.11003906249999998 0.13281944444444427
4 0.6442890625000001 0.5322361111111111 0.08707031250000004 0.10608333333333332
4 0.6315546875 0.7879861111111112 0.11275781249999994 0.14455555555555546
4 0.382125 0.7132083333333333 0.10003906249999997 0.1397916666666667
4 0.43167968749999996 0.6668055555555555 0.09486718750000005 0.13369444444444442
8 0.2494765625 0.39455555555555555 0.058523437499999977 0.08774999999999997
4 0.299375 0.8709305555555557 0.08402343749999996 0.15418055555555554
4 0.5530546875 0.9236805555555555 0.11831250000000004 0.15233333333333343
4 0.8273515625 0.3657777777777778 0.05078906250000017 0.09498611111111109
7 0.0661484375 0.4345277777777778 0.05211718750000001 0.03470833333333335
8 0.758375 0.1606388888888889 0.03589843750000003 0.056833333333333354
4 0.860578125 0.31886111111111115 0.08411718750000005 0.0651111111111111
7 0.44996093750000005 0.1797638888888889 0.03253125000000008 0.02497222222222223
4 0.2372421875 0.17198611111111112 0.08526562499999998 0.04377777777777779
4 0.7001484375 0.7951388888888888 0.048406250000000026 0.07991666666666662
4 0.785765625 0.6224722222222222 0.053359375000000056 0.060638888888888846
7 0.40228125 0.1848888888888889 0.035531250000000014 0.02855555555555556
7 0.161546875 0.4207222222222222 0.041898437499999996 0.03366666666666668
7 0.8891562499999999 0.08783333333333335 0.020062499999999872 0.03255555555555556
8 0.8023203125 0.08244444444444445 0.033500000000000085 0.05083333333333333
4 0.7621640625 0.052875 0.0419921875 0.03826388888888888
4 0.855515625 0.35441666666666666 0.07990625000000015 0.09806944444444446
7 0.82146875 0.013902777777777778 0.02051562500000017 0.02779166666666667
4 0.732046875 0.7206944444444444 0.07240625000000005 0.08620833333333332
4 0.7617734375 0.5342638888888889 0.01590624999999992 0.06783333333333338
7 0.9126015625000001 0.04509722222222222 0.017148437499999857 0.023041666666666672
4 0.8598984375000001 0.1471111111111111 0.011789062500000114 0.04477777777777779
4 0.8262890625000001 0.539138888888889 0.0482421875 0.06283333333333335
4 0.7903671875 0.4886111111111111 0.015273437499999964 0.060736111111111137
4 0.8241796875 0.16094444444444445 0.015835937499999987 0.0441111111111111
4 0.066859375 0.4097222222222222 0.029531249999999988 0.041666666666666664
4 0.16478125 0.38987499999999997 0.024468749999999994 0.04563888888888891
4 0.40078125 0.16319444444444445 0.026617187499999993 0.03869444444444446
4 0.4501953125 0.16120833333333331 0.022765625000000077 0.032736111111111105
4 0.357859375 0.125 0.01889062499999996 0.05356944444444443
4 0.9152968749999999 0.03026388888888889 0.010992187500000129 0.028763888888888884
8 0.74653125 0.1379027777777778 0.036195312499999945 0.05356944444444443
4 0.75071875 0.09722222222222222 0.020007812499999923 0.021819444444444454
4 0.8908203125 0.06018055555555556 0.017906250000000058 0.02315277777777778
4 0.8951171875 0.01898611111111111 0.0119140625 0.01759722222222222
4 0.37484375000000003 0.9482638888888889 0.07250000000000001 0.10347222222222222