4 0.6528645833333333 0.3286203703703704 0.06996354166666663 0.08508333333333332
4 0.7187291666666666 0.2946574074074074 0.07328124999999991 0.0654444444444445
4 0.1486197916666666 0.5848425925925926 0.16997395833333329 0.17506481481481476
4 0.7560520833333333 0.6768611111111111 0.25490625000000006 0.23219444444444443
4 0.30988020833333335 0.5630277777777778 0.18686458333333344 0.14587962962962958
4 0.04712500000000001 0.5410648148148148 0.09392708333333341 0.11041666666666666
4 0.9676458333333334 0.7363611111111111 0.06065104166666657 0.15284259259259253
4 0.9560729166666667 0.2426574074074074 0.06173958333333331 0.045907407407407445
8 0.538640625 0.7715833333333333 0.17492187499999995 0.2528333333333333
4 0.1482604166666667 0.45808333333333334 0.11559895833333324 0.11443518518518511
4 0.565265625 0.9532685185185185 0.26361458333333326 0.09345370370370355
2 0.5537135416666668 0.36748148148148146 0.1261041666666666 0.26445370370370364
8 0.3926510416666667 0.392537037037037 0.05208854166666678 0.1450833333333333
4 0.6466875 0.5106111111111111 0.1172447916666665 0.22919444444444442
4 0.046510416666666644 0.6730277777777778 0.0902395833333332 0.17338888888888887
8 0.7754635416666666 0.41929629629629633 0.08775000000000001 0.15049999999999997
7 0.9566770833333333 0.6060648148148148 0.0866458333333334 0.09527777777777786
8 0.7165885416666666 0.23903703703703705 0.03194791666666674 0.04331481481481479
4 0.34007291666666667 0.3606759259259259 0.06449479166666663 0.0985555555555556
4 0.38440104166666667 0.3014074074074074 0.042973958333333444 0.030111111111111095
4 0.8790781249999999 0.21206481481481482 0.03598958333333328 0.02578703703703706
4 0.28842708333333333 0.43742592592592594 0.1492916666666666 0.10309259259259262
4 0.7793854166666667 0.2183796296296296 0.05345833333333327 0.03910185185185187
4 0.4801458333333333 0.2962962962962963 0.017578125 0.06712962962962964
4 0.41626562500000003 0.5587592592592593 0.028843750000000057 0.16025925925925918
4 0.4401041666666667 0.47436111111111107 0.030848958333333343 0.05127777777777788
7 0.44931770833333334 0.5495 0.03245312499999997 0.11324999999999995
8 0.6504635416666666 0.2587407407407407 0.04745312499999983 0.05658333333333335
4 0.49594791666666665 0.29475 0.012729166666666696 0.07510185185185186
4 0.22887500000000002 0.818925925925926 0.34317187499999996 0.362138888888889
4 0.8531666666666666 0.21510185185185185 0.014020833333333371 0.047009259259259244
4 0.47155208333333337 0.40420370370370373 0.028843750000000057 0.060537037037037035