4 0.44478125 0.3820185185185185 0.07960416666666663 0.10673148148148147
4 0.3453541666666667 0.369 0.06380208333333333 0.09955555555555554
4 0.838875 0.7580555555555556 0.2932708333333333 0.282
4 0.5953333333333333 0.5459722222222222 0.22618229166666665 0.20259259259259255
4 0.6147708333333333 0.3217222222222222 0.07152083333333342 0.06696296296296302
4 0.37932812499999996 0.4820833333333333 0.20035937500000003 0.14096296296296298
4 0.8337447916666666 0.4564444444444444 0.15398437500000003 0.11963888888888886
4 0.281203125 0.2967685185185185 0.061062500000000006 0.07419444444444444
4 0.9516666666666667 0.5412777777777779 0.09508333333333331 0.10563888888888881
4 0.50596875 0.7474722222222222 0.26113541666666673 0.3268611111111111
4 0.5320729166666667 0.9299722222222221 0.2768020833333333 0.1400462962962962
4 0.85559375 0.5585648148148148 0.16353125000000002 0.1176111111111111
4 0.6090989583333334 0.40862037037037036 0.07010416666666662 0.09314814814814817
4 0.34215104166666666 0.31073148148148144 0.05932291666666671 0.08472222222222223
4 0.06548958333333332 0.5125740740740741 0.126140625 0.13087037037037036
4 0.4832916666666666 0.3426296296296297 0.05477083333333337 0.08321296296296296
4 0.22486979166666668 0.5196203703703705 0.17390104166666662 0.15526851851851856
4 0.6538854166666667 0.3612314814814815 0.08621874999999998 0.09009259259259254
4 0.41345312500000003 0.33162962962962966 0.05428125000000002 0.09135185185185182
8 0.48089583333333336 0.28744444444444445 0.041968749999999964 0.05391666666666668
4 0.29552604166666663 0.5628796296296296 0.1446197916666667 0.19615740740740736
4 0.200359375 0.6630277777777778 0.26815625 0.19874074074074083
4 0.2839427083333333 0.2603425925925926 0.04926041666666666 0.023138888888888896
4 0.136625 0.2572962962962963 0.07019791666666665 0.03314814814814811
4 0.95078125 0.7078981481481481 0.09546875000000009 0.25652777777777774
4 0.35715625 0.27205555555555555 0.040177083333333384 0.03659259259259257
4 0.18468229166666666 0.21020370370370373 0.038260416666666686 0.03839814814814812
4 0.7180312499999999 0.44884259259259257 0.13829166666666665 0.1407685185185185
8 0.079984375 0.21725925925925924 0.04613020833333333 0.04563888888888888
4 0.15707291666666665 0.2051666666666667 0.03728125000000002 0.03508333333333332
4 0.20578125 0.21296296296296297 0.008937499999999984 0.038990740740740756
4 0.22861979166666666 0.21466666666666667 0.011515625000000007 0.041425925925925935
8 0.44284375 0.2814351851851852 0.0331666666666667 0.068712962962963
4 0.6980520833333334 0.20955555555555555 0.056192708333333265 0.02338888888888888
4 0.65740625 0.6867314814814814 0.04051041666666677 0.2170740740740741
4 0.6156979166666667 0.6532962962962963 0.03356250000000003 0.20164814814814813
8 0.18294270833333334 0.84375 0.2669270833333333 0.3125
8 0.18333333333333332 0.4074074074074074 0.10625 0.08148148148148149
7 0.53825 0.34664814814814815 0.026369791666666722 0.05324074074074074
4 0.5377604166666666 0.31221296296296297 0.016927083333333332 0.04109259259259259