4 0.3209921875 0.7598472222222222 0.08139843750000005 0.12593055555555557
4 0.5718515625 0.5818888888888889 0.046656250000000024 0.11365277777777784
4 0.6441171875 0.5304583333333334 0.08677343749999995 0.10543055555555551
4 0.41616406250000004 0.8344305555555555 0.10974218750000002 0.13240277777777767
4 0.49198437500000003 0.6311527777777778 0.09926562499999995 0.14968055555555554
4 0.6898203125 0.6403611111111112 0.09140625 0.16148611111111116
4 0.382296875 0.7122083333333333 0.10074218749999994 0.14025
4 0.6306875 0.7873055555555556 0.11018749999999997 0.14691666666666664
7 0.6736484375 0.24102777777777776 0.028125 0.03138888888888892
4 0.431484375 0.6667500000000001 0.09410156250000004 0.13300000000000006
7 0.717578125 0.15677777777777777 0.026523437500000035 0.03641666666666667
7 0.4593046875 0.15627777777777777 0.02210156249999997 0.023000000000000003
4 0.553234375 0.9239861111111111 0.11489062499999995 0.15202777777777782
8 0.8296718750000001 0.12570833333333334 0.04013281249999991 0.05865277777777776
4 0.420234375 0.1765 0.05085156249999998 0.051583333333333356
7 0.330359375 0.19606944444444444 0.033882812500000005 0.030486111111111096
7 0.9352734375 0.049263888888888885 0.018625000000000114 0.03152777777777778
8 0.3475625 0.34352777777777777 0.057320312500000005 0.08644444444444442
8 0.215625 0.21123611111111112 0.04371875000000001 0.05420833333333337
4 0.8278125 0.3659861111111111 0.05070312500000007 0.09002777777777773
7 0.8965546874999999 0.06766666666666667 0.019515625000000016 0.025930555555555557
4 0.7571875 0.04054166666666667 0.03921093750000004 0.04080555555555556
4 0.3009609375 0.8736944444444443 0.08282812499999999 0.14131944444444444
8 0.8381328124999999 0.07459722222222222 0.033914062499999884 0.05016666666666665
4 0.7855624999999999 0.6223611111111111 0.05086718750000001 0.05854166666666664
4 0.8560156250000001 0.3552638888888889 0.08225781249999997 0.09848611111111115
8 0.623421875 0.20491666666666666 0.03875781249999992 0.06134722222222225
7 0.7538750000000001 0.1615 0.02419531250000002 0.02890277777777778
4 0.22644531250000002 0.16483333333333333 0.07291406250000002 0.041472222222222244
7 0.79515625 0.09238888888888888 0.02064843749999996 0.02301388888888888
4 0.8591953125 0.31530555555555556 0.08225781249999997 0.05990277777777777
4 0.6998828125000001 0.7954444444444445 0.04767187499999999 0.08111111111111123
7 0.1466328125 0.39086111111111116 0.037796874999999994 0.03658333333333338
4 0.65440625 0.6160277777777778 0.016125000000000077 0.06887500000000005
7 0.8715859375000001 0.10748611111111112 0.025601562499999987 0.03683333333333335
4 0.7445390625 0.5839444444444445 0.0134765625 0.06669444444444442
4 0.7317578124999999 0.7198888888888889 0.07057031249999994 0.08494444444444448
4 0.811671875 0.5766111111111112 0.0333984375 0.04290277777777776
7 0.5101640625 0.27908333333333335 0.03271093749999991 0.028597222222222187
4 0.8250078125 0.5377222222222222 0.04562500000000007 0.05755555555555547
4 0.0434140625 0.46484722222222224 0.018195312500000005 0.05781944444444444
4 0.91109375 0.3132361111111111 0.01511718749999993 0.05415277777777779
4 0.1466015625 0.36612500000000003 0.023804687499999977 0.03934722222222224
4 0.3228203125 0.1736111111111111 0.022929687500000018 0.03086111111111113
4 0.45603906250000004 0.13580555555555557 0.01680468749999999 0.027777777777777776
4 0.4198046875 0.1342638888888889 0.018984374999999963 0.029319444444444422
4 0.5155234375 0.254625 0.022921874999999935 0.029319444444444464
4 0.671765625 0.2199027777777778 0.020296875000000013 0.033944444444444444
4 0.7216796875 0.1257777777777778 0.01769531250000007 0.029319444444444464
4 0.7559609375 0.13966666666666666 0.01941406249999993 0.03086111111111111
4 0.795484375 0.07330555555555555 0.017742187500000027 0.026236111111111113
4 0.871890625 0.07747222222222222 0.019484375000000043 0.026472222222222227
4 0.9005703125 0.049916666666666665 0.013374999999999915 0.02518055555555555
4 0.9368203125000001 0.02886111111111111 0.016531249999999886 0.023874999999999997
4 0.36729687499999997 0.9479166666666666 0.08019531250000003 0.10416666666666667