4 0.5722578125 0.581625 0.04749218749999997 0.11362499999999992
4 0.32128125 0.7592083333333334 0.08412500000000005 0.12240277777777761
4 0.6881640625000001 0.6412916666666667 0.09000000000000004 0.1614722222222222
4 0.49282031249999997 0.6302916666666667 0.09880468750000002 0.14079166666666668
4 0.415859375 0.8347777777777777 0.10973437500000002 0.13265277777777776
4 0.644359375 0.5317361111111112 0.08667187500000004 0.10543055555555551
4 0.6311171875 0.7880416666666666 0.1123125 0.14337500000000003
4 0.382390625 0.7121944444444444 0.09934374999999998 0.13968055555555547
4 0.4316171875 0.6664027777777778 0.09559374999999992 0.13491666666666666
4 0.4270546875 0.13633333333333333 0.06799218749999998 0.06476388888888888
4 0.8276171874999999 0.3659166666666666 0.04992968749999989 0.0926666666666667
8 0.5036562499999999 0.26268055555555553 0.05304687500000007 0.06702777777777777
4 0.5543750000000001 0.9243055555555556 0.11330468749999997 0.15127777777777787
7 0.15775 0.45669444444444446 0.04172656250000002 0.037097222222222274
8 0.31657812500000004 0.20665277777777777 0.05225 0.06605555555555556
4 0.8558203125 0.3547222222222222 0.08371093750000007 0.10030555555555551
7 0.27034375 0.3679166666666666 0.036476562499999955 0.027833333333333283
4 0.78515625 0.623375 0.052492187500000044 0.05649999999999993
4 0.7003359375 0.7953749999999999 0.04821875000000002 0.07958333333333327
4 0.45981249999999996 0.17029166666666665 0.059992187499999974 0.041041666666666685
7 0.344125 0.14083333333333334 0.015382812500000042 0.038861111111111096
4 0.8589140625 0.31563888888888886 0.0860234375000001 0.06272222222222218
4 0.3007890625 0.8716666666666667 0.073046875 0.14493055555555542
8 0.6930859375 0.1857916666666667 0.04055468750000006 0.06091666666666669
4 0.8256015624999999 0.5369444444444444 0.04510937499999983 0.05211111111111109
8 0.3138203125 0.1557638888888889 0.05003124999999997 0.040888888888888884
4 0.8120703125000001 0.5765972222222222 0.033164062499999855 0.04133333333333332
4 0.7319921875000001 0.7201944444444444 0.07145312500000003 0.08572222222222226
8 0.228421875 0.19063888888888889 0.04615625000000003 0.05704166666666666
7 0.032468750000000005 0.28120833333333334 0.033171875 0.022847222222222206
4 0.8151093749999999 0.029750000000000002 0.03738281249999993 0.04066666666666667
4 0.76690625 0.015305555555555555 0.03160937500000003 0.028388888888888894
7 0.7113437499999999 0.14319444444444443 0.015101562499999943 0.04333333333333332
4 0.8568046875 0.4986666666666667 0.02967968749999983 0.03261111111111114
7 0.9569296875 0.048277777777777774 0.022562500000000086 0.024597222222222215
8 0.7625234375 0.13848611111111112 0.04217968750000001 0.05963888888888889
4 0.1577890625 0.4241111111111111 0.027226562500000016 0.03273611111111118
4 0.27328125000000003 0.33929166666666666 0.02048437500000002 0.03175000000000002
4 0.247890625 0.3199444444444445 0.026632812500000026 0.030749999999999982
7 0.2437109375 0.35268055555555555 0.036117187500000016 0.03869444444444446
4 0.028625 0.2564444444444444 0.016671875000000003 0.030749999999999982
4 0.8251953125 0.15674999999999997 0.014070312500000171 0.05754166666666668
4 0.8151484375000001 0.15675 0.013828124999999858 0.059527777777777756
4 0.9594765625000001 0.03229166666666667 0.015554687499999886 0.02847222222222222