4 0.171390625 0.8105740740740739 0.3305520833333333 0.3371944444444445
4 0.38285416666666666 0.4902592592592593 0.09029166666666662 0.1645370370370371
4 0.6695572916666667 0.875 0.3850416666666668 0.25
4 0.5699895833333334 0.4675925925925926 0.08435937499999989 0.09722222222222222
4 0.8332864583333334 0.5972222222222222 0.16041145833333345 0.19444444444444445
4 0.7034322916666667 0.46296296296296297 0.1428802083333333 0.1712962962962963
4 0.5960260416666666 0.375 0.08434375000000002 0.09259259259259259
4 0.8453229166666667 0.44675925925925924 0.140234375 0.1388888888888889
4 0.5491666666666667 0.3397037037037037 0.054427083333333334 0.08912037037037036
4 0.5992864583333334 0.30324074074074076 0.04529166666666669 0.03935185185185185
4 0.6585156249999999 0.35012037037037036 0.06609895833333326 0.059027777777777776
4 0.9484375 0.6907407407407408 0.103125 0.2518518518518518
4 0.9450416666666667 0.5262222222222223 0.10991145833333343 0.0725462962962962
4 0.7001770833333333 0.21296296296296297 0.06088020833333327 0.041666666666666664
8 0.5371197916666667 0.6053240740740741 0.13448437500000002 0.24768518518518517
4 0.3846458333333333 0.3408611111111111 0.025515625000000004 0.04976851851851852
7 0.3859166666666667 0.3870925925925926 0.03235416666666661 0.03992592592592593
4 0.6564166666666666 0.25397222222222227 0.03402604166666663 0.05026851851851848
4 0.49682291666666667 0.269037037037037 0.016968749999999963 0.07349074074074075
4 0.46691145833333336 0.28738888888888886 0.014708333333333339 0.07291666666666667
4 0.29780729166666664 0.2449074074074074 0.0077395833333332815 0.04722222222222222
4 0.3074375 0.24537037037037038 0.009296874999999953 0.05185185185185185
4 0.28148958333333335 0.2163611111111111 0.016072916666666614 0.016666666666666666
4 0.23441145833333332 0.22083333333333333 0.01608854166666666 0.021296296296296296
4 0.121828125 0.1990185185185185 0.01438020833333334 0.018638888888888885
7 0.12186458333333333 0.21568518518518517 0.021598958333333317 0.01955555555555556
7 0.23583854166666668 0.23858333333333334 0.021645833333333364 0.017287037037037
7 0.27827604166666664 0.23981481481481481 0.023885416666666614 0.025925925925925925
4 0.22634895833333332 0.26769444444444446 0.07836458333333335 0.04958333333333329
4 0.18525520833333334 0.23194444444444445 0.03277604166666664 0.03148148148148148
4 0.216375 0.2125 0.03328124999999999 0.032407407407407406
4 0.154859375 0.20787037037037037 0.03330729166666669 0.03611111111111111
4 0.04294791666666666 0.19572222222222221 0.03656250000000001 0.029861111111111113
4 0.09166666666666666 0.16910185185185184 0.03400520833333334 0.02337962962962963
7 0.05818229166666667 0.22939814814814816 0.038114583333333334 0.02638888888888889
2 0.37616145833333337 0.24571296296296297 0.13729687500000007 0.1326388888888889
4 0.05509895833333334 0.20601851851851852 0.02338020833333334 0.020833333333333332