4 0.31726041666666666 0.5823055555555555 0.13709375000000001 0.22910185185185192
8 0.13991666666666666 0.628462962962963 0.11579687500000002 0.24878703703703708
8 0.6079635416666667 0.37066666666666664 0.06356249999999998 0.10496296296296298
4 0.594109375 0.3147314814814815 0.0652500000000001 0.06588888888888886
4 0.2919635416666667 0.7975833333333333 0.290203125 0.2764629629629629
6 0.37572916666666667 0.26330555555555557 0.1386510416666667 0.18605555555555559
6 0.22493749999999998 0.20803703703703705 0.1607760416666667 0.10716666666666667
4 0.48534375 0.2773333333333333 0.05333333333333338 0.0650648148148148
4 0.023942708333333333 0.7622222222222222 0.047390625000000006 0.18088888888888902
4 0.10845833333333334 0.24308333333333332 0.05706249999999999 0.04093518518518519
4 0.3850885416666667 0.4024351851851852 0.0702083333333333 0.1165462962962963
4 0.03989583333333333 0.18887962962962965 0.07978645833333334 0.06422222222222224
7 0.24122395833333332 0.4322962962962963 0.04765104166666667 0.0709166666666667
4 0.70465625 0.4091018518518518 0.1012604166666667 0.06478703703703706
4 0.240328125 0.38425925925925924 0.03273958333333334 0.056879629629629586
6 1 0.6265432101851851 0.7847222223958333 0.44135802500000004 0.6701388890625 0.4228395064814815 0.5329861109375 0.42901234537037036 0.48263888906249997 0.7037037037037037 0.48263888906249997 0.978395062037037 1 1 1 0.6265432101851851