4 0.06302604166666667 0.45746296296296296 0.12605208333333334 0.15434259259259253
4 0.07008854166666666 0.2891388888888889 0.040755208333333334 0.03956481481481483
4 0.120921875 0.3139722222222222 0.03754166666666666 0.049240740740740696
4 0.14446875 0.3264722222222222 0.04701562499999999 0.04805555555555553
7 0.13908333333333334 0.36689814814814814 0.050671875 0.03935185185185185
4 0.15927083333333333 0.34300925925925924 0.020244791666666668 0.07786111111111114
8 0.19974479166666667 0.3302777777777778 0.03490624999999999 0.08606481481481486
4 0.16896875 0.3017777777777778 0.036807291666666644 0.06021296296296294
4 0.2811666666666667 0.32649074074074075 0.021864583333333344 0.07470370370370376
4 0.16838020833333334 0.4583333333333333 0.033739583333333316 0.09722222222222222
4 0.18266666666666667 0.4494074074074074 0.023249999999999993 0.11507407407407405
4 0.26696875000000003 0.2633518518518519 0.03170833333333336 0.041435185185185186
4 0.32069270833333335 0.3020833333333333 0.04669791666666671 0.05324074074074074
7 0.3269322916666667 0.34847222222222224 0.017510416666666608 0.040861111111111105
4 0.36886458333333333 0.3819444444444444 0.01804166666666672 0.037037037037037035
4 0.38957291666666666 0.3594259259259259 0.018031249999999943 0.046296296296296294
7 0.3701666666666667 0.42424074074074075 0.027505208333333305 0.04545370370370373
7 0.3910572916666667 0.40330555555555553 0.022645833333333344 0.03893518518518514
4 0.46309374999999997 0.28223148148148147 0.055458333333333346 0.05021296296296298
4 0.5178177083333334 0.29228703703703707 0.06074999999999999 0.05430555555555554
4 0.79115625 0.4294907407407408 0.02449999999999998 0.08012962962962959
4 0.8150416666666668 0.43500925925925926 0.023781249999999924 0.07835185185185185
7 0.7957135416666666 0.4900277777777778 0.06564583333333332 0.049148148148148135
4 0.71275 0.30849074074074073 0.05135937500000007 0.06499074074074068
8 0.6914166666666667 0.2533796296296296 0.03134374999999991 0.05662037037037035
6 0.29171875 0.21190740740740743 0.11955729166666665 0.07410185185185182
4 0.22684375 0.3066203703703704 0.01189583333333335 0.06624074074074071
4 0.3254114583333333 0.3133888888888889 0.01832812500000003 0.02991666666666672
4 0.2837552083333333 0.26032407407407404 0.011937500000000038 0.022083333333333354
7 0.28635937499999997 0.28275925925925927 0.025151041666666648 0.017092592592592628
6 0.3763333333333333 0.22517592592592592 0.03442708333333329 0.03825925925925928
2 0.425375 0.22542592592592595 0.040359375 0.06196296296296298
4 0.593875 0.24857407407407406 0.01277604166666677 0.04415740740740738
4 0.6036874999999999 0.24537037037037038 0.011572916666666563 0.04201851851851852
4 0.7178645833333334 0.24109259259259258 0.025989583333333382 0.0391759259259259
4 0.7611302083333332 0.24537037037037038 0.009151041666666752 0.0391759259259259
4 0.8055885416666667 0.24002777777777778 0.04919270833333324 0.03561111111111112
4 0.8673020833333334 0.23112962962962963 0.0331874999999999 0.0334722222222222
4 0.8382604166666667 0.23433333333333334 0.03680729166666671 0.0341851851851852
4 0.9666197916666667 0.26139814814814816 0.06676041666666659 0.044157407407407354