4 0.4819453125 0.213625 0.06125000000000007 0.0637777777777778
4 0.57221875 0.5819166666666666 0.046226562500000054 0.1140972222222222
4 0.3215390625 0.7590138888888889 0.08377343750000002 0.12184722222222225
4 0.6881875 0.6403055555555556 0.09120312500000001 0.16105555555555562
4 0.4926328125 0.6308194444444445 0.09869531249999994 0.13944444444444443
4 0.416171875 0.8345138888888889 0.11009375000000002 0.13288888888888897
4 0.6304765625 0.7885972222222222 0.11041406249999994 0.1435694444444443
4 0.38189843749999997 0.7115555555555556 0.10014062499999996 0.1397500000000001
8 0.2338515625 0.40706944444444443 0.06674999999999995 0.09661111111111119
8 0.8910703124999999 0.06758333333333333 0.039617187500000026 0.05606944444444445
4 0.6435546875 0.5322222222222222 0.08716406249999994 0.10600000000000007
4 0.43112500000000004 0.6663888888888889 0.09566406250000004 0.13354166666666664
4 0.55321875 0.9240833333333334 0.11505468749999999 0.15183333333333324
7 0.629078125 0.23495833333333332 0.030921874999999942 0.03602777777777778
4 0.31165625 0.21647222222222223 0.05714062499999999 0.05438888888888885
4 0.7850078125 0.6225277777777778 0.05275781250000007 0.055986111111111035
4 0.8276406250000001 0.3655555555555555 0.05114062500000003 0.09026388888888891
6 0.36731250000000004 0.28279166666666666 0.11724218750000004 0.1259722222222222
4 0.30046093749999997 0.8674166666666666 0.07687499999999999 0.14755555555555558
4 0.8641796875000001 0.3170138888888889 0.07943749999999987 0.06611111111111115
4 0.7024296875 0.7952638888888889 0.05325781250000006 0.08199999999999995
7 0.350578125 0.36191666666666666 0.036867187500000044 0.03791666666666664
7 0.5428124999999999 0.21155555555555555 0.029257812500000036 0.05288888888888887
7 0.694484375 0.19531944444444443 0.022890624999999963 0.03274999999999998
8 0.32571875 0.15984722222222222 0.04227343750000001 0.06634722222222221
7 0.45267187499999995 0.16731944444444444 0.02834374999999998 0.03222222222222221
4 0.856234375 0.35498611111111106 0.08021093750000005 0.0985972222222222
4 0.939875 0.04888888888888889 0.02831249999999983 0.024444444444444442
8 0.149140625 0.37012500000000004 0.0348125 0.059222222222222204
8 0.7522656249999999 0.057430555555555554 0.029085937500000013 0.04608333333333332
7 0.3611953125 0.18130555555555555 0.03477343749999999 0.03470833333333335
4 0.7295078125 0.7191666666666666 0.06177343749999995 0.07519444444444451
7 0.40834374999999995 0.3362361111111111 0.030304687499999972 0.027319444444444466
7 0.5733671874999999 0.25752777777777774 0.031593750000000045 0.029638888888888854
4 0.36839843749999995 0.9497083333333333 0.10057031249999997 0.10058333333333344
4 0.23151562499999997 0.16938888888888887 0.07723437500000001 0.03720833333333332
7 0.24156249999999999 0.18973611111111113 0.03315624999999996 0.022319444444444433
4 0.698171875 0.17216666666666666 0.021757812499999928 0.027194444444444462
4 0.6316171875000001 0.21238888888888888 0.018203124999999966 0.0231527777777778
4 0.5743125 0.2326388888888889 0.01688281249999992 0.028930555555555532
7 0.492765625 0.2879027777777778 0.026968749999999986 0.028361111111111132
4 0.49228125 0.25954166666666667 0.023390625000000043 0.026041666666666668
4 0.45339062500000005 0.14583333333333334 0.016570312500000028 0.026625000000000024
4 0.411390625 0.30844444444444447 0.023062499999999986 0.028930555555555532
4 0.35442968750000003 0.3318888888888889 0.021781249999999995 0.034138888888888864
4 0.3620703125 0.16001388888888887 0.016226562499999986 0.028361111111111094
4 0.237703125 0.17083333333333334 0.024843749999999963 0.025
4 0.7188203125 0.7298749999999999 0.018296875000000056 0.06651388888888896
4 0.8269062500000001 0.5354166666666667 0.04208593749999991 0.0526111111111111