6 0.19548958333333333 0.22067592592592594 0.15653125000000004 0.07562037037037038
6 0.32979687500000004 0.21412037037037038 0.07533854166666672 0.08101851851851852
4 0.08896354166666667 0.23712962962962966 0.05198958333333333 0.03346296296296295
4 0.06375520833333333 0.4644537037037037 0.12750520833333334 0.17030555555555563
4 0.14520312500000002 0.40443518518518523 0.09073958333333335 0.09095370370370372
4 0.11998958333333333 0.3113425925925926 0.04026562499999997 0.04398148148148148
4 0.14385937499999998 0.3341018518518518 0.04372916666666669 0.06173148148148144
4 0.17380208333333333 0.3414351851851852 0.02201562499999999 0.06095370370370374
8 0.19785416666666666 0.32431481481481483 0.03985937499999999 0.0797685185185185
8 0.2836770833333333 0.48760185185185184 0.09172395833333329 0.1511203703703704
4 0.4310572916666667 0.3987685185185185 0.07917187499999999 0.08952777777777772
4 0.46519791666666666 0.2808611111111111 0.0544583333333333 0.0540092592592593
4 0.5181406250000001 0.29050925925925924 0.05877604166666662 0.05015740740740737
7 0.6962708333333333 0.32484259259259257 0.02703125000000005 0.032407407407407406
4 0.7739739583333333 0.7628796296296296 0.3063645833333332 0.2797962962962964
4 0.7145364583333333 0.24385185185185188 0.028463541666666713 0.03399074074074077
4 0.7583177083333333 0.2270925925925926 0.0358489583333333 0.04970370370370366
4 0.7901145833333333 0.22800925925925927 0.022953125000000085 0.0400833333333333
4 0.8298541666666667 0.2341574074074074 0.051437500000000115 0.03167592592592596
4 0.8682552083333334 0.23257407407407407 0.02463541666666676 0.033379629629629586
4 0.5003333333333333 0.299 0.010770833333333367 0.06712962962962964
4 0.6958489583333333 0.29475 0.018125000000000096 0.033953703703703667
4 0.9186614583333333 0.2233611111111111 0.00817708333333324 0.03118518518518519
4 0.9359947916666667 0.22352777777777777 0.026166666666666553 0.03269444444444445