4 0.38266406249999996 0.7166527777777778 0.1013671875 0.1555833333333333
4 0.4305703125 0.6682222222222223 0.09977343750000003 0.13691666666666658
4 0.32125781249999996 0.7590694444444444 0.08488281249999999 0.12329166666666665
4 0.49040625000000004 0.6306111111111111 0.09790624999999994 0.13594444444444445
4 0.64240625 0.5298055555555555 0.08843750000000003 0.09920833333333326
4 0.2092265625 0.176375 0.07059375000000001 0.04319444444444444
4 0.572765625 0.5777916666666667 0.04578906249999992 0.11459722222222221
4 0.6877265625 0.6414027777777777 0.09210156250000008 0.15030555555555558
4 0.3558203125 0.27416666666666667 0.07569531249999999 0.06455555555555557
4 0.6314062500000001 0.7889027777777777 0.11576562500000005 0.14634722222222207
4 0.297328125 0.8628472222222222 0.08537499999999998 0.13144444444444459
4 0.8025625 0.11468055555555555 0.043007812500000145 0.04702777777777779
4 0.546375 0.9227916666666667 0.12229687499999997 0.15133333333333338
4 0.8256328125 0.3659722222222222 0.053460937499999875 0.0830555555555555
4 0.8610468750000001 0.31831944444444443 0.07922656249999989 0.06329166666666666
4 0.8553984375000001 0.34708333333333335 0.08234375000000008 0.09694444444444446
4 0.124828125 0.34425 0.10892187500000002 0.1086527777777778
8 0.033187499999999995 0.4968194444444444 0.06637499999999999 0.11344444444444438
8 0.35417187499999997 0.15452777777777776 0.037179687500000023 0.05694444444444444
7 0.3358203125 0.19737500000000002 0.028437499999999984 0.029430555555555554
4 0.3244296875 0.13534722222222223 0.013742187500000025 0.04412500000000001
4 0.4235703125 0.346625 0.01459375000000005 0.06131944444444441
4 0.548921875 0.2781527777777778 0.01743749999999995 0.059333333333333294
4 0.521 0.3073472222222222 0.010093750000000058 0.05869444444444443
8 0.579875 0.228125 0.04311718750000004 0.07169444444444445
7 0.48722656249999996 0.24141666666666667 0.02996093749999993 0.03466666666666664
8 0.4449609375 0.11666666666666667 0.04278906249999999 0.05580555555555557
4 0.70065625 0.7907916666666667 0.04928124999999994 0.08851388888888892
4 0.7273828124999999 0.7231805555555556 0.0675859375 0.07395833333333333
4 0.7533515625 0.671625 0.060945312499999994 0.07068055555555554
4 0.7852734375000001 0.6233333333333333 0.05178906249999997 0.056555555555555595
4 0.813109375 0.5790555555555555 0.03119531249999987 0.052652777777777736
4 0.8278281249999999 0.5375 0.04846874999999997 0.056777777777777774
6 0.7163671875000001 0.09793055555555556 0.08560937499999995 0.12119444444444447
8 0.93615625 0.07013888888888889 0.03665625000000006 0.053486111111111095
4 0.881046875 0.10259722222222223 0.011164062499999971 0.034180555555555575
4 0.8950234375000001 0.043875 0.03999218750000004 0.05461111111111111
4 0.371046875 0.3023194444444444 0.01690624999999999 0.0268472222222222
4 0.4882109375 0.2247638888888889 0.015304687499999936 0.036569444444444425
4 0.3334296875 0.18209722222222224 0.015617187500000008 0.027777777777777776
4 0.1985234375 0.21741666666666665 0.020414062499999996 0.028847222222222198
4 0.7186015625 0.17229166666666665 0.016867187499999936 0.021777777777777788
7 0.7144296875 0.1918888888888889 0.02583593749999995 0.03597222222222219
7 0.206828125 0.23718055555555556 0.029843750000000037 0.03243055555555559
4 0.9618203125000001 0.022111111111111113 0.042671874999999915 0.044222222222222225
4 0.88509375 0.127875 0.008890625000000086 0.044263888888888894
4 0.7719765625 0.06576388888888889 0.012406250000000086 0.05323611111111111