4 0.5720703125 0.5816805555555555 0.04630468749999998 0.11274999999999993
4 0.321140625 0.7592083333333334 0.08436718750000001 0.12172222222222229
4 0.354796875 0.2766388888888889 0.08033593750000004 0.08676388888888893
4 0.795125 0.04018055555555555 0.04252343749999996 0.040611111111111105
4 0.688375 0.640875 0.09039843750000003 0.16140277777777776
4 0.5171953125 0.7648611111111112 0.018875000000000065 0.07474999999999991
4 0.22703125000000002 0.1674027777777778 0.07191406249999999 0.04840277777777779
4 0.4160390625 0.8348194444444446 0.10903124999999995 0.13248611111111125
4 0.4932265625 0.632263888888889 0.09696093749999993 0.13543055555555555
4 0.643265625 0.5324305555555556 0.08642187500000009 0.10443055555555564
7 0.26932812500000003 0.43330555555555555 0.0330078125 0.04326388888888886
4 0.6307109375 0.7886527777777779 0.11150781250000001 0.14520833333333327
4 0.38185156249999996 0.7125972222222223 0.10012500000000002 0.1410833333333333
4 0.431265625 0.6670555555555555 0.09572656249999997 0.13523611111111103
4 0.5535234375 0.9244166666666668 0.11399218750000006 0.15020833333333347
4 0.8277109375 0.3588472222222222 0.052757812500000154 0.09379166666666663
8 0.388578125 0.16134722222222223 0.03841406250000001 0.06395833333333331
7 0.7924453125 0.13270833333333332 0.020437500000000063 0.047166666666666676
4 0.9312421875 0.028666666666666667 0.04132812500000007 0.047861111111111125
7 0.8338203125 0.1228611111111111 0.021999999999999888 0.05702777777777778
4 0.7853828125 0.6231388888888889 0.052312500000000026 0.05715277777777775
4 0.30071875000000003 0.8694444444444445 0.07857031250000004 0.151861111111111
7 0.3667109375 0.18477777777777776 0.02531249999999998 0.046861111111111124
8 0.7690078125 0.11256944444444444 0.03946874999999998 0.05680555555555556
4 0.8575781250000001 0.31702777777777774 0.0833984375 0.06350000000000004
4 0.1295859375 0.42544444444444446 0.08149218750000001 0.09287500000000001
4 0.8550703125 0.3547361111111111 0.08310156249999992 0.10026388888888889
4 0.8300234375000001 0.5343194444444445 0.04728124999999998 0.050597222222222155
4 0.6141171875 0.17943055555555557 0.04568750000000001 0.054069444444444455
7 0.5253828125 0.27743055555555557 0.027976562499999958 0.036166666666666694
4 0.7023125 0.7957916666666667 0.051125000000000045 0.07930555555555543
7 0.3412109375 0.16576388888888888 0.020132812499999986 0.032305555555555546
4 0.8123203125 0.5765833333333333 0.03328906250000001 0.04233333333333336
4 0.732625 0.7203888888888889 0.07332031249999993 0.08712500000000002
4 0.366625 0.9475833333333333 0.09052343749999996 0.10483333333333336
4 0.853328125 0.4691944444444444 0.01648437499999993 0.07297222222222217
4 0.9074296875 0.30523611111111115 0.0135859374999999 0.05215277777777779
7 0.5504609375 0.2341805555555556 0.03171874999999993 0.056055555555555574
4 0.24765625 0.275 0.01603906249999998 0.0600972222222222
4 0.6267031249999999 0.25687499999999996 0.014195312500000057 0.05415277777777779
4 0.68875 0.2273611111111111 0.014351562499999915 0.05319444444444446
4 0.2725078125 0.4090555555555555 0.02300000000000004 0.03861111111111105
4 0.528921875 0.2618888888888889 0.013523437499999957 0.03576388888888889