4 0.5178541666666666 0.2911203703703704 0.06211458333333339 0.054231481481481526
4 0.713375 0.2437685185185185 0.03260416666666662 0.040194444444444415
8 0.7004479166666666 0.30625 0.04444791666666674 0.08241666666666665
4 0.0605 0.4600092592592593 0.121 0.1572222222222223
4 0.8596510416666666 0.23246296296296295 0.04731250000000008 0.03337962962962961
7 0.474609375 0.5278703703703704 0.03850000000000004 0.06312962962962969
4 0.14667708333333335 0.40769444444444447 0.08297395833333332 0.10093518518518518
4 0.35480208333333335 0.2566574074074074 0.05332812500000005 0.033277777777777726
4 0.9454895833333333 0.21483333333333335 0.0490572916666667 0.03870370370370371
8 0.19852604166666668 0.3211759259259259 0.03767187500000002 0.0743148148148148
4 0.07173958333333334 0.28876851851851854 0.04491145833333334 0.04358333333333338
4 0.8190416666666667 0.2367777777777778 0.02951041666666659 0.03393518518518519
7 0.563640625 0.40675 0.02791666666666662 0.04586111111111109
4 0.7599270833333333 0.21378703703703703 0.03490624999999999 0.03362962962962962
4 0.465953125 0.27928703703703706 0.056984375000000045 0.04861111111111111
4 0.11896874999999998 0.31187037037037035 0.035536458333333326 0.04683333333333337
4 0.5713385416666666 0.23753703703703705 0.046984375000000016 0.039379629629629605
7 0.15184375 0.2717222222222222 0.014421875000000028 0.018518518518518517
4 0.15044270833333334 0.2523148148148148 0.011619791666666638 0.018870370370370367
4 0.13591666666666666 0.27635185185185185 0.012619791666666677 0.020657407407407357
4 0.20693229166666666 0.35648148148148145 0.01682812500000003 0.07835185185185185
4 0.20442708333333334 0.23985185185185187 0.039864583333333314 0.028842592592592572
7 0.26361979166666666 0.26246296296296295 0.01682812499999997 0.01780555555555557
4 0.25981770833333334 0.24430555555555558 0.008010416666666664 0.015666666666666655
7 0.32241666666666663 0.28205555555555556 0.028645833333333332 0.023499999999999997
4 0.32271875 0.2572962962962963 0.010416666666666666 0.023148148148148147
2 0.4337916666666667 0.2229351851851852 0.05629166666666663 0.048435185185185185
4 0.3666875 0.22525 0.015427083333333277 0.0345462962962963
4 0.38241145833333334 0.22418518518518518 0.02123437499999999 0.028842592592592572
4 0.50540625 0.24679629629629632 0.046875 0.031342592592592616
4 0.5636041666666666 0.36467592592592596 0.020234374999999954 0.04201851851851852
4 0.4739583333333333 0.4564259259259259 0.03308854166666665 0.05446296296296301
4 0.7371302083333333 0.2429166666666667 0.009802083333333418 0.041398148148148156
4 0.13958333333333334 0.8726851851851852 0.2791666666666667 0.24722222222222223
4 0.041666666666666664 0.8009259259259259 0.07291666666666667 0.19444444444444445