4 0.525671875 0.5411574074074075 0.12476562500000009 0.1973981481481482
4 0.46015104166666665 0.3622592592592593 0.0564791666666667 0.09259259259259259
4 0.16596354166666671 0.45591666666666664 0.16494270833333335 0.12014814814814814
4 0.6979479166666667 0.6657222222222222 0.15072395833333327 0.2298240740740741
4 0.9172656250000001 0.7355555555555555 0.16546874999999991 0.20018518518518522
4 0.047317708333333285 0.5401574074074074 0.09463541666666657 0.10753703703703713
6 0.63253125 0.3110277777777778 0.09759375000000006 0.23105555555555551
4 0.49813541666666666 0.277 0.04761458333333337 0.07124074074074069
7 0.11276041666666667 0.9050925925925926 0.0921875 0.18981481481481483
4 0.37604166666666666 0.7953703703703704 0.30833333333333335 0.40925925925925927
7 0.3399270833333334 0.6629537037037038 0.05748958333333339 0.12169444444444451
4 0.05602604166666663 0.7081111111111111 0.11205208333333326 0.2611944444444444
4 0.5575625 0.3200555555555556 0.05684375000000017 0.12213888888888887
4 0.28779687499999995 0.4650648148148148 0.12085416666666665 0.18609259259259261
4 0.3909947916666667 0.3790648148148148 0.06691145833333323 0.13072222222222227
4 0.839921875 0.20517592592592593 0.043005208333333184 0.03802777777777777
4 0.7420416666666667 0.2840185185185185 0.07535937500000003 0.06771296296296296
4 0.15324479166666669 0.5972314814814814 0.18027604166666672 0.20169444444444437
7 0.46766666666666673 0.3075277777777778 0.03175000000000002 0.03852777777777779
4 0.40711979166666673 0.32083333333333336 0.06351562499999991 0.07814814814814813
4 0.8849895833333333 0.20490740740740743 0.04707291666666672 0.03811111111111108
4 0.9833229166666667 0.20810185185185184 0.032588541666666755 0.06963888888888892
4 0.13671875 0.7494259259259259 0.0625 0.1284722222222222
4 0.3359375 0.5665555555555556 0.046875 0.08449074074074074
4 0.11230208333333327 0.6226851851851852 0.044921875 0.20833333333333334
4 0.7793489583333333 0.2124259259259259 0.05148437499999995 0.028842592592592572