4 0.7133281250000001 0.6303703703703704 0.11441666666666682 0.24712962962962973
4 0.6554947916666667 0.35676851851851854 0.05874479166666665 0.07967592592592589
4 0.56625 0.3722037037037037 0.0590572916666666 0.10688888888888894
4 0.9231614583333333 0.6271296296296296 0.1536718750000001 0.1757222222222222
4 0.1405572916666666 0.5551203703703703 0.1605677083333333 0.10820370370370361
4 0.047562499999999966 0.5406481481481481 0.09340625000000008 0.10103703703703715
4 0.6750781250000001 0.4553888888888889 0.09709895833333348 0.13579629629629628
4 0.39528125000000003 0.3675740740740741 0.057630208333333384 0.08502777777777781
4 0.3447239583333333 0.358962962962963 0.06649999999999992 0.09182407407407403
4 0.14670833333333336 0.45751851851851855 0.11572395833333336 0.11098148148148139
4 0.7193281250000001 0.2964074074074074 0.06552083333333343 0.05922222222222225
4 0.27935937499999997 0.4366574074074074 0.13381250000000003 0.1269537037037037
7 0.4990572916666667 0.9660277777777777 0.056588541666666714 0.06794444444444454
7 0.5722239583333334 0.7856388888888889 0.05450520833333338 0.15897222222222226
4 0.587078125 0.32769444444444445 0.05248437499999999 0.08830555555555555
4 0.6447760416666667 0.27387962962962964 0.06129687500000003 0.04497222222222227
4 0.815890625 0.21058333333333334 0.037911458333333314 0.03543518518518517
4 0.510765625 0.31612962962962965 0.053734375000000036 0.045259259259259256
4 0.5094375000000001 0.35020370370370374 0.07724479166666663 0.048342592592592624
4 0.7066145833333334 0.24896296296296297 0.06057812499999997 0.043462962962963016
4 0.1462395833333333 0.18462962962962964 0.051401041666666696 0.034731481481481474
4 0.7942708333333334 0.8549351851851853 0.3385416666666667 0.2901203703703703
2 0.2747395833333333 0.8023148148148148 0.5484375 0.39537037037037037
4 0.50409375 0.8617685185185185 0.057291666666666664 0.10185185185185185
4 0.5662187499999999 0.4809259259259259 0.03125 0.06216666666666676
4 0.592546875 0.5608981481481481 0.03605729166666668 0.07621296296296291
4 0.5787239583333333 0.6634629629629629 0.042869791666666636 0.09187962962962964
4 0.6304062500000001 0.5149537037037036 0.029244791666666714 0.06695370370370365
4 0.6117812499999999 0.40705555555555556 0.024036458333333382 0.12464814814814815
4 0.9174114583333334 0.2042037037037037 0.0093020833333334 0.019509259259259254
7 0.920203125 0.22619444444444445 0.03050520833333342 0.023805555555555538
4 0.18415104166666663 0.4537037037037037 0.02901562500000002 0.08994444444444454
4 0.46335416666666673 0.30456481481481484 0.015994791666666685 0.032407407407407406
7 0.4601927083333333 0.34193518518518523 0.020833333333333332 0.0396851851851852
4 0.42466666666666664 0.3082037037037037 0.015255208333333315 0.06878703703703701
4 0.4772135416666667 0.2516203703703704 0.012760416666666666 0.03657407407407407
4 0.5416666666666666 0.2599537037037037 0.009895833333333333 0.04490740740740741
4 0.8891927083333333 0.25439814814814815 0.07890625 0.03564814814814815
4 0.30101041666666667 0.21350925925925926 0.05606770833333338 0.0305
4 0.959203125 0.1962962962962963 0.034375 0.028398148148148162