4 0.28684375 0.6649166666666667 0.24695833333333336 0.24159259259259266
4 0.5461197916666667 0.8535092592592592 0.3314635416666666 0.29298148148148156
4 0.27429166666666666 0.30925925925925923 0.055166666666666704 0.054370370370370395
4 0.7114427083333333 0.24200000000000002 0.030312499999999905 0.041675925925925915
4 0.7818385416666668 0.24206481481481482 0.0457916666666667 0.039638888888888946
4 0.14619791666666665 0.33113888888888887 0.051338541666666695 0.056842592592592577
4 0.3674322916666667 0.2245740740740741 0.017854166666666654 0.03832407407407406
4 0.062239583333333334 0.4590648148148148 0.12447916666666667 0.1573148148148148
4 0.15174479166666668 0.9119814814814815 0.30348437500000003 0.17603703703703694
4 0.5177135416666666 0.29144444444444445 0.05994270833333341 0.05162962962962962
6 0.9128437500000001 0.48064814814814816 0.17310937499999995 0.24860185185185185
7 0.5346927083333333 0.3794351851851852 0.026979166666666762 0.04404629629629634
6 0.6320104166666667 0.5044351851851852 0.31639062500000015 0.18906481481481485
7 0.31203125000000004 0.35780555555555554 0.022671874999999987 0.035694444444444404
4 0.12050000000000001 0.3111296296296296 0.03806250000000002 0.05107407407407404
4 0.20255208333333333 0.24880555555555553 0.03673958333333331 0.02762962962962966
7 0.6918072916666667 0.3463148148148148 0.021114583333333315 0.042814814814814826
4 0.8403229166666667 0.23012037037037034 0.027895833333333304 0.03227777777777779
8 0.9718385416666667 0.6992222222222222 0.055281249999999935 0.21425925925925934
7 0.6223489583333334 0.35635185185185186 0.023036458333333343 0.03960185185185183
4 0.68884375 0.21850925925925926 0.037114583333333444 0.028481481481481472
7 0.8696145833333334 0.9126203703703704 0.07830208333333341 0.16241666666666674
4 0.8715260416666666 0.7685185185185185 0.06597395833333337 0.13580555555555562
4 0.84375 0.5848796296296296 0.04514062500000004 0.20062037037037045
4 0.4504322916666667 0.5370370370370371 0.04739583333333333 0.16234259259259254
4 0.21180729166666667 0.44136111111111115 0.03472395833333331 0.117287037037037
4 0.06848958333333334 0.28935185185185186 0.04114583333333333 0.04351851851851852
4 0.14765625 0.40046296296296297 0.08697916666666666 0.08981481481481482
4 0.20104166666666667 0.36064814814814816 0.01875 0.06018518518518518
4 0.225 0.31851851851851853 0.015625 0.06666666666666667
8 0.19774479166666667 0.32113888888888886 0.0375 0.07191666666666663
4 0.11041666666666666 0.2564814814814815 0.04791666666666667 0.025925925925925925
4 0.2671875 0.26157407407407407 0.010416666666666666 0.03611111111111111
4 0.3112864583333333 0.3228425925925926 0.017015625000000038 0.03333333333333333
4 0.37552083333333336 0.2580277777777778 0.01215104166666663 0.020990740740740702
7 0.3741302083333334 0.2821018518518519 0.02951562500000004 0.022222222222222223
4 0.38211979166666665 0.2262314814814815 0.022567708333333294 0.033953703703703715
4 0.46493229166666666 0.2833333333333333 0.05694270833333329 0.04937962962962967
4 0.6932291666666667 0.30863888888888885 0.015625 0.02962962962962963
4 0.622046875 0.31574074074074077 0.017015625000000038 0.03148148148148148
7 0.5847239583333333 0.39567592592592593 0.0319427083333333 0.04567592592592597
4 0.5822916666666667 0.34876851851851853 0.023609374999999964 0.03580555555555552
4 0.534375 0.33796296296296297 0.021526041666666627 0.04012037037037041
7 0.4239583333333333 0.41388888888888886 0.029166666666666667 0.04382407407407411
4 0.4210052083333334 0.3648148148148148 0.02048437499999996 0.043212962962962925
4 0.7786458333333334 0.7748888888888888 0.07421875 0.14699074074074073
4 0.6493072916666667 0.6553518518518519 0.23958333333333334 0.16049074074074068
4 0.7827708333333334 0.9214259259259259 0.08653124999999993 0.15714814814814818
4 0.2968645833333333 0.2730092592592593 0.014333333333333325 0.04081481481481485
4 0.5043541666666667 0.2485277777777778 0.04410937500000003 0.03578703703703701