4 0.68828125 0.63046875 0.1546875 0.25625
4 0.878125 0.640625 0.184375 0.271875
4 0.4625 0.78125 0.2078125 0.3609375
4 0.13671875 0.80078125 0.2109375 0.3796875
4 0.80078125 0.875 0.265625 0.240625
4 0.20625 0.21328125 0.11875 0.1765625
4 0.56171875 0.39921875 0.1484375 0.221875
4 0.9265625 0.4 0.1375 0.25625
4 0.7515625 0.428125 0.1421875 0.23125
4 0.2046875 0.42890625 0.125 0.228125
4 0.0375 0.465625 0.075 0.259375
4 0.39453125 0.48671875 0.1546875 0.271875
4 0.517078125 0.236359375 0.114265625 0.19251562499999997
4 0.6561250000000001 0.21135937500000002 0.13609375000000004 0.20501562499999998
6 0.8992968749999999 0.1410625 0.16621875000000016 0.22692187499999994
4 0.06143750000000001 0.360296875 0.10921875 0.20912499999999995
4 0.333515625 0.12492187500000003 0.10653125000000001 0.17589062500000002
4 0.133296875 0.129359375 0.0966875 0.16912499999999997
4 0.47229687499999995 0.1754375 0.08095312499999992 0.17692187500000003