4 0.31171875 0.63046875 0.1546875 0.25625
4 0.121875 0.640625 0.184375 0.271875
4 0.5375 0.78125 0.2078125 0.3609375
4 0.86328125 0.80078125 0.2109375 0.3796875
4 0.19921875 0.875 0.265625 0.240625
4 0.79375 0.21328125 0.11875 0.1765625
4 0.43828125 0.39921875 0.1484375 0.221875
4 0.0734375 0.4 0.1375 0.25625
4 0.2484375 0.428125 0.1421875 0.23125
4 0.7953125 0.42890625 0.125 0.228125
4 0.9625 0.465625 0.075 0.259375
4 0.60546875 0.48671875 0.1546875 0.271875
4 0.482921875 0.236359375 0.114265625 0.19251562499999997
4 0.343875 0.21135937500000002 0.13609375000000004 0.20501562499999998
6 0.10070312500000007 0.1410625 0.16621875000000016 0.22692187499999994
4 0.9385625 0.360296875 0.10921875000000014 0.20912499999999995
4 0.666484375 0.12492187500000003 0.10653124999999992 0.175890625
4 0.8667031250000001 0.129359375 0.09668750000000018 0.16912499999999997
4 0.527703125 0.1754375 0.08095312499999992 0.17692187500000003