4 0.20625 0.5734375 0.1046875 0.1796875
4 0.57734375 0.67734375 0.140625 0.1765625
4 0.3578125 0.8 0.1484375 0.2203125
4 0.109375 0.875 0.1328125 0.2015625
4 0.8609375 0.87109375 0.175 0.246875
4 0.3921875 0.49609375 0.1203125 0.165625
4 0.695171875 0.52171875 0.12045312500000005 0.15073437500000003
4 0.49678125 0.4405 0.08615624999999998 0.09453125
4 0.2561875 0.428515625 0.092484375 0.133078125
4 0.653 0.4139375 0.09235937500000002 0.11642187499999998
4 0.50225 0.323859375 0.07521874999999997 0.09874999999999998
4 0.39184375 0.29053125 0.07317187499999997 0.07584375000000003
4 0.299671875 0.30667187500000004 0.05759375000000002 0.08937499999999998
6 0.40251562500000004 0.16710937500000003 0.07265625 0.141515625
4 0.594671875 0.279078125 0.06321875000000006 0.0841875