3 0.7875 0.37890625 0.178125 0.1453125
3 0.45625 0.35546875 0.1875 0.1578125
3 0.56171875 0.21171875 0.1578125 0.2296875
3 0.20625 0.78203125 0.20625 0.1671875
3 0.95 0.44765625 0.1 0.1984375
3 0.7890625 0.5109375 0.1875 0.153125
3 0.40234375 0.93515625 0.2078125 0.1265625
3 0.2609375 0.47578125 0.159375 0.1671875
3 0.4359375 0.4921875 0.184375 0.165625
3 0.78671875 0.24296875 0.1953125 0.1421875
3 0.41328125 0.7890625 0.2328125 0.175
3 0.19296875 0.915625 0.1703125 0.109375
3 0.25078125 0.6125 0.1890625 0.15625
3 0.0921875 0.03984375 0.059375 0.0796875
3 0.95078125 0.61640625 0.0953125 0.1765625
3 0.54140625 0.028125 0.0765625 0.05625
3 0.7796875 0.6578125 0.1875 0.12421875
3 0.93125 0.771875 0.0875 0.128125
3 0.77109375 0.80859375 0.1859375 0.1546875
3 0.95234375 0.26328125 0.0953125 0.2171875
3 0.93984375 0.1046875 0.1203125 0.10625
3 0.9171875 0.95078125 0.059375 0.0984375