7 0.3889791666666667 0.6346481481481481 0.06630729166666664 0.0952129629629629
4 0.60390625 0.5486111111111112 0.1734375 0.16018518518518518
4 0.8405052083333333 0.734 0.14656250000000004 0.3157685185185185
4 0.11276041666666667 0.35 0.08385416666666666 0.08518518518518518
4 0.18723958333333332 0.34074074074074073 0.0921875 0.09259259259259259
2 0.08125 0.274537037037037 0.15729166666666666 0.12685185185185185
4 0.06901041666666667 0.5879629629629629 0.13697916666666668 0.15
4 0.32264583333333335 0.4224537037037037 0.03758333333333338 0.09027777777777778
4 0.28619791666666666 0.4664351851851852 0.024583333333333356 0.11805555555555555
4 0.36761458333333336 0.5735648148148148 0.023880208333333285 0.08502777777777772
4 0.4580364583333333 0.4363425925925926 0.045343749999999974 0.10416666666666667
4 0.49969791666666663 0.375 0.02449999999999998 0.1111111111111111
4 0.5504687500000001 0.35532407407407407 0.014067708333333448 0.09490740740740741
4 0.5309427083333333 0.3645833333333333 0.02709375000000005 0.09953703703703703
4 0.7672083333333333 0.24053703703703702 0.011921874999999934 0.044574074074074065
4 0.7478750000000001 0.24586111111111109 0.012687500000000067 0.05716666666666668
4 0.7297499999999999 0.2675277777777778 0.013619791666666714 0.06013888888888893
4 0.7177552083333333 0.2643888888888889 0.01231770833333338 0.07831481481481482
4 0.6629843750000001 0.32871296296296293 0.015135416666666639 0.06942592592592595
4 0.6429010416666666 0.3287037037037037 0.014031250000000028 0.0687685185185185
4 0.6309947916666666 0.3391388888888889 0.01403645833333324 0.08564814814814815
4 0.6064479166666668 0.3449074074074074 0.024463541666666564 0.07407407407407407
4 0.40466145833333333 0.42476851851851855 0.021932291666666614 0.1087962962962963
4 0.3812291666666667 0.4513888888888889 0.016734375000000058 0.09722222222222222
4 0.35975 0.4555740740740741 0.023250000000000052 0.1055833333333333
4 0.33631770833333335 0.5069444444444444 0.020656250000000043 0.1388888888888889
4 0.115 0.8842592592592593 0.04417187500000001 0.17592592592592593
4 0.059671875 0.8576388888888888 0.03768229166666667 0.16435185185185186
4 0.08050520833333333 0.6898148148148148 0.042885416666666676 0.10648148148148148
4 0.24713541666666666 0.9713981481481481 0.04802083333333336 0.057203703703703784
4 0.11615625 0.3577037037037037 0.0680625 0.08559259259259254
4 0.0536875 0.4521481481481481 0.023364583333333324 0.09490740740740736
4 0.124765625 0.4652777777777778 0.02203645833333335 0.08333333333333333
4 0.17749479166666668 0.4398148148148148 0.023317708333333322 0.10185185185185185
4 0.25959895833333335 0.3386388888888889 0.013057291666666693 0.05421296296296292
4 0.24974479166666666 0.42939814814814814 0.024593750000000015 0.11805555555555555
4 0.2106875 0.4224537037037037 0.022005208333333335 0.09490740740740741
4 0.3135364583333333 0.34837962962962965 0.014156250000000033 0.0763888888888889
4 0.3643072916666667 0.3611111111111111 0.014135416666666718 0.0787037037037037
4 0.7194791666666667 0.46355555555555555 0.024708333333333363 0.0982129629629629
4 0.40396875 0.2638888888888889 0.015473958333333352 0.07222222222222222
4 0.364390625 0.2574074074074074 0.019656250000000004 0.07037037037037037
4 0.3331458333333333 0.26296296296296295 0.027999999999999994 0.06666666666666667
4 0.36699479166666665 0.17777777777777778 0.018614583333333337 0.044444444444444446
4 0.3305416666666667 0.19074074074074074 0.02070833333333333 0.06666666666666667
4 0.826703125 0.28078703703703706 0.01844270833333326 0.05401851851851855
4 0.8517447916666666 0.29075 0.013046875000000095 0.06294444444444446
4 0.7096458333333333 0.41598148148148145 0.017635416666666733 0.07743518518518518
4 0.860359375 0.4189259259259259 0.018921874999999963 0.10988888888888884
4 0.901078125 0.47658333333333336 0.022578124999999952 0.11481481481481481
4 0.9632447916666667 0.5481481481481482 0.0340729166666667 0.1259259259259259
4 0.7869479166666667 0.42659259259259263 0.025234374999999906 0.09497222222222217
4 0.8304479166666667 0.38055555555555554 0.020562500000000008 0.10555555555555556
4 0.12120833333333333 0.7791296296296296 0.034145833333333334 0.15519444444444455
4 0.7326510416666667 0.43590740740740735 0.016098958333333257 0.090787037037037
7 0.08955208333333334 0.7426944444444444 0.11500520833333334 0.09600925925925931