2 0.4869791666666667 0.4537037037037037 0.10520833333333333 0.24444444444444444
2 0.7250989583333334 0.38987037037037037 0.069921875 0.18252777777777776
8 0.7169270833333333 0.6444444444444445 0.07239583333333334 0.17222222222222222
2 0.8494791666666667 0.6555555555555556 0.209375 0.4666666666666667
2 0.22083333333333333 0.4828703703703704 0.14479166666666668 0.23425925925925925
2 0.08046875 0.5296296296296297 0.1609375 0.30185185185185187
4 0.57734375 0.3074074074074074 0.0296875 0.05185185185185185
4 0.57734375 0.2601851851851852 0.0265625 0.03518518518518519
6 0.8432291666666667 0.29814814814814816 0.030208333333333334 0.06666666666666667
6 0.7635416666666667 0.2513888888888889 0.028125 0.05648148148148148
8 0.45598958333333334 0.33796296296296297 0.033854166666666664 0.06296296296296296
2 0.41171875 0.30925925925925923 0.07864583333333333 0.11851851851851852
2 0.4401041666666667 0.23981481481481481 0.04583333333333333 0.07037037037037037
2 0.5489583333333333 0.2263888888888889 0.029166666666666667 0.06759259259259259
4 0.9628125 0.5370370370370371 0.022802083333333438 0.10684259259259268
4 0.19201041666666668 0.6011203703703704 0.0203125 0.10157407407407412
4 0.33402604166666666 0.356787037037037 0.01143229166666669 0.059027777777777776
4 0.3074635416666667 0.37346296296296294 0.02023958333333328 0.06624074074074071
4 0.21524479166666666 0.32523148148148145 0.023307291666666667 0.04398148148148148
4 0.13977604166666666 0.376 0.014661458333333321 0.03727777777777777
4 0.08168229166666667 0.3822962962962963 0.016098958333333347 0.035972222222222246
4 0.7295625 0.2570185185185185 0.012729166666666696 0.04266666666666668
4 0.6042135416666666 0.38145370370370374 0.012854166666666582 0.06917592592592596
4 0.9424218750000001 0.33504629629629634 0.01268229166666662 0.05227777777777781
4 0.6166510416666667 0.3780555555555556 0.011041666666666571 0.06996296296296302