8 0.41041666666666665 0.6814814814814815 0.109375 0.1925925925925926
4 0.58828125 0.6106481481481482 0.1296875 0.1675925925925926
8 0.52109375 0.5208333333333334 0.08177083333333333 0.14722222222222223
4 0.6338541666666667 0.4634259259259259 0.10520833333333333 0.1527777777777778
4 0.7579843749999999 0.40123148148148147 0.08020833333333334 0.1290092592592593
2 0.6677083333333333 0.34675925925925927 0.10520833333333333 0.15833333333333333
2 0.4786458333333333 0.39490740740740743 0.215625 0.3453703703703704
4 0.10572916666666667 0.39351851851851855 0.09791666666666667 0.0962962962962963
4 0.8893229166666666 0.4634259259259259 0.0703125 0.12314814814814815
4 0.9703125 0.47638888888888886 0.058333333333333334 0.12685185185185185
8 0.7552083333333334 0.24259259259259258 0.027083333333333334 0.04814814814814815
4 0.036458333333333336 0.412962962962963 0.07291666666666667 0.09074074074074075
7 0.7388020833333333 0.48842592592592593 0.030729166666666665 0.09722222222222222
4 0.21980208333333331 0.5370370370370371 0.029812500000000006 0.12962962962962962
4 0.24453645833333332 0.5081018518518519 0.024598958333333344 0.09027777777777778
4 0.28294270833333335 0.4965277777777778 0.020677083333333356 0.08101851851851852
4 0.35128645833333333 0.4375 0.02976562500000005 0.08333333333333333
4 0.3031197916666667 0.4201388888888889 0.016765625000000027 0.07175925925925926
4 0.27578125 0.4097222222222222 0.027187500000000024 0.06481481481481481
4 0.23477604166666666 0.35300925925925924 0.020692708333333344 0.06712962962962964
4 0.10849479166666667 0.6585648148148148 0.04417708333333333 0.1087962962962963
4 0.09742708333333333 0.5578703703703703 0.04027604166666666 0.08796296296296297
4 0.6025416666666668 0.33101851851851855 0.01925520833333323 0.10648148148148148
4 0.8193020833333333 0.43287037037037035 0.017875000000000085 0.06018518518518518
4 0.8303645833333333 0.5092592592592593 0.024380208333333306 0.09259259259259259
4 0.7782916666666666 0.49189814814814814 0.021791666666666744 0.10416666666666667
4 0.11109895833333333 0.44907407407407407 0.031156249999999996 0.08333333333333333
4 0.6852083333333333 0.2511574074074074 0.036145833333333384 0.04398148148148148
4 0.29075520833333335 0.3229166666666667 0.012864583333333356 0.0763888888888889
4 0.33045833333333335 0.3055555555555556 0.024562500000000043 0.06481481481481481
4 0.712 0.23765740740740743 0.013651041666666686 0.05247222222222221