4 0.5421770833333334 0.7722222222222223 0.13445833333333326 0.26118518518518513
4 0.5778645833333333 0.5125 0.1453125 0.14166666666666666
4 0.1078125 0.8462962962962963 0.21458333333333332 0.3
4 0.7380208333333333 0.6111111111111112 0.16770833333333332 0.18703703703703703
4 0.27838541666666666 0.5032407407407408 0.0859375 0.15648148148148147
4 0.21067708333333332 0.37453703703703706 0.07447916666666667 0.10462962962962963
4 0.06015625 0.4689814814814815 0.0734375 0.11944444444444445
4 0.867421875 0.5775462962962963 0.03765625000000009 0.13194444444444445
4 0.8726302083333334 0.4444444444444444 0.02464062499999997 0.06481481481481481
4 0.8199062500000001 0.4756944444444444 0.020713541666666658 0.08564814814814815
4 0.7548125 0.4826388888888889 0.02589583333333323 0.09953703703703703
4 0.6923229166666667 0.4895833333333333 0.023270833333333248 0.09027777777777778
4 0.7209635416666667 0.4583333333333333 0.031093749999999906 0.10648148148148148
4 0.6721458333333333 0.42592592592592593 0.021963541666666704 0.09259259259259259
4 0.7919166666666667 0.3229166666666667 0.022005208333333335 0.07175925925925926
4 0.4967447916666667 0.4344166666666667 0.01977604166666668 0.0848796296296296
4 0.9168020833333334 0.41280555555555554 0.018197916666666696 0.0787037037037037
4 0.7206614583333334 0.3672870370370371 0.021598958333333466 0.0709907407407407
4 0.7501666666666666 0.3580277777777778 0.01640104166666679 0.06789814814814818
4 0.665546875 0.28858333333333336 0.008557291666666819 0.06481481481481481
4 0.6264947916666667 0.2854907407407407 0.025901041666666676 0.06481481481481481
4 0.5436093750000001 0.41435185185185186 0.016322916666666742 0.0848796296296296
4 0.5774583333333333 0.4043240740740741 0.014598958333333438 0.07715740740740744
4 0.5883072916666666 0.4104907407407407 0.008531250000000056 0.05863888888888893
4 0.478515625 0.3765462962962963 0.014562500000000018 0.08641666666666671
4 0.46376041666666673 0.38734259259259257 0.007614583333333276 0.06789814814814818
4 0.44380208333333326 0.3966018518518518 0.018020833333333285 0.08024999999999996
4 0.3999739583333334 0.3780833333333333 0.011932291666666591 0.07407407407407407
4 0.337484375 0.4043240740740741 0.018848958333333363 0.07715740740740744
4 0.34032812500000004 0.33025 0.014510416666666732 0.05863888888888893
4 0.38175000000000003 0.3055555555555556 0.01886458333333323 0.04937962962962967
4 0.25026041666666665 0.2908981481481482 0.014479166666666762 0.0540092592592593
4 0.23246874999999995 0.2839537037037037 0.011869791666666648 0.052472222222222184
4 0.37349999999999994 0.2577129629629629 0.012786458333333427 0.05863888888888893
4 0.3235989583333333 0.25386111111111115 0.010166666666666657 0.06018518518518518
4 0.34963541666666664 0.26851851851851855 0.01885416666666657 0.052472222222222184
4 0.5787604166666667 0.2276203703703704 0.020677083333333474 0.05400925925925924
4 0.7814114583333333 0.42669444444444443 0.026828125000000112 0.0848796296296296
4 0.7965989583333334 0.4452129629629629 0.012078125000000028 0.06944444444444445
4 0.2992968750000001 0.27623148148148147 0.020572916666666666 0.07407407407407407
4 0.8009427083333333 0.5609537037037038 0.022494791666666694 0.09413888888888895
4 0.5114947916666667 0.39351851851851855 0.012838541666666713 0.07715740740740744
4 0.12351562500000005 0.519287037037037 0.014500000000000075 0.09104629629629622
4 0.10224999999999997 0.49382407407407414 0.015359374999999887 0.10802777777777785
4 0.6915729166666668 0.4081759259259259 0.015531249999999849 0.07562037037037034
4 0.41195312500000003 0.34226851851851847 0.015432291666666724 0.06921296296296296
4 0.2321770833333333 0.8628425925925925 0.23422916666666657 0.2743148148148148
4 0.926390625 0.38350925925925927 0.08441145833333343 0.06807407407407405
2 0.941953125 0.30307407407407405 0.11553125000000009 0.08700925925925929
4 0.8680520833333333 0.3715277777777778 0.08905729166666679 0.07729629629629631
4 0.19064062499999998 0.2643148148148148 0.049666666666666734 0.04546296296296298