4 0.29322916666666665 0.539119804400978 0.07083333333333333 0.17114914425427874
6 0.4669270833333333 0.456601466992665 0.0609375 0.15036674816625917
4 0.5377604166666666 0.4718826405867971 0.058854166666666666 0.09535452322738386
7 0.5880208333333333 0.48166259168704156 0.03125 0.05867970660146699
7 0.65390625 0.5421760391198044 0.03802083333333333 0.0843520782396088
7 0.7653020833333334 0.5461491442542787 0.03892187500000001 0.08924205378973105
8 0.32369791666666664 0.41014669926650366 0.0171875 0.04767726161369193
4 0.42994791666666665 0.41136919315403425 0.0265625 0.07212713936430318
4 0.586078125 0.43628361858190706 0.025630208333333352 0.04980440097799512
4 0.655265625 0.4737163814180929 0.03355729166666658 0.07334963325183375
4 0.8770833333333333 0.8380195599022005 0.24583333333333332 0.32396088019559904
4 0.7619322916666668 0.483239608801956 0.02983854166666665 0.08064792176039123
4 0.35556770833333334 0.45869193154034227 0.03919791666666666 0.09487775061124697