4 0.3125 0.7277777777777777 0.20833333333333334 0.18333333333333332
4 0.065625 0.7379629629629629 0.13020833333333334 0.14629629629629629
4 0.25885416666666666 0.44351851851851853 0.15208333333333332 0.11666666666666667
4 0.15598958333333332 0.5296296296296297 0.1671875 0.11851851851851852
4 0.2765625 0.2800925925925926 0.140625 0.13055555555555556
8 0.10104166666666667 0.39814814814814814 0.09166666666666666 0.12407407407407407
4 0.5916666666666667 0.44722222222222224 0.15625 0.12037037037037036
4 0.690625 0.5199074074074074 0.16875 0.14907407407407408
2 0.603125 0.28194444444444444 0.2625 0.20277777777777778
2 0.8776041666666666 0.3138888888888889 0.24375 0.21666666666666667
2 0.8666666666666667 0.6782407407407407 0.26666666666666666 0.2564814814814815
8 0.7768229166666667 0.9217592592592593 0.1328125 0.15462962962962962
8 0.94765625 0.8629629629629629 0.1046875 0.15555555555555556
7 0.3984375 0.26666666666666666 0.04791666666666667 0.04567592592592597
4 0.9315104166666667 0.5037037037037037 0.13697916666666668 0.10185185185185185
4 0.516921875 0.6175925925925926 0.034661458333333194 0.08703703703703704
4 0.482203125 0.5219166666666666 0.02770312500000003 0.10062037037037044
4 0.4061770833333333 0.46265740740740746 0.022812500000000093 0.09074074074074075
4 0.4856770833333333 0.4478425925925927 0.04020312500000003 0.053703703703703705
4 0.6510937499999999 0.16173148148148148 0.019088541666666715 0.04691666666666668
4 0.6028385416666667 0.17191666666666666 0.020458333333333436 0.05
4 0.636859375 0.1623425925925926 0.019083333333333504 0.044444444444444446
4 0.5209114583333333 0.1401203703703704 0.01973437500000005 0.07160185185185183
4 0.5025104166666667 0.1401203703703704 0.02180729166666661 0.07284259259259261
4 0.4639791666666666 0.2151203703703704 0.014854166666666658 0.046296296296296294
4 0.46901041666666665 0.14382407407407408 0.015895833333333324 0.07037037037037037
4 0.35009375000000004 0.18858333333333333 0.01900000000000001 0.0771574074074074
4 0.4491979166666667 0.15710185185185185 0.01732812499999999 0.06604629629629628
4 0.3974739583333334 0.16419444444444445 0.014531250000000048 0.04814814814814815
4 0.30078645833333334 0.18858333333333333 0.016921874999999885 0.06358333333333335
4 0.37716145833333337 0.20956481481481484 0.015562500000000057 0.06851851851851852
4 0.24155729166666665 0.16697222222222224 0.024270833333333287 0.07345370370370369
4 0.15286979166666667 0.20956481481481484 0.017625000000000075 0.06851851851851852
4 0.08152604166666665 0.2654351851851852 0.0332187500000001 0.07654629629629627
4 0.12648437499999995 0.28858333333333336 0.020390625000000048 0.054935185185185226
4 0.19175000000000003 0.16080555555555553 0.021109375000000104 0.07099074074074076
4 0.06361979166666672 0.11358333333333334 0.023197916666666648 0.08024999999999999
4 0.03411458333333333 0.08425925925925926 0.02318749999999999 0.07099074074074076
4 0.018833333333333376 0.13210185185185183 0.028890624999999896 0.07407407407407407
4 0.43775000000000003 0.4928981481481482 0.020083333333333304 0.07962962962962963
4 0.858234375 0.14691666666666667 0.01939062500000001 0.053083333333333316
4 0.78290625 0.17067592592592593 0.028385416666666666 0.08210185185185187
4 0.9189895833333334 0.1762314814814815 0.027744791666666657 0.05493518518518517
4 0.7450625 0.16450925925925924 0.022817708333333304 0.06851851851851852
4 0.7598177083333333 0.15895370370370368 0.021088541666666554 0.08580555555555557
4 0.39973437500000003 0.23425925925925925 0.019729166666666725 0.04012037037037041
4 0.1840208333333333 0.3188333333333333 0.01939062500000001 0.07468518518518516
7 0.11689583333333337 0.12512962962962962 0.04851562500000005 0.040611111111111126