8 0.045572916666666664 0.7106481481481481 0.09114583333333333 0.16018518518518518
2 0.07760416666666667 0.5365740740740741 0.15104166666666666 0.20092592592592592
2 0.80546875 0.39166666666666666 0.22447916666666667 0.1962962962962963
4 0.7020833333333333 0.774074074074074 0.15520833333333334 0.15555555555555556
4 0.9528645833333333 0.6703703703703704 0.09322916666666667 0.14074074074074075
4 0.46536458333333336 0.9055555555555556 0.1828125 0.18703703703703703
7 0.4734375 0.5023148148148148 0.052083333333333336 0.04722222222222222
4 0.22265625 0.6518518518518519 0.15989583333333332 0.11666666666666667
4 0.21588541666666666 0.7541666666666667 0.17864583333333334 0.13055555555555556
6 0.6231770833333333 0.525 0.1171875 0.14814814814814814
4 0.58515625 0.39166666666666666 0.1171875 0.10185185185185185
4 0.78315625 0.5398148148148149 0.13297916666666676 0.11296296296296296
4 0.5836666666666667 0.9201388888888888 0.025770833333333344 0.0763888888888889
4 0.6559166666666666 0.8773148148148148 0.034859374999999915 0.09722222222222222
4 0.5634895833333334 0.9340277777777778 0.021875 0.08101851851851852
4 0.47385416666666663 0.6948611111111112 0.02596354166666662 0.07154629629629627
4 0.17589583333333333 0.48842592592592593 0.02340104166666664 0.0628333333333333
4 0.2063958333333333 0.46494444444444444 0.01967187499999999 0.05423148148148148
4 0.25047395833333336 0.4894166666666667 0.023744791666666685 0.07010185185185189
4 0.29789583333333336 0.44510185185185186 0.021864583333333344 0.04364814814814814
4 0.22852604166666665 0.3895462962962963 0.026729166666666693 0.06084259259259263
4 0.36391666666666667 0.4616388888888889 0.022213541666666715 0.0714259259259259
4 0.393859375 0.3948425925925926 0.024807291666666724 0.05952777777777774
4 0.31184375000000003 0.38558333333333333 0.017770833333333277 0.04762037037037033
4 0.15246354166666667 0.4117037037037037 0.021921875000000018 0.06018518518518518
4 0.4428125 0.4146851851851852 0.015562500000000057 0.06481481481481481
4 0.436671875 0.37830555555555556 0.01668229166666665 0.041009259259259224
4 0.47219791666666666 0.4153425925925926 0.01853124999999996 0.052907407407407396
4 0.4818645833333333 0.3693796296296296 0.01778125000000005 0.06018518518518518
4 0.42346874999999995 0.31712962962962965 0.017802083333333368 0.06547222222222225
4 0.53078125 0.4249351851851852 0.012927083333333301 0.07076851851851847
4 0.4591927083333333 0.32407407407407407 0.012609375000000018 0.058203703703703716
4 0.44933333333333336 0.31878703703703704 0.012239583333333333 0.062166666666666655
4 0.5352552083333334 0.30787037037037035 0.015927083333333297 0.05489814814814811
4 0.6630208333333333 0.35780555555555554 0.014015624999999924 0.06349074074074079
4 0.566125 0.3382962962962963 0.012192708333333257 0.03505555555555557
4 0.4988125 0.32099074074074074 0.01033854166666662 0.06018518518518518
4 0.47147395833333333 0.3221481481481482 0.012953124999999944 0.04861111111111111
4 0.9549947916666667 0.28482407407407406 0.017546875000000028 0.047527777777777815
4 0.8070572916666666 0.21060185185185185 0.016427083333333314 0.05171296296296298
4 0.9390208333333334 0.4828703703703704 0.11661458333333338 0.09256481481481484
4 0.45875520833333333 0.6578611111111111 0.14547916666666663 0.12292592592592591
4 0.453609375 0.5612592592592592 0.12350520833333327 0.07541666666666672
4 0.46959375 0.4846481481481481 0.018526041666666635 0.04902777777777782
4 0.7066874999999999 0.2654537037037037 0.014020833333333371 0.05622222222222225
4 0.7629322916666667 0.2737222222222222 0.011848958333333333 0.04275925925925921
4 0.6688645833333333 0.2870092592592593 0.013328125000000076 0.06627777777777781
4 0.8124791666666666 0.2756203703703704 0.013000000000000018 0.05537962962962968
4 0.9189114583333333 0.14982407407407408 0.01604687499999997 0.05048148148148147
4 0.9634947916666667 0.2241111111111111 0.01577083333333344 0.05342592592592592
4 0.917875 0.2210185185185185 0.015645833333333314 0.042777777777777796
4 0.845234375 0.21816666666666668 0.016645833333333353 0.05937037037037037
4 0.8624375000000001 0.27140740740740743 0.015109375000000114 0.06182407407407406