4 0.5196232339089482 0.468944099378882 0.09942438513867086 0.1453416149068323
7 0.3872056514913658 0.5823850931677018 0.02423338566195706 0.09124223602484478
7 0.20930926216640502 0.8274285714285715 0.0347514390371533 0.1648571428571429
4 0.1548770277341706 0.4220124223602485 0.015729984301412845 0.07024844720496888
7 0.4174515960230246 0.41837267080745344 0.013500784929356335 0.05151552795031059
4 0.24358974358974358 0.4925465838509317 0.07692307692307693 0.17763975155279504
8 0.34615384615384615 0.38571428571428573 0.03610675039246468 0.06335403726708075
2 0.1933542647828362 0.37142857142857144 0.034013605442176874 0.07204968944099378
4 0.19985347985347987 0.5589565217391305 0.0394714809000523 0.08573913043478258
4 0.20208267922553638 0.679888198757764 0.0562794348508634 0.1575155279503105
4 0.547854526425955 0.38611180124223604 0.01814233385661961 0.0947080745341615
4 0.38349555206698066 0.5001490683229813 0.03418105703819986 0.09891925465838508
4 0.4104081632653061 0.37963975155279506 0.016038723181580374 0.03354037267080745
2 0.34446886446886443 0.3596273291925466 0.09457352171637887 0.07561490683229814
4 0.7909837781266352 0.6656397515527951 0.24336996336996333 0.315416149068323