4 0.3815104166666667 0.5066991473812423 0.06510416666666667 0.14859926918392205
8 0.6372395833333333 0.4646772228989038 0.050520833333333334 0.13032886723507917
8 0.5138020833333333 0.3873325213154689 0.024479166666666666 0.06577344701583435
7 0.4810625 0.4041291108404385 0.016291666666666652 0.03950060901339823
7 0.5355260416666667 0.39751522533495737 0.013765624999999974 0.03323995127892809
7 0.44996354166666663 0.37498172959805115 0.013468749999999948 0.027149817295980466
4 0.38307291666666665 0.3702801461632156 0.021354166666666667 0.05115712545676005
8 0.46822916666666664 0.364190012180268 0.015625 0.04628501827040195
2 0.44036458333333334 0.3386114494518879 0.018229166666666668 0.0535931790499391
4 0.5348802083333334 0.3728014616321559 0.012942708333333285 0.028708891595615165
4 0.4805729166666667 0.3767235079171742 0.010734374999999947 0.03479902557856279
4 0.45137499999999997 0.3523629719853837 0.01036979166666671 0.03479902557856279