4 0.5841145833333333 0.5310185185185186 0.1953125 0.20277777777777778
4 0.7244791666666667 0.7050925925925926 0.19895833333333332 0.2638888888888889
4 0.35052083333333334 0.8898148148148148 0.23854166666666668 0.21851851851851853
4 0.20807291666666666 0.8564814814814815 0.25885416666666666 0.2777777777777778
7 0.22135416666666666 0.7134259259259259 0.09791666666666667 0.10833333333333334
4 0.881765625 0.2789351851851852 0.221875 0.23703703703703705
4 0.9302083333333333 0.425 0.13854166666666667 0.24444444444444444
4 0.13169270833333332 0.6655092592592593 0.040260416666666674 0.14351851851851852
4 0.07669270833333333 0.6302129629629629 0.03703125000000001 0.14699074074074073
4 0.038286458333333336 0.6082222222222222 0.04094791666666667 0.16782407407407407
4 0.15089583333333334 0.53125 0.03830208333333331 0.14351851851851852
4 0.06041666666666667 0.5138888888888888 0.03833854166666668 0.12037037037037036
4 0.09459375 0.4965277777777778 0.03506770833333332 0.12731481481481483
4 0.13202083333333334 0.4837962962962963 0.022687500000000003 0.11342592592592593
4 0.04577083333333333 0.4050925925925926 0.04810416666666668 0.07175925925925926
4 0.3240416666666667 0.4050925925925926 0.03823958333333337 0.1412037037037037
4 0.30483854166666663 0.30324074074074076 0.03368750000000003 0.11805555555555555
4 0.39631249999999996 0.5300925925925926 0.03173437500000003 0.125
4 0.48288020833333334 0.4832222222222222 0.038213541666666725 0.1261574074074074
4 0.5173802083333333 0.6574074074074074 0.04861458333333329 0.1736111111111111
4 0.48906770833333335 0.3784722222222222 0.046671874999999946 0.13194444444444445
4 0.5232395833333334 0.2743055555555556 0.026484374999999952 0.1550925925925926
4 0.279796875 0.24421296296296297 0.022666666666666658 0.12268518518518519
4 0.395984375 0.28935185185185186 0.020671875000000027 0.05092592592592592
4 0.43861979166666665 0.3686388888888889 0.035625000000000046 0.14699074074074073
4 0.40965625 0.38425925925925924 0.0206666666666667 0.09722222222222222
4 0.38752604166666665 0.3726851851851852 0.021973958333333363 0.1087962962962963
4 0.32178125 0.1423611111111111 0.04152604166666667 0.12037037037037036
4 0.37678124999999996 0.09549074074074074 0.03174479166666669 0.12384259259259259
4 0.42006770833333335 0.08912037037037036 0.025869791666666704 0.10416666666666667
4 0.4701927083333333 0.07407407407407407 0.028453125000000058 0.09953703703703703
4 0.567546875 0.1400462962962963 0.02784895833333323 0.1388888888888889
4 0.60171875 0.13194444444444445 0.02197916666666657 0.125
4 0.63946875 0.18055555555555555 0.031078125000000036 0.13194444444444445
4 0.748828125 0.09722222222222222 0.02713020833333341 0.09953703703703703
4 0.643375 0.08391666666666667 0.021963541666666704 0.10300925925925926
4 0.6102187499999999 0.2974537037037037 0.03767187499999996 0.08796296296296297
4 0.6603385416666666 0.3055555555555556 0.023333333333333428 0.14351851851851852
4 0.6909322916666666 0.1522037037037037 0.036343750000000105 0.10069444444444445
4 0.9165 0.6655092592592593 0.023937500000000018 0.1111111111111111
4 0.9519739583333333 0.6261574074074074 0.025874999999999915 0.16666666666666666
4 0.07811458333333333 0.07164814814814814 0.037229166666666674 0.10161111111111112
4 0.12592708333333333 0.126 0.01981250000000001 0.09005555555555554
4 0.10718229166666667 0.10475 0.01956770833333333 0.12271296296296294
4 0.6969635416666667 0.06701851851851852 0.019437500000000087 0.0850925925925926