4 0.64140625 0.5347985347985348 0.11614583333333334 0.231990231990232
4 0.7140625 0.3705738705738706 0.08541666666666667 0.17216117216117216
4 0.6067708333333334 0.38095238095238093 0.07083333333333333 0.12454212454212454
7 0.8205729166666667 0.5036630036630036 0.050520833333333334 0.1623931623931624
8 0.91171875 0.48534798534798534 0.09114583333333333 0.27228327228327226
7 0.9356770833333333 0.3339438339438339 0.03697916666666667 0.07448107448107448
4 0.6572916666666667 0.3046398046398046 0.04895833333333333 0.10866910866910867
8 0.690625 0.23809523809523808 0.022916666666666665 0.05616605616605617
4 0.8981770833333333 0.22344322344322345 0.0453125 0.07081807081807082
4 0.1861875 0.5421855921855921 0.03810937499999998 0.18084249084249085
4 0.10843749999999999 0.5923443223443223 0.04645833333333333 0.23826617826617832
4 0.754859375 0.21672771672771673 0.016593750000000067 0.042735042735042736
4 0.8429583333333334 0.39539682539682536 0.04541666666666657 0.11733821733821737
4 0.93578125 0.27882783882783885 0.023166666666666676 0.062112332112332115
4 0.9777447916666666 0.2438827838827839 0.044510416666666684 0.07605616605616608
4 0.7228697916666668 0.23028083028083027 0.028239583333333228 0.051636141636141664