8 0.36640625 0.8310185185185185 0.1109375 0.1398148148148148
7 0.4392447916666667 0.9218148148148148 0.03553645833333334 0.06160185185185193
4 0.06354166666666666 0.8060185185185185 0.12708333333333333 0.15092592592592594
6 0.7552083333333334 0.46435185185185185 0.19791666666666666 0.15462962962962962
2 0.81796875 0.8069444444444445 0.36302083333333335 0.287962962962963
2 0.20416666666666666 0.3435185185185185 0.24375 0.17777777777777778
6 0.39088541666666665 0.5726851851851852 0.1796875 0.12685185185185185
4 0.6721354166666667 0.5824074074074074 0.1421875 0.1
4 0.8703125 0.5615740740740741 0.146875 0.13240740740740742
4 0.7078125 0.3416666666666667 0.1375 0.1037037037037037
7 0.45260416666666664 0.41898148148148145 0.05520833333333333 0.06944444444444445
7 0.5971354166666667 0.4375 0.0578125 0.09166666666666666
6 0.07994791666666666 0.4726851851851852 0.14114583333333333 0.12314814814814815
6 0.14947916666666666 0.5736111111111111 0.1875 0.1398148148148148
4 0.48497395833333334 0.6283703703703704 0.028322916666666722 0.08837962962962967
4 0.52071875 0.6039537037037037 0.018369791666666656 0.06649999999999993
4 0.5327916666666667 0.6283703703703704 0.027359375000000043 0.07323148148148141
4 0.5022552083333334 0.5984814814814815 0.024057291666666696 0.08586111111111112
4 0.4863958333333333 0.3261759259259259 0.017911458333333387 0.05808333333333335
4 0.5219010416666666 0.37794444444444447 0.021682291666666725 0.0757592592592593
4 0.5325520833333334 0.29671296296296296 0.015526041666666638 0.05471296296296299
4 0.5704270833333334 0.28535185185185186 0.019296875000000095 0.07238888888888884
4 0.45728125000000003 0.2474722222222222 0.019338541666666723 0.0673425925925926
4 0.42888020833333335 0.26599074074074075 0.014614583333333304 0.06397222222222225
4 0.509828125 0.24032407407407408 0.017427083333333353 0.06818518518518517
4 0.42817187500000004 0.3400648148148148 0.016984374999999947 0.0757592592592592
4 0.4054479166666667 0.27104629629629634 0.01888541666666666 0.08080555555555553
4 0.40899479166666663 0.40656481481481477 0.019359375000000036 0.06902777777777773
4 0.398359375 0.21543518518518517 0.013828124999999976 0.0382685185185185
4 0.35982291666666666 0.24228703703703705 0.017312500000000005 0.04012037037037038
4 0.290046875 0.225 0.018729166666666686 0.0623425925925926
4 0.5235208333333333 0.24506481481481482 0.0120729166666667 0.06419444444444446
4 0.583234375 0.2530833333333333 0.01413020833333339 0.05062037037037036
4 0.62665625 0.22191666666666662 0.014166666666666572 0.06851851851851849
4 0.6787291666666667 0.24660185185185185 0.01484375 0.053703703703703705
4 0.6558177083333334 0.27870370370370373 0.011380208333333286 0.052472222222222184
4 0.6395 0.2611111111111111 0.01208333333333324 0.060490740740740755
4 0.5237083333333333 0.2 0.011062500000000005 0.02469444444444446
4 0.752171875 0.22932407407407407 0.015203125000000029 0.059879629629629644
4 0.8765364583333334 0.2640648148148148 0.020583333333333325 0.06393518518518516
4 0.7658958333333333 0.2913611111111111 0.015567708333333267 0.06296296296296296
4 0.84753125 0.20248148148148148 0.016682291666666772 0.05799074074074074
4 0.8203958333333333 0.25122222222222224 0.01838541666666676 0.06676851851851853
4 0.7862760416666668 0.23537962962962963 0.017526041666666714 0.06822222222222223
4 0.9823697916666667 0.3038518518518519 0.0237552083333334 0.06578703703703699
4 0.92975 0.2865462962962963 0.02048437499999996 0.06530555555555553
4 0.08834375 0.2333888888888889 0.022671874999999987 0.05765740740740739
4 0.36575 0.43646296296296294 0.016562499999999977 0.048111111111111146
4 0.07034375 0.3215277777777778 0.0323125 0.07029629629629626
4 0.47453645833333336 0.9072777777777777 0.033624999999999974 0.07576851851851846