4 0.378125 0.774074074074074 0.128125 0.25
2 0.16354166666666667 0.6106481481481482 0.3260416666666667 0.5842592592592593
2 0.5046875 0.42592592592592593 0.175 0.17962962962962964
4 0.44505208333333335 0.5768518518518518 0.12239583333333333 0.1648148148148148
8 0.38984375 0.5300925925925926 0.0859375 0.1287037037037037
7 0.81640625 0.4982592592592593 0.033854166666666664 0.04976851851851852
7 0.8995416666666666 0.8837962962962963 0.136328125 0.10277777777777777
7 0.9391927083333333 0.9671296296296297 0.12057291666666667 0.06388888888888888
4 0.6619791666666667 0.4550925925925926 0.09166666666666666 0.09166666666666666
4 0.762625 0.7361111111111112 0.046729166666666565 0.1712962962962963
4 0.7548125 0.5983796296296297 0.04152083333333323 0.11342592592592593
4 0.9696458333333333 0.8981481481481481 0.0607083333333333 0.07175925925925926
4 0.9047604166666666 0.8003518518518519 0.05979687499999997 0.0798611111111111
4 0.9434895833333333 0.7517407407407407 0.03572916666666662 0.1261574074074074
4 0.8325052083333334 0.6006944444444444 0.028526041666666658 0.125
4 0.8692864583333333 0.6226851851851852 0.034401041666666764 0.125
4 0.8878333333333333 0.46296296296296297 0.02073958333333342 0.07175925925925926
4 0.8718802083333334 0.5092592592592593 0.025484374999999913 0.08564814814814815
4 0.9181041666666666 0.49189814814814814 0.025307291666666742 0.08564814814814815
4 0.9753854166666667 0.5787037037037037 0.021421875000000055 0.10416666666666667
4 0.8995520833333333 0.6174814814814815 0.02985416666666675 0.13078703703703703
4 0.8172135416666666 0.45080555555555557 0.03178124999999999 0.047453703703703706
4 0.61575 0.5191018518518519 0.02454166666666661 0.11689814814814815
4 0.6743333333333333 0.46817592592592594 0.01675000000000016 0.10069444444444445
4 0.6655416666666667 0.4791666666666667 0.013843749999999962 0.0787037037037037
4 0.5580156249999999 0.5721481481481481 0.01993749999999987 0.11342592592592593
4 0.5282916666666667 0.5806296296296297 0.019489583333333373 0.10724999999999993
4 0.5098489583333333 0.5748425925925926 0.018182291666666708 0.11265740740740747
4 0.9425416666666667 0.519037037037037 0.017281249999999915 0.07304629629629639
4 0.9468802083333333 0.654324074074074 0.028276041666666647 0.10287962962962954
4 0.3887916666666667 0.3449074074074074 0.009427083333333286 0.047842592592592555
4 0.40311458333333333 0.3414351851851852 0.012906250000000103 0.05941666666666663
4 0.644734375 0.40268518518518515 0.05521354166666678 0.06061111111111114