2 0.1734375 0.22685185185185186 0.34375 0.45185185185185184
4 0.12552604166666667 0.6243796296296297 0.251046875 0.37161111111111106
4 0.5265625 0.6342592592592593 0.46875 0.3925925925925926
7 0.57734375 0.9055555555555556 0.08802083333333334 0.18703703703703703
8 0.90546875 0.8398148148148148 0.18802083333333333 0.31666666666666665
4 0.5849635416666668 0.7511574074074074 0.09346875000000002 0.18287037037037038
4 0.028427083333333332 0.7708333333333334 0.055921875 0.35185185185185186
4 0.08961458333333333 0.7372685185185185 0.06370833333333333 0.28935185185185186
4 0.056416666666666664 0.5590277777777778 0.08064583333333335 0.08101851851851852
4 0.960546875 0.5293055555555556 0.05557291666666657 0.33638888888888885
4 0.9249635416666667 0.4224259259259259 0.04082812499999993 0.35411111111111115
4 0.9878854166666666 0.29783333333333334 0.021713541666666693 0.17748148148148146
4 0.9566458333333333 0.28125 0.026932291666666684 0.1550925925925926
4 0.8674635416666666 0.41782407407407407 0.04649479166666666 0.30324074074074076
4 0.8134374999999999 0.3761574074074074 0.05302604166666664 0.2337962962962963
4 0.7646197916666666 0.4270833333333333 0.03872395833333329 0.15046296296296297
4 0.7398854166666666 0.32060185185185186 0.030921874999999942 0.09490740740740741
4 0.6813020833333333 0.3136574074074074 0.04656250000000005 0.08564814814814815
4 0.11194791666666666 0.45464814814814813 0.2229479166666667 0.2673240740740741
4 0.37146875 0.8545462962962963 0.25348437500000004 0.29090740740740745