4 0.5172684458398744 0.5236612702366127 0.08110936682365254 0.1980074719800747
7 0.4368131868131868 0.5199252801992528 0.029042386185243328 0.07347447073474471
7 0.3969126111983255 0.790161892901619 0.061224489795918366 0.13325031133250312
6 0.553898482469911 0.3393524283935243 0.03610675039246468 0.10585305105853052
7 0.4933281004709576 0.38729763387297633 0.01543694400837258 0.034869240348692404
4 0.46703296703296704 0.3518057285180573 0.01726844583987441 0.0460772104607721
4 0.5321821036106751 0.34184308841843086 0.018838304552590265 0.0410958904109589
4 0.3972318158032444 0.6553549190535491 0.050931449502878035 0.11207970112079702
4 0.4364730507587651 0.45454545454545453 0.027373103087388773 0.049813200498132
4 0.6048037676609105 0.36358655043586546 0.014746206174777518 0.06145703611457039
4 0.4936996336996337 0.36114570361145704 0.014924123495552057 0.028019925280199254