4 0.40911458333333334 0.5842592592592593 0.10989583333333333 0.12222222222222222
4 0.5231770833333333 0.5939814814814814 0.1015625 0.09351851851851851
4 0.615625 0.5902777777777778 0.11666666666666667 0.11944444444444445
4 0.7166666666666667 0.5745370370370371 0.10833333333333334 0.11203703703703703
8 0.7307291666666667 0.6722222222222223 0.042708333333333334 0.09444444444444444
4 0.5518229166666667 0.6972222222222222 0.1390625 0.16296296296296298
4 0.9212083333333333 0.6398148148148148 0.01971354166666662 0.05185185185185185
4 0.941515625 0.5694444444444444 0.025968750000000065 0.06666666666666667
4 0.8459583333333334 0.5481481481481482 0.022286458333333314 0.06666666666666667
4 0.9495885416666667 0.7222222222222222 0.022328124999999942 0.07407407407407407
4 0.8172916666666666 0.5314814814814814 0.01920833333333339 0.07037037037037037
4 0.7719895833333333 0.49212962962962964 0.020234374999999954 0.06759259259259259
4 0.5295572916666667 0.4152777777777778 0.011348958333333315 0.05648148148148148
4 0.5649635416666666 0.48194444444444445 0.014484374999999971 0.05648148148148148
4 0.5899583333333334 0.48194444444444445 0.015536458333333296 0.06388888888888888
4 0.66859375 0.44166666666666665 0.0145260416666666 0.07037037037037037
4 0.5535104166666667 0.3476851851851852 0.014484374999999971 0.05648148148148148
4 0.629015625 0.39814814814814814 0.012427083333333163 0.05185185185185185
4 0.3131510416666667 0.4 0.014989583333333438 0.05555555555555555
4 0.3428333333333333 0.3925925925925926 0.011880208333333305 0.05555555555555555
4 0.3751197916666667 0.3458333333333333 0.015015624999999961 0.049074074074074076
4 0.46259895833333337 0.3814814814814815 0.015046874999999934 0.05925925925925926
4 0.44411458333333337 0.3685185185185185 0.01452083333333339 0.05925925925925926
4 0.481890625 0.3194444444444444 0.015010416666666634 0.05925925925925926
4 0.51834375 0.2902777777777778 0.01502604166666662 0.05648148148148148
4 0.560828125 0.40925925925925927 0.016286458333333323 0.05555555555555555
4 0.3457447916666666 0.2799351851851852 0.013817708333333437 0.05
4 0.35613541666666665 0.35462962962962963 0.015255208333333315 0.05863888888888893
4 0.8980260416666667 0.7273148148148149 0.023359374999999953 0.03796296296296296
2 0.9992404765625 0.7902976379629629 0.7700261786458333 0.6641605907407407 0.7303352692708334 0.72284845 0.7073367885416667 0.8224200407407408 0.9907371645833333 0.9998024861111111 0.9996394171875 0.9998024861111111 0.9992404765625 0.7902976379629629
4 0.2883177083333333 0.4735555555555556 0.09601041666666674 0.0789722222222222
2 0.0519166666666667 0.21238888888888888 0.10116145833333334 0.10121296296296291
4 0.06427604166666671 0.3912222222222222 0.07438541666666675 0.09259259259259259
4 0.3961510416666666 0.7925833333333333 0.08495312500000006 0.16298148148148148
4 0.25771874999999994 0.5942592592592593 0.08832812500000008 0.11712037037037037
4 0.2280364583333333 0.5065925925925926 0.012312499999999933 0.06042592592592592