4 0.621875 0.774074074074074 0.128125 0.25
2 0.8364583333333333 0.6106481481481482 0.3260416666666667 0.5842592592592593
2 0.4953125 0.42592592592592593 0.175 0.17962962962962964
4 0.5549479166666667 0.5768518518518518 0.12239583333333333 0.1648148148148148
8 0.61015625 0.5300925925925926 0.0859375 0.1287037037037037
7 0.18359375 0.4982592592592593 0.033854166666666664 0.04976851851851852
7 0.10045833333333333 0.8837962962962963 0.136328125 0.10277777777777777
7 0.060807291666666666 0.9671296296296297 0.12057291666666667 0.06388888888888888
4 0.3380208333333333 0.4550925925925926 0.09166666666666666 0.09166666666666666
4 0.237375 0.7361111111111112 0.04672916666666668 0.1712962962962963
4 0.2451875 0.5983796296296297 0.04152083333333335 0.11342592592592593
4 0.030354166666666668 0.8981481481481481 0.060708333333333336 0.07175925925925926
4 0.09523958333333334 0.8003518518518519 0.059796875 0.0798611111111111
4 0.05651041666666667 0.7517407407407407 0.03572916666666667 0.1261574074074074
4 0.16749479166666664 0.6006944444444444 0.028526041666666658 0.125
4 0.13071354166666665 0.6226851851851852 0.034401041666666674 0.125
4 0.11216666666666668 0.46296296296296297 0.02073958333333333 0.07175925925925926
4 0.12811979166666668 0.5092592592592593 0.02548437499999999 0.08564814814814815
4 0.08189583333333333 0.49189814814814814 0.025307291666666683 0.08564814814814815
4 0.024614583333333332 0.5787037037037037 0.021421875000000003 0.10416666666666667
4 0.10044791666666668 0.6174814814814815 0.029854166666666664 0.13078703703703703
4 0.18278645833333332 0.45080555555555557 0.03178124999999999 0.047453703703703706
4 0.38425 0.5191018518518519 0.02454166666666661 0.11689814814814815
4 0.32566666666666666 0.46817592592592594 0.016750000000000043 0.10069444444444445
4 0.3344583333333333 0.4791666666666667 0.013843749999999962 0.0787037037037037
4 0.441984375 0.5721481481481481 0.019937499999999986 0.11342592592592593
4 0.4717083333333333 0.5806296296296297 0.019489583333333373 0.10724999999999993
4 0.4901510416666667 0.5748425925925926 0.018182291666666708 0.11265740740740747
4 0.05745833333333333 0.519037037037037 0.017281250000000005 0.07304629629629639
4 0.053119791666666666 0.654324074074074 0.02827604166666666 0.10287962962962954
4 0.6112083333333334 0.3449074074074074 0.009427083333333286 0.047842592592592555
4 0.5968854166666666 0.3414351851851852 0.012906250000000103 0.05941666666666663
4 0.35526562500000003 0.40268518518518515 0.055213541666666664 0.06061111111111114