4 0.80221875 0.684859241126071 0.11744270833333345 0.2746511627906975
4 0.4443958333333333 0.554345165238678 0.0823333333333333 0.11236230110159114
4 0.5687656249999999 0.49837209302325586 0.04455208333333331 0.06876376988984081
4 0.7729166666666667 0.4810281517747858 0.0125 0.05385556915544676
4 0.7552083333333334 0.46817625458996326 0.014583333333333334 0.05507955936352509
4 0.73671875 0.4773561811505508 0.0140625 0.05385556915544676
7 0.7512291666666667 0.608139534883721 0.01931249999999996 0.06111383108935136
8 0.6651041666666667 0.4485924112607099 0.016666666666666666 0.04773561811505508
4 0.71875 0.4510403916768666 0.021875 0.05507955936352509
4 0.1983645833333333 0.5777723378212974 0.029770833333333257 0.14800489596083227
2 0.08059895833333333 0.5194492044063648 0.16119791666666666 0.25040391676866575
4 0.7523489583333334 0.5603794369645043 0.02255729166666664 0.07542227662178703