4 0.7356770833333334 0.8421296296296297 0.20052083333333334 0.3138888888888889
4 0.8260416666666667 0.6152777777777778 0.09270833333333334 0.16944444444444445
4 0.5473958333333333 0.5532407407407407 0.17291666666666666 0.20462962962962963
4 0.5080729166666667 0.8027777777777778 0.14322916666666666 0.26481481481481484
2 0.11536458333333334 0.36018518518518516 0.1578125 0.12407407407407407
4 0.4515625 0.638425925925926 0.13229166666666667 0.14166666666666666
4 0.37994791666666666 0.5513888888888889 0.11302083333333333 0.12685185185185185
4 0.13192708333333333 0.6967592592592593 0.037442708333333324 0.14722222222222223
4 0.09547395833333333 0.7212962962962963 0.04266145833333332 0.11851851851851852
4 0.09521354166666667 0.5986111111111111 0.03068229166666665 0.11018518518518519
4 0.28294270833333335 0.6032407407407407 0.02592708333333332 0.11574074074074074
4 0.8972447916666667 0.5138888888888888 0.01813541666666675 0.1111111111111111
4 0.9779583333333334 0.5779351851851852 0.027651041666666744 0.11265740740740747
4 0.19045833333333334 0.5096481481481481 0.023838541666666657 0.0871944444444445
4 0.32259895833333335 0.5902777777777778 0.020749999999999956 0.10802777777777785
4 0.4215052083333333 0.4925925925925926 0.023890624999999943 0.08888888888888889
4 0.6834375 0.46064814814814814 0.02483333333333325 0.08611111111111111
4 0.7653697916666666 0.3651203703703704 0.011739583333333314 0.05740740740740741
4 0.8115416666666667 0.3490740740740741 0.013114583333333247 0.04876851851851848
4 0.8530260416666666 0.3425925925925926 0.014140625000000047 0.05678703703703707
4 0.7860260416666667 0.32469444444444445 0.013468750000000066 0.05062037037037033
4 0.6615677083333333 0.4484537037037037 0.018031249999999943 0.08210185185185181
4 0.43927083333333333 0.34994444444444445 0.013130208333333353 0.05718518518518518
4 0.24397395833333338 0.49157407407407405 0.10338541666666666 0.07580555555555567
4 0.20105208333333333 0.4208148148148148 0.08247916666666667 0.06735185185185186
4 0.09952083333333334 0.45394444444444443 0.07645312500000001 0.06902777777777773
4 0.62346875 0.4523611111111111 0.018140624999999962 0.06888888888888887