2 0.6643125 0.6768148148148149 0.17844791666666662 0.19679629629629627
2 0.934375 0.8106481481481481 0.13125 0.33055555555555555
2 0.55 0.5699074074074074 0.15833333333333333 0.1287037037037037
2 0.28489583333333335 0.5486111111111112 0.05520833333333333 0.13796296296296295
4 0.38125 0.5421296296296296 0.03333333333333333 0.05092592592592592
2 0.42604166666666665 0.4689814814814815 0.03125 0.07314814814814814
6 0.12109375 0.5509259259259259 0.027604166666666666 0.07037037037037037
6 0.20234375 0.5013888888888889 0.027604166666666666 0.049074074074074076
2 0.5390416666666666 0.48621296296296296 0.07464062499999997 0.04544444444444438
2 0.5544270833333333 0.5032407407407408 0.07447916666666667 0.04351851851851852
4 0.76621875 0.8347037037037037 0.022281249999999867 0.11265740740740747
4 0.837640625 0.7250833333333334 0.026557291666666552 0.13544444444444442
4 0.787359375 0.6542870370370371 0.018098958333333335 0.08171296296296296
4 0.9266354166666666 0.6318055555555556 0.020796874999999916 0.03730555555555552
4 0.7690260416666667 0.616962962962963 0.010078124999999953 0.09013888888888881
4 0.6648177083333333 0.5034722222222222 0.011041666666666809 0.04398148148148148
4 0.176953125 0.5561388888888888 0.012812499999999952 0.04976851851851852
4 0.44415625 0.47975 0.012260416666666647 0.04976851851851852
4 0.8668854166666667 0.6629351851851852 0.014739583333333427 0.08176851851851846
4 0.010843749999999966 0.656425925925926 0.01072395833333341 0.05245370370370379
4 0.21279166666666663 0.5538981481481482 0.009807291666666629 0.047370370370370445
4 0.08574479166666672 0.5759907407407407 0.013036458333333438 0.06053703703703693
4 0.48828125 0.9212962962962963 0.10677083333333333 0.1574074074074074