8 0.17447916666666666 0.6337962962962963 0.20520833333333333 0.325
8 0.25885416666666666 0.49722222222222223 0.10416666666666667 0.18703703703703703
8 0.08958333333333333 0.6 0.17916666666666667 0.29814814814814816
8 0.48072916666666665 0.38101851851851853 0.027083333333333334 0.058333333333333334
2 0.42135416666666664 0.3768518518518518 0.07604166666666666 0.12407407407407407
2 0.5497395833333333 0.3143518518518518 0.04114583333333333 0.09166666666666666
6 0.70390625 0.3773148148148148 0.0421875 0.062037037037037036
2 0.6786458333333333 0.33055555555555555 0.03854166666666667 0.10185185185185185
6 0.7700520833333333 0.3148148148148148 0.030729166666666665 0.053703703703703705
6 0.8510416666666667 0.3490740740740741 0.028125 0.046296296296296294
2 0.45 0.3050925925925926 0.046875 0.0712962962962963
4 0.6747552083333334 0.4798796296296296 0.023057291666666656 0.07549074074074072
4 0.5036041666666666 0.4236111111111111 0.014083333333333314 0.06481481481481481
4 0.5335468750000001 0.4435833333333333 0.021885416666666657 0.0717592592592592
4 0.38875 0.44572222222222224 0.013869791666666723 0.06680555555555559
4 0.33570833333333333 0.43615740740740744 0.017208333333333315 0.07432407407407406
4 0.168125 0.4255185185185185 0.012390624999999982 0.047111111111111104
4 0.15352083333333333 0.44245370370370374 0.01398958333333334 0.041027777777777726
4 0.24703645833333335 0.38939814814814816 0.011156249999999979 0.041416666666666685
4 0.5843385416666667 0.30242592592592593 0.010125000000000028 0.03446296296296299
4 0.7211145833333333 0.30900925925925926 0.007385416666666581 0.036
4 0.7454791666666666 0.321 0.008494791666666638 0.037037037037037035
4 0.8822239583333332 0.3511944444444445 0.0124270833333334 0.054231481481481526
7 0.785421875 0.7072222222222222 0.022645833333333344 0.08738888888888899
4 0.9923125 0.47218518518518515 0.015374999999999991 0.07000925925925927