2 0.4544270833333333 0.6828703703703703 0.3890625 0.5120370370370371
4 0.3893229166666667 0.5162037037037037 0.1796875 0.19166666666666668
8 0.11510416666666666 0.8763888888888889 0.15416666666666667 0.24537037037037038
8 0.23072916666666668 0.7384259259259259 0.11354166666666667 0.23796296296296296
8 0.06354166666666666 0.8194444444444444 0.12708333333333333 0.24259259259259258
8 0.06354166666666666 0.8175925925925925 0.12708333333333333 0.24259259259259258
8 0.5846354166666666 0.3699074074074074 0.0859375 0.1287037037037037
4 0.95390625 0.0875 0.09114583333333333 0.11944444444444445
8 0.24140625 0.6259259259259259 0.12864583333333332 0.1537037037037037
4 0.9684895833333333 0.1814814814814815 0.0609375 0.1037037037037037
4 0.07204166666666666 0.5555555555555556 0.03433333333333334 0.07037037037037037
4 0.19935937499999998 0.3106481481481482 0.03480729166666669 0.11574074074074074
4 0.11682291666666668 0.21712962962962962 0.02390104166666666 0.11574074074074074
4 0.22071354166666665 0.2564814814814815 0.03167708333333336 0.13148148148148148
4 0.2516979166666667 0.35555555555555557 0.020729166666666642 0.12222222222222222
4 0.2670625 0.375 0.03083333333333336 0.11296296296296296
4 0.36391666666666667 0.29814814814814816 0.02432812500000002 0.11296296296296296
4 0.39776041666666667 0.3819444444444444 0.025359375000000028 0.1175925925925926
4 0.38057812500000004 0.3962962962962963 0.02119791666666669 0.11296296296296296
4 0.32251562500000003 0.3060185185185185 0.025911458333333335 0.11388888888888889
4 0.30012500000000003 0.3560185185185185 0.03008333333333333 0.11018518518518519
4 0.14650520833333333 0.2111111111111111 0.022848958333333336 0.11666666666666667
4 0.26263020833333334 0.09166666666666666 0.023848958333333316 0.11481481481481481
4 0.3110625 0.06712962962962964 0.020703125 0.09907407407407408
4 0.341265625 0.06527777777777778 0.016526041666666675 0.08981481481481482
4 0.38500520833333335 0.05740740740740741 0.021718750000000023 0.1
4 0.42744270833333337 0.31203703703703706 0.025348958333333373 0.11296296296296296
4 0.4243177083333334 0.13240740740740742 0.024307291666666706 0.1037037037037037
4 0.7491041666666667 0.5915277777777778 0.023562499999999886 0.1360370370370371
4 0.6643854166666666 0.4547685185185185 0.02559895833333338 0.13461111111111101
4 0.7190624999999999 0.41275 0.02517708333333341 0.10327777777777775
4 0.6745989583333334 0.5854722222222222 0.02439062499999996 0.0811944444444445
4 0.7132552083333333 0.6000740740740741 0.027182291666666695 0.11751851851851859
4 0.6279322916666668 0.22008333333333333 0.026411458333333353 0.113962962962963
4 0.8538541666666667 0.1004259259259259 0.02152083333333342 0.09687037037037037
4 0.6383489583333334 0.08938888888888889 0.015994791666666685 0.10042592592592593
4 0.46649999999999997 0.2465277777777778 0.0258177083333333 0.12268518518518519
4 0.5550364583333334 0.15228703703703703 0.02390625000000005 0.08805555555555553
4 0.48311458333333335 0.10081481481481482 0.018135416666666633 0.0886388888888889
4 0.5134791666666667 0.10651851851851853 0.01875520833333333 0.10171296296296296
4 0.61490625 0.11291666666666665 0.01683854166666663 0.07777777777777778
4 0.6540364583333333 0.1934722222222222 0.016203125000000065 0.11030555555555555