7 0.5287760416666667 0.7180555555555556 0.07421875 0.12314814814814815
7 0.63046875 0.9152777777777777 0.07552083333333333 0.1675925925925926
7 0.7220052083333334 0.6085648148148148 0.10182291666666667 0.1050925925925926
7 0.7799479166666666 0.5842592592592593 0.0984375 0.1037037037037037
4 0.18802083333333333 0.6171296296296296 0.21354166666666666 0.24166666666666667
4 0.3854166666666667 0.49166666666666664 0.20416666666666666 0.17962962962962964
4 0.21510416666666668 0.45 0.171875 0.18333333333333332
4 0.06276041666666667 0.3449074074074074 0.12447916666666667 0.125
7 0.29765625 0.3824074074074074 0.059895833333333336 0.08703703703703704
8 0.17083333333333334 0.3458333333333333 0.08854166666666667 0.08796296296296297
4 0.6280312499999999 0.7921851851851851 0.06004687499999998 0.1111111111111111
4 0.5279322916666667 0.6219166666666667 0.06239583333333331 0.10185185185185185
4 0.7101927083333333 0.5231481481481481 0.056541666666666636 0.09362037037037028
4 0.770078125 0.492287037037037 0.05131249999999999 0.08744444444444449
4 0.4990104166666667 0.38220370370370366 0.031161458333333295 0.11831481481481479
4 0.542984375 0.3523703703703704 0.027677083333333328 0.10802777777777774
4 0.1618645833333333 0.8379629629629629 0.064984375 0.24537037037037038
4 0.047036458333333336 0.48935185185185187 0.04160937499999999 0.16203703703703703
4 0.13035416666666666 0.5092592592592593 0.034286458333333325 0.11666666666666667
4 0.32617708333333334 0.32407407407407407 0.02038541666666672 0.06084259259259263
4 0.44761979166666666 0.36772222222222223 0.016994791666666724 0.10185185185185185
4 0.5958906249999999 0.3363055555555555 0.02038020833333339 0.09325000000000003
4 0.6500104166666667 0.3396203703703704 0.02073437499999997 0.10250925925925929
4 0.6275052083333333 0.3300277777777778 0.021859374999999896 0.0992037037037037
4 0.698546875 0.32308333333333333 0.024807291666666724 0.09854629629629626
4 0.7409687500000001 0.3015833333333333 0.021307291666666592 0.09391666666666662
4 0.7260833333333333 0.29530555555555554 0.020354166666666628 0.09193518518518515
4 0.66415625 0.3111759259259259 0.017031249999999904 0.09987037037037039
4 0.5737708333333333 0.3088611111111111 0.024505208333333427 0.10052777777777783
4 0.7681145833333333 0.24537037037037038 0.01736458333333341 0.08200925925925923
4 0.7197604166666667 0.23049074074074075 0.017380208333333275 0.04827777777777777
4 0.6842395833333333 0.2734814814814815 0.017765625000000066 0.09061111111111113
4 0.28049479166666663 0.3125 0.021619791666666662 0.06481481481481481
4 0.9688541666666667 0.17592592592592593 0.0172604166666666 0.06636111111111112
4 0.8273854166666667 0.201 0.020781250000000046 0.07330555555555557
4 0.9295833333333333 0.12731481481481483 0.013369791666666705 0.06789814814814814
4 0.9675520833333333 0.6295462962962962 0.052348958333333445 0.12768518518518526