4 0.13932291666666666 0.8810185185185185 0.22239583333333332 0.225
4 0.46901041666666665 0.8458333333333333 0.2265625 0.25277777777777777
8 0.36484375 0.5898148148148148 0.11614583333333334 0.20185185185185187
7 0.41484375 0.6504629629629629 0.0671875 0.1527777777777778
8 0.49114583333333334 0.5314814814814814 0.10104166666666667 0.17222222222222222
8 0.6510416666666666 0.5944444444444444 0.10416666666666667 0.2
8 0.5869791666666667 0.43703703703703706 0.10520833333333333 0.1685185185185185
8 0.78125 0.4842592592592593 0.09895833333333333 0.18703703703703703
4 0.444609375 0.4202685185185185 0.028848958333333386 0.10802777777777779
4 0.4093125 0.36574074074074076 0.026546875000000015 0.07922222222222217
4 0.39051041666666664 0.28858333333333336 0.03754687499999996 0.11419444444444446
4 0.4906041666666667 0.3091574074074074 0.02709374999999999 0.07715740740740744
4 0.3436458333333333 0.36471296296296296 0.024833333333333367 0.12037037037037036
4 0.3083489583333333 0.4557592592592593 0.030635416666666634 0.12345370370370369
4 0.2501979166666667 0.4038055555555556 0.02660416666666669 0.11831481481481479
4 0.26495312499999996 0.23456481481481484 0.024864583333333308 0.11728703703703705
4 0.28863541666666664 0.4326111111111111 0.02593229166666665 0.1368333333333333
4 0.24582291666666667 0.30966666666666665 0.023635416666666666 0.07407407407407407
4 0.37777083333333333 0.14814814814814814 0.021322916666666695 0.09259259259259259
4 0.11821875 0.6723240740740741 0.042734375000000005 0.1388888888888889
4 0.029984375 0.7227407407407407 0.03293229166666667 0.14300000000000004
4 0.069328125 0.7304537037037037 0.03522916666666666 0.12962962962962962
4 0.22178645833333333 0.6450648148148148 0.03459374999999998 0.09259259259259259
4 0.7160364583333333 0.4517777777777778 0.02898437500000005 0.12576851851851856
4 0.7028020833333334 0.27122222222222225 0.019010416666666665 0.09490740740740741
4 0.6828385416666667 0.17206481481481484 0.023354166666666742 0.09567592592592591
4 0.65225 0.1875 0.018593749999999905 0.06944444444444445
4 0.6125416666666667 0.1875 0.019911458333333344 0.07562037037037038
4 0.7904583333333334 0.20062037037037034 0.02244791666666662 0.10648148148148145
4 0.5175052083333334 0.17592592592592593 0.02081250000000002 0.09259259259259259
4 0.6570208333333334 0.10609259259259259 0.015119791666666771 0.10108333333333332
4 0.715421875 0.17090740740740742 0.01907291666666661 0.0763888888888889
4 0.9521458333333332 0.08680555555555555 0.02463541666666676 0.09027777777777778
4 0.05828125 0.13155555555555556 0.027713541666666664 0.11187962962962962
4 0.032901041666666665 0.1350277777777778 0.022953124999999998 0.1111111111111111
4 0.09191666666666666 0.10339814814814816 0.028135416666666656 0.08487962962962962
4 0.11947395833333332 0.15663888888888888 0.028718749999999994 0.08178703703703702
4 0.4203177083333333 0.13962037037037037 0.018072916666666692 0.08236111111111111
4 0.5583125 0.1561851851851852 0.017197916666666656 0.08430555555555556
4 0.5917708333333334 0.12719444444444444 0.016682291666666772 0.08382407407407406
4 0.6161666666666666 0.09771296296296296 0.017770833333333277 0.052148148148148145
4 0.6349374999999999 0.13499074074074074 0.01803645833333339 0.1003888888888889
4 0.043765625 0.40982407407407406 0.050276041666666674 0.10672222222222222
2 0.9105000000000001 0.30280555555555555 0.1789947916666667 0.30746296296296294
4 0.8983541666666667 0.2078611111111111 0.08774479166666656 0.08872222222222219