4 0.9651041666666667 0.43287037037037035 0.06875 0.13055555555555556
7 0.30130208333333336 0.8018518518518518 0.0953125 0.12222222222222222
7 0.392578125 0.8055555555555556 0.09348958333333333 0.12777777777777777
7 0.4869791666666667 0.6872685185185186 0.065625 0.09490740740740741
7 0.544140625 0.544675925925926 0.04973958333333333 0.0699074074074074
7 0.7541666666666667 0.3726851851851852 0.03229166666666667 0.04722222222222222
7 0.049609375 0.7361111111111112 0.09921875 0.09444444444444444
4 0.10260416666666666 0.3490740740740741 0.09166666666666666 0.08333333333333333
4 0.18333333333333332 0.33240740740740743 0.09166666666666666 0.09814814814814815
4 0.262109375 0.3506944444444444 0.03891145833333335 0.07175925925925926
4 0.2959583333333333 0.5821759259259259 0.04410937500000003 0.06712962962962964
4 0.06813020833333333 0.9212962962962963 0.04940104166666667 0.14814814814814814
4 0.09938020833333333 0.7777777777777778 0.038968749999999996 0.14814814814814814
4 0.12802083333333333 0.6145833333333334 0.03115104166666668 0.1412037037037037
4 0.29270833333333335 0.7164351851851852 0.050614583333333366 0.0625
4 0.39359375 0.7326388888888888 0.062296874999999946 0.08101851851851852
4 0.48277604166666666 0.6064814814814815 0.05575520833333331 0.08796296296296297
4 0.5504687500000001 0.49421296296296297 0.03490104166666672 0.06712962962962964
4 0.46129166666666666 0.5439814814814815 0.044046874999999965 0.05555555555555555
4 0.279671875 0.4609074074074074 0.021885416666666657 0.10905555555555553
4 0.29703124999999997 0.46296296296296297 0.01977604166666668 0.10905555555555553
4 0.32103645833333333 0.4074074074074074 0.03170833333333339 0.08641666666666671
4 0.356046875 0.39917592592592593 0.021859375000000014 0.08024999999999996
4 0.054593749999999996 0.47685185185185186 0.027760416666666673 0.10802777777777779
4 0.4321302083333334 0.3878611111111111 0.01778125000000005 0.09053703703703701
4 0.34334375 0.5061759259259259 0.03350520833333329 0.05555555555555555
7 0.34914062500000004 0.5627592592592592 0.05792187500000002 0.04526851851851861
4 0.5329583333333333 0.41275 0.022354166666666706 0.0448703703703704
7 0.53715625 0.45512962962962966 0.0491927083333333 0.049861111111111134
4 0.48748958333333337 0.4084722222222222 0.022770833333333348 0.08190740740740744
4 0.4520416666666666 0.3985 0.01918229166666663 0.09045370370370376
4 0.6042552083333333 0.36360185185185184 0.019124999999999896 0.08618518518518523
4 0.5571875 0.36253703703703705 0.020343749999999973 0.0897407407407407
4 0.89553125 0.4654537037037037 0.02474999999999999 0.11325000000000006
4 0.8458645833333333 0.5413148148148148 0.02957291666666677 0.1111111111111111
4 0.8242291666666667 0.4572685185185185 0.023973958333333437 0.1011388888888889
4 0.8264322916666667 0.3628888888888889 0.027578124999999905 0.09045370370370365
4 0.8588802083333333 0.3618240740740741 0.0155520833333334 0.06552777777777775
4 0.6944270833333334 0.37322222222222223 0.01516666666666661 0.05270370370370366
4 0.5834010416666667 0.35964814814814816 0.016385416666666687 0.07602777777777779
4 0.6228697916666667 0.3567222222222222 0.014182291666666676 0.08187037037037033
4 0.6995 0.2865462962962963 0.013932291666666667 0.05945370370370374
4 0.12986979166666665 0.41329629629629633 0.02847916666666667 0.08922222222222223
4 0.09814583333333333 0.4141388888888889 0.027390625000000016 0.06397222222222225
4 0.11021875 0.49074074074074076 0.02975520833333333 0.08922222222222219
4 0.75290625 0.31712962962962965 0.028312500000000067 0.05092592592592592
4 0.033578125 0.6620370370370371 0.03757291666666666 0.09259259259259259