4 0.3515625 0.7194444444444444 0.25104166666666666 0.5444444444444444
4 0.28671875 0.3560185185185185 0.17864583333333334 0.3287037037037037
4 0.6622395833333333 0.30925925925925923 0.16927083333333334 0.31296296296296294
4 0.909375 0.4236111111111111 0.18020833333333333 0.47129629629629627
4 0.35234375 0.10462962962962963 0.13177083333333334 0.20925925925925926
4 0.70078125 0.10648148148148148 0.12864583333333332 0.21296296296296297
4 0.6692708333333334 0.7361111111111112 0.20416666666666666 0.5259259259259259
8 0.8484375 0.19768518518518519 0.10520833333333333 0.23055555555555557
4 0.07204166666666666 0.4039351851851852 0.05200000000000002 0.1736111111111111
4 0.09352604166666666 0.25 0.016843750000000015 0.12962962962962962
4 0.14950000000000002 0.3194444444444444 0.02723437499999998 0.20833333333333334
4 0.117609375 0.28125 0.031151041666666667 0.2013888888888889
4 0.17228645833333334 0.19560185185185186 0.031130208333333322 0.24305555555555555
4 0.15405729166666668 0.06944444444444445 0.02593229166666665 0.10185185185185185
4 0.2106875 0.0775462962962963 0.04804166666666667 0.1550925925925926