4 0.4359375 0.6912037037037037 0.21354166666666666 0.42314814814814816
4 0.1421875 0.7759259259259259 0.2375 0.4462962962962963
4 0.87890625 0.774074074074074 0.23697916666666666 0.45
8 0.7671875 0.38564814814814813 0.14895833333333333 0.31203703703703706
4 0.5875 0.27314814814814814 0.14895833333333333 0.26481481481481484
4 0.4161458333333333 0.35 0.159375 0.28888888888888886
4 0.253125 0.17685185185185184 0.128125 0.21851851851851853
4 0.21588541666666666 0.38101851851851853 0.16927083333333334 0.2916666666666667
6 0.8526041666666667 0.27037037037037037 0.190625 0.3
4 0.640625 0.07361111111111111 0.10208333333333333 0.14166666666666666
6 0.5380208333333333 0.10092592592592593 0.121875 0.20185185185185187
2 0.94921875 0.14166666666666666 0.10052083333333334 0.2833333333333333
4 0.101984375 0.4027777777777778 0.03636458333333333 0.26851851851851855
4 0.018432291666666666 0.41435185185185186 0.03686458333333333 0.2824074074074074
4 0.024526041666666668 0.1550925925925926 0.029885416666666664 0.1712962962962963
4 0.067484375 0.2824074074074074 0.032473958333333344 0.21296296296296297
4 0.101984375 0.13541666666666666 0.054593749999999996 0.1875