4 0.5598958333333334 0.8004629629629629 0.20104166666666667 0.23055555555555557
4 0.38645833333333335 0.6231481481481481 0.15833333333333333 0.1962962962962963
8 0.43854166666666666 0.4462962962962963 0.09270833333333334 0.15
8 0.5333333333333333 0.5472222222222223 0.096875 0.1925925925925926
8 0.6989583333333333 0.5722222222222222 0.08854166666666667 0.17037037037037037
7 0.7505208333333333 0.6865740740740741 0.06979166666666667 0.11944444444444445
8 0.11901041666666666 0.5888888888888889 0.0859375 0.17037037037037037
4 0.09375 0.24953703703703703 0.121875 0.12685185185185185
6 0.054427083333333334 0.4625 0.1078125 0.18981481481481483
7 0.6318385416666668 0.4986111111111111 0.044921875 0.0787037037037037
4 0.8296718750000001 0.8298611111111112 0.04285416666666677 0.13657407407407407
4 0.7632760416666666 0.8101851851851852 0.042822916666666565 0.13425925925925927
4 0.82046875 0.6973425925925926 0.025260416666666667 0.1261574074074074
4 0.8744947916666667 0.6371574074074075 0.04090104166666677 0.14699074074074073
4 0.9571614583333333 0.6423611111111112 0.03182291666666662 0.10416666666666667
4 0.9846197916666667 0.7037037037037037 0.030760416666666637 0.09259259259259259
4 0.8943489583333334 0.5590277777777778 0.032447916666666764 0.08333333333333333
4 0.9138749999999999 0.2818333333333333 0.031156250000000087 0.11226851851851852
4 0.7488489583333333 0.28587962962962965 0.025270833333333322 0.10185185185185185
4 0.6404739583333333 0.15856481481481483 0.027182291666666695 0.09027777777777778
4 0.5418593749999999 0.3906296296296296 0.027796874999999943 0.1076388888888889
4 0.5197291666666667 0.3235 0.026484374999999952 0.09837962962962964
4 0.7260677083333333 0.4097222222222222 0.03177083333333333 0.09722222222222222
4 0.5734270833333334 0.2586851851851852 0.025854166666666838 0.09837962962962964
4 0.6466562499999999 0.3912037037037037 0.026531250000000027 0.07175925925925926
4 0.5164479166666667 0.1869259259259259 0.018723958333333356 0.11226851851851852
4 0.6127812499999999 0.14641666666666667 0.02006249999999999 0.09837962962962964
4 0.35335937500000003 0.14351851851851852 0.02067708333333324 0.08333333333333333
4 0.46304166666666663 0.14699074074074073 0.026572916666666658 0.09259259259259259
4 0.1902864583333333 0.12037037037037036 0.02130208333333338 0.08796296296296297
4 0.45521354166666667 0.31192592592592594 0.029208333333333295 0.11226851851851852
4 0.15741666666666668 0.3958333333333333 0.02454166666666661 0.11574074074074074
4 0.11055208333333333 0.3275462962962963 0.029734375000000077 0.09027777777777778
4 0.21336458333333339 0.6174814814814815 0.032437500000000105 0.1099537037037037
4 0.11410416666666663 0.8431666666666666 0.04736979166666657 0.11458333333333333
4 0.6388072916666666 0.4340277777777778 0.03441666666666663 0.05324074074074074
4 0.5779479166666666 0.39641666666666664 0.035046874999999984 0.1099537037037037
4 0.6264375 0.3211851851851852 0.02269791666666663 0.09837962962962964
4 0.4288854166666667 0.2025462962962963 0.021973958333333363 0.06712962962962964
4 0.9867447916666666 0.8032407407407407 0.026510416666666713 0.1388888888888889
4 0.9281874999999999 0.4444351851851852 0.03732812500000004 0.08478703703703698
4 0.9569479166666667 0.5069259259259259 0.02415104166666661 0.06487962962962956
4 0.9105104166666667 0.15730555555555553 0.019942708333333316 0.07950000000000002
4 0.8730052083333334 0.20045370370370372 0.015234375 0.08054629629629631
4 0.7918593749999999 0.24918518518518518 0.013911458333333352 0.08745370370370374
4 0.7296822916666666 0.3256203703703704 0.023197916666666648 0.07090740740740745
4 0.7094583333333333 0.39290740740740737 0.018697916666666713 0.10745370370370366
4 0.37518749999999995 0.164 0.018401041666666628 0.07319444444444445
4 0.30616666666666664 0.2700925925925926 0.01888541666666678 0.08432407407407412
4 0.35116145833333334 0.2260277777777778 0.014489583333333418 0.06501851851851854
4 0.13472395833333337 0.37683333333333335 0.018401041666666628 0.075
4 0.26707291666666666 0.4258796296296296 0.027786458333333285 0.09158333333333331
4 0.287109375 0.4455092592592592 0.022359374999999914 0.07164814814814804
4 0.25433854166666664 0.572425925925926 0.026765624999999935 0.10389814814814818
4 0.3008645833333334 0.5413333333333333 0.025421874999999972 0.10692592592592594
4 0.3357552083333334 0.48866666666666664 0.025942708333333304 0.11570370370370374
4 0.17419791666666667 0.6589351851851851 0.030130208333333287 0.1301851851851851
4 0.22819270833333338 0.5466388888888889 0.024036458333333382 0.08312037037037036
4 0.0593385416666667 0.2641203703703704 0.022453125000000067 0.09410185185185185
4 0.33567708333333335 0.1012037037037037 0.017953124999999896 0.09250925925925925