8 0.3333333333333333 0.725925925925926 0.22708333333333333 0.3351851851851852
7 0.7627604166666667 0.6462962962962963 0.07239583333333334 0.2740740740740741
7 0.6994791666666667 0.5097222222222222 0.06041666666666667 0.23425925925925925
6 0.49244791666666665 0.35324074074074074 0.13697916666666668 0.4027777777777778
8 0.7653645833333333 0.3958333333333333 0.09010416666666667 0.23055555555555557
8 0.6661458333333333 0.35555555555555557 0.08958333333333333 0.19444444444444445
4 0.6166666666666667 0.11990740740740741 0.09270833333333334 0.15092592592592594
7 0.7247395833333333 0.11712962962962963 0.0296875 0.11574074074074074
8 0.8028645833333333 0.31296296296296294 0.07552083333333333 0.1925925925925926
2 0.90625 0.6199074074074075 0.18645833333333334 0.7453703703703703
4 0.296875 0.25601851851851853 0.09479166666666666 0.23796296296296296
4 0.21380208333333334 0.3675925925925926 0.11197916666666667 0.1962962962962963
6 0.09427083333333333 0.11342592592592593 0.06354166666666666 0.14537037037037037
4 0.39453125 0.2902777777777778 0.09635416666666667 0.23796296296296296
4 0.6625 0.21435185185185185 0.096875 0.1398148148148148
4 0.509375 0.0824074074074074 0.090625 0.13518518518518519
8 0.6825520833333333 0.11712962962962963 0.06302083333333333 0.11944444444444445
8 0.5942708333333333 0.02824074074074074 0.05416666666666667 0.05462962962962963
8 0.4036458333333333 0.10277777777777777 0.04479166666666667 0.09444444444444444
4 0.09135416666666667 0.4043240740740741 0.0359375 0.21606481481481485
4 0.22150520833333334 0.5456388888888889 0.048875000000000016 0.18587037037037038
4 0.2992708333333333 0.5054722222222222 0.04540625000000003 0.12037037037037036
4 0.11305208333333333 0.2361111111111111 0.02464583333333333 0.11574074074074074
4 0.3173958333333333 0.32451851851851854 0.03643229166666669 0.1658240740740741
4 0.5148854166666667 0.6898055555555556 0.054000000000000034 0.2685
4 0.5723854166666666 0.6338611111111112 0.03792708333333342 0.23532407407407416
4 0.5654375 0.4444444444444444 0.038796874999999884 0.1527777777777778
4 0.23999479166666668 0.09937962962962962 0.05371354166666666 0.06975925925925926
4 0.8238541666666667 0.1388888888888889 0.032192708333333306 0.13425925925925927
4 0.750953125 0.12152777777777778 0.027010416666666735 0.09490740740740741
4 0.8817864583333334 0.17939814814814814 0.028265624999999992 0.1412037037037037
4 0.9201927083333333 0.19560185185185186 0.019135416666666554 0.1087962962962963
4 0.95859375 0.20717592592592593 0.03604687500000002 0.1087962962962963
4 0.9097760416666667 0.1724537037037037 0.011328125 0.14583333333333334
4 0.6919322916666667 0.8584074074074075 0.17718229166666669 0.28317592592592583
4 0.18979166666666666 0.44119444444444444 0.03601562499999999 0.16211111111111104
4 0.301609375 0.12341666666666666 0.06456250000000002 0.1039814814814815