8 0.5416666666666666 0.8185679611650486 0.11979166666666667 0.2949029126213592
4 0.3578125 0.595873786407767 0.06875 0.12135922330097088
4 0.32708333333333334 0.5345873786407767 0.04583333333333333 0.07888349514563107
8 0.4518229166666667 0.6262135922330098 0.059895833333333336 0.15776699029126215
6 0.5671875 0.600121359223301 0.16875 0.1808252427184466
7 0.9716145833333333 0.7657766990291263 0.05677083333333333 0.09951456310679611
8 0.42942708333333335 0.5242718446601942 0.0234375 0.05339805825242718
8 0.4192708333333333 0.5145631067961165 0.027083333333333334 0.06310679611650485
4 0.45755208333333336 0.49514563106796117 0.0296875 0.04611650485436893
4 0.8989583333333333 0.6978155339805825 0.103125 0.11893203883495146
4 0.781265625 0.9277912621359223 0.07338020833333327 0.14441747572815533
4 0.8954166666666666 0.9520631067961165 0.07802604166666664 0.09587378640776699
4 0.704953125 0.6262742718446601 0.024458333333333353 0.055497572815534
4 0.17396354166666667 0.557754854368932 0.024072916666666562 0.07276699029126218
4 0.7858229166666667 0.8011529126213592 0.03329687499999991 0.19952669902912631
4 0.9882864583333333 0.7148543689320388 0.022499999999999905 0.0874029126213592
4 0.8031979166666666 0.6559708737864077 0.021682291666666725 0.07833737864077664
4 0.8286250000000001 0.677378640776699 0.02560416666666659 0.09576456310679622
4 0.12509375000000003 0.5291140776699029 0.024385416666666753 0.0838592233009709