8 0.9544270833333334 0.7106481481481481 0.09114583333333333 0.16018518518518518
2 0.9223958333333333 0.5365740740740741 0.15104166666666666 0.20092592592592592
2 0.19453125 0.39166666666666666 0.22447916666666667 0.1962962962962963
4 0.29791666666666666 0.774074074074074 0.15520833333333334 0.15555555555555556
4 0.047135416666666666 0.6703703703703704 0.09322916666666667 0.14074074074074075
4 0.5346354166666667 0.9055555555555556 0.1828125 0.18703703703703703
7 0.5265625 0.5023148148148148 0.052083333333333336 0.04722222222222222
4 0.77734375 0.6518518518518519 0.15989583333333332 0.11666666666666667
4 0.7841145833333333 0.7541666666666667 0.17864583333333334 0.13055555555555556
6 0.3768229166666667 0.525 0.1171875 0.14814814814814814
4 0.41484375 0.39166666666666666 0.1171875 0.10185185185185185
4 0.21684374999999995 0.5398148148148149 0.13297916666666676 0.11296296296296296
4 0.4163333333333333 0.9201388888888888 0.025770833333333344 0.0763888888888889
4 0.3440833333333334 0.8773148148148148 0.034859374999999915 0.09722222222222222
4 0.4365104166666666 0.9340277777777778 0.021875 0.08101851851851852
4 0.5261458333333333 0.6948611111111112 0.02596354166666662 0.07154629629629627
4 0.8241041666666666 0.48842592592592593 0.02340104166666658 0.06283333333333324
4 0.7936041666666667 0.46494444444444444 0.01967187499999999 0.05423148148148142
4 0.7495260416666666 0.4894166666666667 0.023744791666666744 0.07010185185185189
4 0.7021041666666666 0.44510185185185186 0.021864583333333344 0.04364814814814814
4 0.7714739583333333 0.3895462962962963 0.02672916666666675 0.06084259259259263
4 0.6360833333333333 0.4616388888888889 0.022213541666666715 0.0714259259259259
4 0.606140625 0.3948425925925926 0.024807291666666724 0.05952777777777774
4 0.68815625 0.38558333333333333 0.017770833333333277 0.04762037037037033
4 0.8475364583333334 0.4117037037037037 0.021921875000000077 0.06018518518518518
4 0.5571875 0.4146851851851852 0.015562500000000057 0.06481481481481481
4 0.5633281250000001 0.37830555555555556 0.016682291666666533 0.041009259259259224
4 0.5278020833333333 0.4153425925925926 0.01853124999999996 0.052907407407407396
4 0.5181354166666667 0.3693796296296296 0.01778125000000005 0.06018518518518518
4 0.57653125 0.31712962962962965 0.017802083333333486 0.06547222222222225
4 0.46921874999999996 0.4249351851851852 0.012927083333333301 0.07076851851851847
4 0.5408072916666666 0.32407407407407407 0.012609375000000018 0.058203703703703716
4 0.5506666666666666 0.31878703703703704 0.012239583333333333 0.062166666666666655
4 0.46474479166666666 0.30787037037037035 0.015927083333333297 0.05489814814814811
4 0.33697916666666666 0.35780555555555554 0.014015624999999924 0.06349074074074079
4 0.43387499999999996 0.3382962962962963 0.012192708333333257 0.03505555555555557
4 0.5011875 0.32099074074074074 0.01033854166666662 0.06018518518518518
4 0.5285260416666666 0.3221481481481482 0.012953124999999944 0.04861111111111111
4 0.04500520833333337 0.28482407407407406 0.017546875000000028 0.047527777777777815
4 0.19294270833333335 0.21060185185185185 0.016427083333333314 0.05171296296296298
4 0.060979166666666626 0.4828703703703704 0.11661458333333338 0.09256481481481484
4 0.5412447916666667 0.6578611111111111 0.14547916666666652 0.12292592592592591
4 0.5463906250000001 0.5612592592592592 0.1235052083333334 0.07541666666666672
4 0.53040625 0.4846481481481481 0.018526041666666635 0.04902777777777782
4 0.29331250000000003 0.2654537037037037 0.014020833333333371 0.05622222222222225
4 0.23706770833333338 0.2737222222222222 0.011848958333333333 0.04275925925925921
4 0.3311354166666666 0.2870092592592593 0.013328125000000076 0.06627777777777781
4 0.1875208333333333 0.2756203703703704 0.013000000000000018 0.05537962962962968
4 0.0810885416666667 0.14982407407407408 0.01604687499999997 0.05048148148148147
4 0.03650520833333329 0.2241111111111111 0.01577083333333344 0.05342592592592592
4 0.08212500000000003 0.2210185185185185 0.015645833333333314 0.04277777777777782
4 0.15476562500000005 0.21816666666666668 0.016645833333333353 0.05937037037037037
4 0.13756249999999995 0.27140740740740743 0.015109375000000114 0.06182407407407406