2 0.8265625 0.22685185185185186 0.34375 0.45185185185185184
4 0.8744739583333333 0.6243796296296297 0.2510468749999999 0.37161111111111106
4 0.4734375 0.6342592592592593 0.46875 0.3925925925925926
7 0.42265625 0.9055555555555556 0.08802083333333334 0.18703703703703703
8 0.09453125 0.8398148148148148 0.18802083333333333 0.31666666666666665
4 0.4150364583333333 0.7511574074074074 0.09346875000000002 0.18287037037037038
4 0.9715729166666667 0.7708333333333334 0.05592187499999994 0.35185185185185186
4 0.9103854166666667 0.7372685185185185 0.06370833333333342 0.28935185185185186
4 0.9435833333333333 0.5590277777777778 0.0806458333333334 0.08101851851851852
4 0.039453125 0.5293055555555556 0.05557291666666657 0.33638888888888885
4 0.0750364583333333 0.4224259259259259 0.04082812499999993 0.35411111111111115
4 0.012114583333333328 0.29783333333333334 0.021713541666666693 0.17748148148148143
4 0.04335416666666667 0.28125 0.026932291666666684 0.1550925925925926
4 0.13253645833333336 0.41782407407407407 0.04649479166666666 0.30324074074074076
4 0.18656250000000002 0.3761574074074074 0.05302604166666664 0.2337962962962963
4 0.23538020833333337 0.4270833333333333 0.03872395833333329 0.15046296296296297
4 0.26011458333333337 0.32060185185185186 0.030921874999999942 0.09490740740740741
4 0.3186979166666667 0.3136574074074074 0.04656250000000005 0.08564814814814815
4 0.8880520833333333 0.45464814814814813 0.22294791666666663 0.2673240740740741
4 0.62853125 0.8545462962962963 0.25348437500000004 0.29090740740740745