4 0.2564102564102564 0.6202219482120839 0.1151229722658294 0.2638717632552404
4 0.43275771847200417 0.41430332922318125 0.03663003663003663 0.08384710234278668
4 0.3249607535321821 0.4192355117139334 0.03453689167974882 0.05425400739827373
4 0.3987441130298273 0.37422934648581996 0.018838304552590265 0.040690505548705305
8 0.41130298273155413 0.3631319358816276 0.011512297226582941 0.035758323057953144
7 0.47906855049712194 0.42694204685573367 0.016221873364730507 0.03884093711467324
7 0.6878597592883308 0.5357583230579531 0.04970695970695959 0.09741060419235512
8 0.32783882783882784 0.3649815043156597 0.015175300889586603 0.0345252774352651
4 0.6822082679225536 0.4568434032059186 0.03698587127158547 0.06781750924784218
4 0.4786865515436944 0.4007398273736128 0.01403976975405543 0.036991368680641186
4 0.3597645211930926 0.39499383477188654 0.024924123495552123 0.058643649815043226