6 0.4822916666666667 0.675 0.10833333333333334 0.2962962962962963
4 0.6549479166666666 0.7796296296296297 0.1203125 0.2537037037037037
4 0.6830729166666667 0.5935185185185186 0.08072916666666667 0.13333333333333333
4 0.3484375 0.7361111111111112 0.09791666666666667 0.2111111111111111
4 0.1703125 0.6476851851851851 0.121875 0.1287037037037037
4 0.24348958333333334 0.5120370370370371 0.08385416666666666 0.09259259259259259
4 0.21692708333333333 0.46805555555555556 0.07135416666666666 0.075
4 0.2908854166666667 0.4356481481481482 0.05364583333333333 0.06759259259259259
4 0.2591145833333333 0.3888888888888889 0.050520833333333334 0.05555555555555555
4 0.3028645833333333 0.38333333333333336 0.04114583333333333 0.05
4 0.3890625 0.5717592592592593 0.07291666666666667 0.12129629629629629
4 0.30833333333333335 0.32314814814814813 0.026041666666666668 0.037037037037037035
4 0.35442708333333334 0.3486111111111111 0.0203125 0.04351851851851852
4 0.31302083333333336 0.3490740740740741 0.017708333333333333 0.03333333333333333
4 0.346875 0.2949074074074074 0.023958333333333335 0.03425925925925926
4 0.41796875 0.42268518518518516 0.0421875 0.08055555555555556
4 0.4348958333333333 0.4675925925925926 0.051041666666666666 0.11666666666666667
4 0.09921875 0.5736111111111111 0.11927083333333334 0.12129629629629629
7 0.13251041666666666 0.4830925925925926 0.031687499999999987 0.05048148148148147
7 0.17985416666666668 0.44819444444444445 0.025479166666666647 0.04734259259259259
7 0.21536458333333333 0.40228703703703705 0.024479166666666666 0.05
6 0.18828125 0.35833333333333334 0.09114583333333333 0.10925925925925926
4 0.5770833333333333 0.3458333333333333 0.03333333333333333 0.05277777777777778
4 0.5427083333333333 0.4425925925925926 0.04479166666666667 0.08333333333333333
4 0.4817708333333333 0.39444444444444443 0.03958333333333333 0.06851851851851852
4 0.5791666666666667 0.300462962962963 0.025 0.03796296296296296
4 0.44479166666666664 0.2986111111111111 0.023958333333333335 0.049074074074074076
4 0.4859375 0.3472222222222222 0.034375 0.06481481481481481
4 0.6067708333333334 0.49675925925925923 0.0625 0.10648148148148148
4 0.60625 0.412962962962963 0.046875 0.06666666666666667
8 0.55078125 0.9152777777777777 0.09322916666666667 0.16018518518518518
8 0.5684895833333333 0.5805555555555556 0.0484375 0.13148148148148148
8 0.5052083333333334 0.5097222222222222 0.042708333333333334 0.09722222222222222
8 0.54609375 0.4935185185185185 0.03802083333333333 0.09444444444444444
8 0.4390625 0.3824074074074074 0.028125 0.053703703703703705
8 0.44635416666666666 0.32407407407407407 0.020833333333333332 0.04259259259259259
8 0.5184895833333333 0.34629629629629627 0.021354166666666667 0.05185185185185185
8 0.5552083333333333 0.37824074074074077 0.027083333333333334 0.062037037037037036
8 0.5424479166666667 0.3388888888888889 0.021354166666666667 0.053703703703703705
8 0.5111979166666667 0.324537037037037 0.018229166666666668 0.04537037037037037
2 0.53984375 0.2625 0.0328125 0.0787037037037037
4 0.4786458333333333 0.29398148148148145 0.021875 0.04537037037037037
4 0.5057291666666667 0.2796296296296296 0.019791666666666666 0.03518518518518519
4 0.62265625 0.3587962962962963 0.04010416666666667 0.06574074074074074
4 0.6044270833333333 0.32314814814814813 0.028645833333333332 0.03888888888888889
8 0.07994791666666666 0.49907407407407406 0.0671875 0.06666666666666667
7 0.030802083333333334 0.5451851851851851 0.03680729166666666 0.06082407407407413
4 0.11692708333333333 0.41435185185185186 0.050520833333333334 0.062037037037037036
4 0.37213541666666666 0.2689814814814815 0.0203125 0.028703703703703703
4 0.48932291666666666 0.44166666666666665 0.04010416666666667 0.08148148148148149
7 0.21536458333333333 0.8307407407407408 0.06197916666666667 0.0977777777777777
7 0.15812500000000002 0.9172407407407407 0.118359375 0.10687037037037034
7 0.8306666666666668 0.8633518518518518 0.05970312500000006 0.1621944444444445
7 0.7934583333333334 0.7048703703703704 0.044661458333333334 0.10217592592592584
4 0.095359375 0.9551481481481481 0.057375000000000016 0.0897037037037038
4 0.17143229166666665 0.86975 0.03374479166666665 0.14574074074074084
4 0.201375 0.7804629629629629 0.03242708333333333 0.10143518518518514
4 0.019411458333333336 0.5136111111111111 0.02528125 0.047287037037036975
4 0.03966145833333334 0.47926851851851854 0.019484374999999998 0.061935185185185225
4 0.069640625 0.4550277777777778 0.015203125 0.0371018518518519
4 0.058104166666666665 0.46422222222222226 0.012968750000000003 0.038009259259259215
4 0.076078125 0.4330277777777778 0.012453125000000013 0.05278703703703703
4 0.10409895833333334 0.43939814814814815 0.013526041666666681 0.05935185185185187
4 0.13042708333333333 0.45289814814814816 0.01871875 0.0452037037037037
4 0.14561458333333333 0.3969537037037037 0.011479166666666648 0.052907407407407396
4 0.17416145833333332 0.4208703703703704 0.014750000000000025 0.03772222222222223
4 0.20853125 0.38622222222222224 0.01810416666666666 0.03324074074074072
4 0.26584895833333333 0.3226759259259259 0.00831249999999999 0.03167592592592596
4 0.2483125 0.33862962962962967 0.007958333333333319 0.04609259259259257
4 0.23728125 0.3608148148148148 0.009046875000000003 0.04416666666666671
4 0.3394270833333334 0.48826851851851855 0.01484375 0.0881666666666667
4 0.35078125 0.43778703703703703 0.013828124999999976 0.07464814814814816
4 0.3398229166666667 0.35816666666666663 0.010432291666666652 0.040916666666666615
4 0.8284010416666666 0.7691944444444445 0.0325781250000001 0.08122222222222225
4 0.9232708333333334 0.753 0.02830729166666662 0.14835185185185187
4 0.9398697916666666 0.6697962962962963 0.027645833333333297 0.13240740740740742
4 0.8348333333333334 0.6291296296296297 0.018093749999999888 0.12978703703703712
4 0.8682708333333333 0.6511296296296296 0.02117187500000005 0.13211111111111118
4 0.848828125 0.6460648148148148 0.016135416666666676 0.1219814814814815
4 0.9112291666666666 0.5700925925925926 0.0198489583333334 0.10893518518518527
4 0.7910572916666666 0.6317314814814815 0.030807291666666715 0.0724907407407407
4 0.9126927083333333 0.5100370370370371 0.026682291666666677 0.10457407407407412
4 0.8813697916666666 0.563 0.02425520833333342 0.10863888888888883
4 0.8961770833333333 0.5397037037037037 0.015786458333333305 0.09445370370370369
4 0.7450885416666666 0.45837962962962964 0.016994791666666724 0.08921296296296298
4 0.7680364583333333 0.42191666666666666 0.015031250000000067 0.08110185185185188
4 0.7141145833333333 0.3915462962962963 0.013359375000000047 0.0738425925925926
4 0.7426197916666666 0.3881574074074074 0.012739583333333353 0.04975925925925927
4 0.6572708333333334 0.34023148148148147 0.010781249999999905 0.06379629629629628
4 0.6905520833333333 0.3813611111111111 0.012765625000000114 0.07569444444444444
4 0.7257864583333333 0.3979537037037037 0.008234374999999971 0.07183333333333337
4 0.6376979166666668 0.30989814814814814 0.01261458333333323 0.04880555555555559
4 0.6715 0.35450925925925925 0.010083333333333399 0.05530555555555557
4 0.7557708333333333 0.4180277777777778 0.009869791666666572 0.12432407407407406
4 0.835640625 0.4016574074074074 0.012666666666666751 0.054546296296296266
4 0.8442760416666667 0.5256018518518518 0.0188229166666666 0.08762037037037027
4 0.8588125000000001 0.46771296296296294 0.016645833333333353 0.05210185185185184
4 0.8224479166666666 0.3922407407407407 0.014755208333333296 0.07028703703703701
4 0.9346354166666667 0.5297592592592593 0.013432291666666648 0.07741666666666658
4 0.9396249999999999 0.48306481481481484 0.016468749999999942 0.0581111111111111