6 0.17760416666666667 0.6842592592592592 0.16666666666666666 0.39444444444444443
4 0.38776041666666666 0.7277777777777777 0.1234375 0.2740740740740741
4 0.490625 0.5583333333333333 0.09791666666666667 0.2574074074074074
8 0.6348958333333333 0.8287037037037037 0.10104166666666667 0.30185185185185187
4 0.71875 0.6736111111111112 0.1625 0.3138888888888889
6 0.5205729166666667 0.41898148148148145 0.07239583333333334 0.12129629629629629
4 0.590625 0.3990740740740741 0.06145833333333333 0.1111111111111111
8 0.6744791666666666 0.37824074074074077 0.059375 0.11203703703703703
4 0.6942708333333333 0.4925925925925926 0.09479166666666666 0.12037037037037036
8 0.6036458333333333 0.2898148148148148 0.036458333333333336 0.07962962962962963
7 0.6181822916666667 0.3588796296296296 0.02594791666666675 0.04520370370370375
4 0.50546875 0.29768518518518516 0.05572916666666667 0.10648148148148148
4 0.43802083333333336 0.32546296296296295 0.05520833333333333 0.09537037037037037
6 0.4375 0.2337962962962963 0.042708333333333334 0.11388888888888889
8 0.48723958333333334 0.22592592592592592 0.027604166666666666 0.06111111111111111
4 0.053125 0.45601851851851855 0.10625 0.1361111111111111
4 0.08333333333333333 0.30972222222222223 0.078125 0.08981481481481482
4 0.21744791666666666 0.2074074074074074 0.034895833333333334 0.05740740740740741
4 0.2755208333333333 0.4337962962962963 0.08229166666666667 0.13425925925925927
4 0.3065104166666667 0.32314814814814813 0.05677083333333333 0.09444444444444444
4 0.31927083333333334 0.2564814814814815 0.04791666666666667 0.07407407407407407
4 0.33229166666666665 0.2074074074074074 0.03854166666666667 0.06296296296296296
4 0.3763020833333333 0.4361111111111111 0.09010416666666667 0.17407407407407408
8 0.45260416666666664 0.38796296296296295 0.04479166666666667 0.12037037037037036
6 0.37940625 0.2321481481481482 0.041666666666666664 0.1111111111111111
4 0.5333333333333333 0.2300925925925926 0.034375 0.06388888888888888
4 0.5088541666666667 0.8819444444444444 0.09270833333333334 0.225
8 0.5653645833333333 0.24953703703703703 0.033854166666666664 0.07685185185185185
4 0.5520833333333334 0.20185185185185187 0.027083333333333334 0.05185185185185185
4 0.4744791666666667 0.16666666666666666 0.030208333333333334 0.06296296296296296
8 0.41171875 0.2050925925925926 0.013020833333333334 0.06018518518518518
8 0.43411458333333336 0.16064814814814815 0.021354166666666667 0.032407407407407406
6 0.4356770833333333 0.14583333333333334 0.030729166666666665 0.06018518518518518
4 0.3984375 0.15046296296296297 0.027083333333333334 0.05648148148148148
4 0.34036458333333336 0.16296296296296298 0.034895833333333334 0.07592592592592592
4 0.36255208333333333 0.13 0.02822916666666669 0.049259259259259246
6 0.01328125 0.20787037037037037 0.025520833333333333 0.13425925925925927
4 0.9253958333333333 0.8310185185185185 0.04517187500000001 0.19444444444444445
4 0.04600520833333333 0.7719907407407407 0.05461458333333333 0.2152777777777778
4 0.040796874999999996 0.6701388888888888 0.052010416666666656 0.12731481481481483
4 0.8433802083333333 0.7048611111111112 0.03478645833333331 0.1875
4 0.8271093749999999 0.6701388888888888 0.028286458333333306 0.18287037037037038
4 0.16352604166666668 0.43452777777777774 0.030385416666666682 0.08333333333333333
4 0.1895625 0.34524074074074074 0.02591666666666666 0.11639814814814818
4 0.11294270833333334 0.19212962962962962 0.022968750000000013 0.06944444444444445
4 0.07128125 0.18055555555555555 0.018520833333333334 0.05423148148148148
4 0.060869791666666666 0.21494444444444444 0.01569791666666666 0.062166666666666655
4 0.08032291666666666 0.13021296296296295 0.012630208333333334 0.04861111111111111
4 0.10603645833333333 0.13657407407407407 0.014572916666666677 0.04861111111111111
4 0.584078125 0.18778703703703703 0.012322916666666591 0.046879629629629625
4 0.6106041666666666 0.2092037037037037 0.010031250000000113 0.03877777777777777
4 0.5967708333333334 0.21903703703703703 0.01427083333333338 0.04572222222222222
4 0.7181510416666667 0.3506944444444444 0.0155520833333334 0.09606481481481481
4 0.7733489583333333 0.4074074074074074 0.015859374999999905 0.09259259259259259
4 0.82428125 0.45110185185185186 0.02332812499999998 0.10822222222222222
4 0.8166354166666667 0.3561944444444444 0.01975000000000004 0.07465740740740741
4 0.7914114583333334 0.3767314814814815 0.021390625000000087 0.1076388888888889
4 0.7546510416666667 0.3900462962962963 0.019479166666666714 0.09375
4 0.7380520833333333 0.36024074074074075 0.01818229166666659 0.11285185185185184
4 0.9287916666666667 0.39699074074074076 0.024015625000000065 0.0775462962962963
4 0.9619895833333333 0.3874444444444444 0.02009895833333341 0.08391666666666667
4 0.6604322916666666 0.2943703703703704 0.014713541666666666 0.06944444444444445
4 0.6317916666666666 0.22511111111111112 0.014291666666666696 0.06520370370370367
4 0.6180104166666667 0.3181851851851852 0.020718750000000105 0.04040740740740739
4 0.029958333333333333 0.23948148148148146 0.016020833333333335 0.08333333333333333