4 0.21041666666666667 0.7027777777777777 0.09166666666666666 0.1537037037037037
4 0.33645833333333336 0.7148148148148148 0.09166666666666666 0.17222222222222222
4 0.44557291666666665 0.7175925925925926 0.09010416666666667 0.18518518518518517
4 0.62890625 0.774537037037037 0.11302083333333333 0.17314814814814813
4 0.7145833333333333 0.7125 0.109375 0.1675925925925926
4 0.69140625 0.6027777777777777 0.0734375 0.14629629629629629
4 0.6328125 0.5787037037037037 0.04583333333333333 0.0962962962962963
4 0.37864583333333335 0.5453703703703704 0.06041666666666667 0.14444444444444443
4 0.47109375 0.649074074074074 0.07760416666666667 0.15555555555555556
4 0.23515625 0.625462962962963 0.08177083333333333 0.13055555555555556
6 0.24557291666666667 0.5078703703703704 0.06927083333333334 0.1398148148148148
6 0.2994791666666667 0.46944444444444444 0.042708333333333334 0.07962962962962963
8 0.309375 0.5680555555555555 0.04375 0.10648148148148148
6 0.4390625 0.42453703703703705 0.05 0.13240740740740742
4 0.4515625 0.5189814814814815 0.05520833333333333 0.1175925925925926
4 0.47109375 0.5555555555555556 0.0734375 0.11481481481481481
8 0.5333333333333333 0.5532407407407407 0.04479166666666667 0.09907407407407408
4 0.56953125 0.6791666666666667 0.08697916666666666 0.14722222222222223
8 0.68203125 0.5115740740740741 0.0484375 0.04537037037037037
8 0.6559895833333333 0.48564814814814816 0.04114583333333333 0.058333333333333334
8 0.6145833333333334 0.4773148148148148 0.04583333333333333 0.06759259259259259
4 0.52734375 0.4810185185185185 0.06302083333333333 0.11574074074074074
6 0.5395833333333333 0.5111111111111111 0.05 0.07222222222222222
4 0.5622395833333333 0.600925925925926 0.08177083333333333 0.09259259259259259
4 0.6072916666666667 0.5370370370370371 0.06666666666666667 0.08888888888888889
4 0.578125 0.4726851851851852 0.03854166666666667 0.08425925925925926
4 0.49140625 0.4023148148148148 0.043229166666666666 0.0824074074074074
4 0.3729166666666667 0.46620370370370373 0.057291666666666664 0.10648148148148148
6 0.36380208333333336 0.3888888888888889 0.0390625 0.06851851851851852
4 0.38255208333333335 0.37222222222222223 0.0359375 0.07037037037037037
4 0.3067708333333333 0.38287037037037036 0.042708333333333334 0.0712962962962963
4 0.2984375 0.42962962962962964 0.04479166666666667 0.03333333333333333
4 0.29635416666666664 0.4300925925925926 0.040625 0.03425925925925926
4 0.08828125 0.4708333333333333 0.06927083333333334 0.08055555555555556
2 0.48151041666666666 0.3023148148148148 0.04739583333333333 0.08796296296296297
2 0.5171875 0.28379629629629627 0.03854166666666667 0.08055555555555556
6 0.5807291666666666 0.3972222222222222 0.05 0.06851851851851852
4 0.5776041666666667 0.47175925925925927 0.04791666666666667 0.07685185185185185
4 0.60234375 0.42685185185185187 0.0421875 0.03333333333333333
4 0.5221354166666666 0.3212962962962963 0.025520833333333333 0.046296296296296294
4 0.23463541666666668 0.3337962962962963 0.027604166666666666 0.028703703703703703
7 0.14764062500000003 0.36157407407407405 0.015072916666666695 0.030555555555555555
4 0.15470833333333334 0.9074074074074074 0.053270833333333316 0.18518518518518517
4 0.8297135416666667 0.8356481481481481 0.05692187499999998 0.2037037037037037
4 0.6643802083333333 0.8599537037037037 0.04136458333333337 0.19675925925925927
4 0.090265625 0.7048611111111112 0.041578124999999994 0.1550925925925926
4 0.95534375 0.7060185185185185 0.037348958333333356 0.1712962962962963
4 0.9078333333333333 0.6795277777777777 0.029375000000000047 0.17181481481481475
4 0.8734114583333333 0.6630648148148148 0.025333333333333267 0.14712037037037046
4 0.792984375 0.5869351851851852 0.02073958333333342 0.12242592592592595
4 0.8528697916666667 0.6558611111111111 0.024765625000000093 0.1327129629629629
4 0.8123697916666667 0.625 0.021312500000000036 0.14300000000000004
4 0.7631875 0.5663611111111111 0.01785937499999998 0.10390740740740743
4 0.6515833333333333 0.41993518518518513 0.018020833333333285 0.06862962962962964
4 0.69125 0.460787037037037 0.013411458333333333 0.04901851851851857
4 0.6779270833333333 0.353212962962963 0.013109375000000038 0.05174074074074074
4 0.17761979166666667 0.7410092592592592 0.032718750000000026 0.15958333333333324
4 0.12003645833333333 0.3420462962962963 0.011906250000000007 0.0566481481481481
4 0.14744791666666668 0.33605555555555555 0.015880208333333336 0.025055555555555505
4 0.10579166666666667 0.34749074074074077 0.012833333333333327 0.05119444444444441
4 0.06872916666666667 0.3376944444444444 0.012843750000000006 0.04574999999999997
4 0.13044791666666666 0.31045370370370373 0.011901041666666664 0.04574999999999997
4 0.16098958333333335 0.31928703703703704 0.014906250000000003 0.047842592592592555
4 0.7486354166666668 0.5546666666666666 0.02219791666666661 0.11699999999999991
4 0.6185625 0.3650462962962963 0.011937500000000038 0.0412037037037037
4 0.1896979166666667 0.3015833333333333 0.012067708333333312 0.0396851851851852
4 0.22586979166666668 0.29712037037037037 0.00852083333333334 0.04530555555555551