4 0.8893229166666666 0.9148148148148149 0.18697916666666667 0.1685185185185185
4 0.6392343749999999 0.8538888888888889 0.1419322916666668 0.29037962962962977
4 0.709375 0.6833333333333333 0.103125 0.1925925925925926
8 0.8403645833333333 0.6268518518518519 0.09322916666666667 0.08703703703703704
8 0.79296875 0.5986111111111111 0.0796875 0.14722222222222223
8 0.721875 0.5587962962962963 0.08020833333333334 0.125
8 0.5809895833333333 0.6972222222222222 0.07864583333333333 0.17592592592592593
8 0.3572916666666667 0.47824074074074074 0.05625 0.14166666666666666
8 0.19453125 0.7175925925925926 0.08177083333333333 0.1962962962962963
4 0.0484375 0.9092592592592592 0.09375 0.17962962962962964
4 0.24010416666666667 0.9194444444444444 0.16041666666666668 0.15925925925925927
4 0.42604166666666665 0.9064814814814814 0.159375 0.1814814814814815
4 0.4661458333333333 0.8495370370370371 0.15729166666666666 0.25277777777777777
4 0.47109375 0.7023148148148148 0.13697916666666668 0.20462962962962963
4 0.4401041666666667 0.6305555555555555 0.115625 0.2074074074074074
4 0.3106770833333333 0.6851851851851852 0.13489583333333333 0.26851851851851855
4 0.30364583333333334 0.5518518518518518 0.11041666666666666 0.20925925925925926
6 0.28880208333333335 0.40925925925925927 0.0765625 0.13148148148148148
6 0.66484375 0.43194444444444446 0.08489583333333334 0.14722222222222223
4 0.5661458333333333 0.549074074074074 0.09791666666666667 0.1814814814814815
4 0.5109375 0.42916666666666664 0.08333333333333333 0.14166666666666666
2 0.4940104166666667 0.26157407407407407 0.07447916666666667 0.14722222222222223
2 0.5591145833333333 0.2175925925925926 0.0734375 0.14629629629629629
2 0.48125 0.15787037037037038 0.065625 0.14351851851851852
4 0.38359375 0.27175925925925926 0.04635416666666667 0.07314814814814814
4 0.32057291666666665 0.3800925925925926 0.06197916666666667 0.13796296296296295
4 0.32578125 0.27175925925925926 0.0421875 0.08055555555555556
4 0.3033854166666667 0.30925925925925923 0.05572916666666667 0.07962962962962963
6 0.4200520833333333 0.45231481481481484 0.0890625 0.18055555555555555
4 0.19348958333333333 0.399537037037037 0.06510416666666667 0.13425925925925927
4 0.17864583333333334 0.5513888888888889 0.07083333333333333 0.13055555555555556
4 0.17553125 0.4586944444444444 0.08541666666666667 0.0962962962962963
6 0.07578125 0.6152777777777778 0.1203125 0.2564814814814815
4 0.06614583333333333 0.8162037037037037 0.13229166666666667 0.22870370370370371
4 0.8591145833333333 0.7861111111111111 0.14114583333333333 0.2518518518518518
4 0.7591145833333334 0.7425925925925926 0.08385416666666666 0.17962962962962964
4 0.6596354166666667 0.5541666666666667 0.0703125 0.14166666666666666
4 0.06484375 0.23935185185185184 0.0203125 0.06388888888888888
4 0.05803645833333334 0.31443518518518515 0.04690104166666667 0.06726851851851849
4 0.17838541666666666 0.20555555555555555 0.04114583333333333 0.044444444444444446
4 0.9804635416666667 0.7294259259259259 0.027645833333333297 0.18518518518518517
4 0.947484375 0.7052499999999999 0.02996874999999998 0.1985555555555556
4 0.9020677083333334 0.5761296296296297 0.02941145833333323 0.16872222222222225
4 0.9309947916666667 0.5658425925925926 0.025927083333333437 0.1172870370370371
4 0.8667708333333334 0.5205740740740741 0.025953124999999962 0.11728703703703705
4 0.832921875 0.46707407407407403 0.027697916666666583 0.11316666666666664
4 0.7753333333333334 0.4413611111111111 0.027098958333333437 0.11316666666666664
4 0.8351927083333333 0.34837962962962965 0.020765624999999944 0.09182407407407403
4 0.7229166666666667 0.3414351851851852 0.018515625000000095 0.06365740740740741