4 0.15598958333333332 0.9254629629629629 0.2911458333333333 0.1398148148148148
4 0.4953125 0.9300925925925926 0.25833333333333336 0.13796296296296295
6 0.515625 0.8222222222222222 0.20104166666666667 0.18703703703703703
4 0.73671875 0.6962962962962963 0.1609375 0.2
4 0.8713541666666667 0.7333333333333333 0.15104166666666666 0.17962962962962964
6 0.7388020833333333 0.9074074074074074 0.19635416666666666 0.17592592592592593
4 0.9020833333333333 0.5925925925925926 0.1125 0.11296296296296296
4 0.9776041666666667 0.5185185185185185 0.040625 0.09814814814814815
7 0.12708333333333333 0.7909722222222222 0.09166666666666666 0.06805555555555555
4 0.4354166666666667 0.44537037037037036 0.07604166666666666 0.08333333333333333
7 0.49439062500000003 0.5475555555555556 0.018229166666666668 0.05
4 0.01796875 0.5796296296296296 0.0359375 0.09814814814814815
4 0.4508854166666667 0.5545833333333334 0.016968749999999963 0.0702870370370371
4 0.3691302083333333 0.8076296296296296 0.02950520833333338 0.15229629629629632
4 0.44463541666666667 0.7225370370370371 0.019057291666666625 0.10248148148148153
4 0.4830364583333333 0.7050555555555555 0.022942708333333308 0.06566666666666673
4 0.42101041666666666 0.7313333333333334 0.020760416666666615 0.11267592592592597
4 0.21421875 0.6867685185185185 0.024890624999999982 0.1161296296296297
4 0.22821354166666669 0.6203240740740741 0.02163020833333332 0.09620370370370379
4 0.02702083333333333 0.6784351851851852 0.0335625 0.10501851851851858
4 0.08007291666666667 0.519611111111111 0.01076041666666668 0.07069444444444437
4 0.19547395833333334 0.5640648148148149 0.020729166666666642 0.07441666666666656
4 0.10975 0.5296759259259259 0.013869791666666664 0.07602777777777768
4 0.27585937499999996 0.509537037037037 0.014838541666666672 0.0746296296296296
4 0.305734375 0.5234259259259259 0.01625520833333335 0.04685185185185177
4 0.06301562499999999 0.502824074074074 0.016234374999999992 0.09268518518518515
4 0.9587708333333332 0.7566203703703703 0.03049479166666676 0.07907407407407416
4 0.9709895833333333 0.947527777777778 0.042203125000000105 0.10493518518518523
4 0.125359375 0.7384259259259259 0.057078125000000014 0.06481481481481481