4 0.6078125 0.8296296296296296 0.209375 0.21296296296296297
7 0.65703125 0.9458333333333333 0.1546875 0.10648148148148148
4 0.28541666666666665 0.8712962962962963 0.203125 0.22407407407407406
4 0.17890625 0.8828703703703704 0.23802083333333332 0.2324074074074074
4 0.06875 0.7087962962962963 0.13333333333333333 0.1824074074074074
6 0.52890625 0.6763888888888889 0.12864583333333332 0.14907407407407408
4 0.42890625 0.45092592592592595 0.0796875 0.07592592592592592
4 0.8674479166666667 0.5981481481481481 0.07239583333333334 0.10555555555555556
4 0.8291666666666667 0.5462962962962963 0.065625 0.08518518518518518
4 0.8453125 0.49537037037037035 0.04895833333333333 0.08518518518518518
4 0.9768229166666667 0.5851851851851851 0.04635416666666667 0.11296296296296296
4 0.9114583333333334 0.5546296296296296 0.05625 0.08703703703703704
4 0.9213541666666667 0.5078703703703704 0.05 0.06018518518518518
4 0.9015625 0.4625 0.036458333333333336 0.049074074074074076
4 0.9546875 0.4337962962962963 0.04479166666666667 0.06388888888888888
8 0.8143229166666667 0.49074074074074076 0.03802083333333333 0.07037037037037037
4 0.9104166666666667 0.5513888888888889 0.057291666666666664 0.08055555555555556
4 0.9729166666666667 0.5370370370370371 0.052083333333333336 0.07222222222222222
8 0.875 0.4412037037037037 0.03125 0.03796296296296296
4 0.9440520833333333 0.8238796296296296 0.03324479166666663 0.1413981481481482
4 0.8464166666666666 0.8471759259259259 0.03970833333333322 0.14400925925925923
4 0.7561875 0.7654166666666666 0.030062500000000134 0.13095370370370377
4 0.8460104166666667 0.6343240740740741 0.020994791666666637 0.09792592592592592
4 0.8117812499999999 0.6120648148148148 0.01824999999999998 0.09482407407407414
4 0.7955052083333333 0.5894907407407407 0.017312499999999887 0.07877777777777771
4 0.7456666666666667 0.5631111111111111 0.01803645833333339 0.08025925925925932
4 0.67490625 0.5567407407407408 0.015958333333333505 0.07149074074074077
4 0.6221354166666667 0.6788055555555556 0.018807291666666497 0.10272222222222227
4 0.6019583333333334 0.6706388888888889 0.0203854166666666 0.09975925925925927
4 0.6482083333333333 0.5521018518518518 0.012380208333333325 0.07051851851851859
4 0.7284114583333333 0.5151296296296296 0.012270833333333305 0.07372222222222233
4 0.7719739583333334 0.4991203703703703 0.011953124999999905 0.06846296296296302
4 0.487890625 0.8053148148148148 0.02667187500000002 0.14975925925925926
4 0.40209374999999997 0.776787037037037 0.024265625000000075 0.1415462962962964
4 0.37658854166666667 0.7612129629629629 0.022947916666666637 0.13900925925925914
4 0.4261145833333334 0.6415555555555555 0.011968750000000009 0.08782407407407399
4 0.2280208333333333 0.6416574074074074 0.017062500000000112 0.07793518518518525
4 0.20677604166666666 0.5903055555555555 0.03018750000000002 0.054342592592592644
4 0.11547395833333335 0.5908333333333333 0.016776041666666686 0.07223148148148148
4 0.1671302083333334 0.5913611111111111 0.014786458333333268 0.08170370370370371