8 0.3578125 0.9263888888888889 0.07604166666666666 0.14166666666666666
8 0.8036458333333333 0.8777777777777778 0.090625 0.17037037037037037
8 0.7453125 0.6953703703703704 0.05625 0.10740740740740741
8 0.7276041666666667 0.6518518518518519 0.046875 0.08148148148148149
8 0.7130208333333333 0.6189814814814815 0.04479166666666667 0.06759259259259259
8 0.68515625 0.5953703703703703 0.0359375 0.06296296296296296
8 0.68671875 0.5518518518518518 0.033854166666666664 0.025925925925925925
8 0.7565104166666666 0.5745370370370371 0.03697916666666667 0.032407407407407406
8 0.3768229166666667 0.6541666666666667 0.0359375 0.08425925925925926
8 0.17708333333333334 0.6759259259259259 0.05 0.07407407407407407
8 0.18229166666666666 0.6287037037037037 0.042708333333333334 0.02962962962962963
4 0.25364583333333335 0.575462962962963 0.04375 0.04537037037037037
2 0.15140104166666665 0.8393518518518519 0.24823958333333335 0.3212962962962963
4 0.47161458333333334 0.736574074074074 0.0640625 0.11203703703703703
4 0.39088541666666665 0.5138888888888888 0.024479166666666666 0.03333333333333333
4 0.40338541666666666 0.4337962962962963 0.0109375 0.021296296296296296
4 0.9421875 0.8847222222222222 0.11145833333333334 0.19907407407407407
4 0.89140625 0.736574074074074 0.10885416666666667 0.11574074074074074
4 0.84375 0.7930555555555555 0.1125 0.15462962962962962
4 0.8213541666666667 0.6773148148148148 0.06979166666666667 0.08796296296296297
4 0.6778645833333333 0.6976851851851852 0.08385416666666666 0.09722222222222222
4 0.6328125 0.7694444444444445 0.08229166666666667 0.1425925925925926
4 0.7065104166666667 0.8722222222222222 0.14114583333333333 0.25555555555555554
4 0.72734375 0.7870370370370371 0.09739583333333333 0.13148148148148148
4 0.89765625 0.9527777777777777 0.15052083333333333 0.08518518518518518
4 0.9638020833333333 0.7226851851851852 0.06822916666666666 0.10833333333333334
4 0.8895833333333333 0.6643518518518519 0.09791666666666667 0.11018518518518519
4 0.76171875 0.6240740740740741 0.07239583333333334 0.08888888888888889
4 0.7138020833333333 0.5763888888888888 0.04114583333333333 0.026851851851851852
7 0.5770833333333333 0.7148148148148148 0.030208333333333334 0.06111111111111111
4 0.6026041666666667 0.6638888888888889 0.020833333333333332 0.044444444444444446
7 0.6213541666666667 0.6625 0.014583333333333334 0.06759259259259259
4 0.6325520833333333 0.6731481481481482 0.019270833333333334 0.05185185185185185
8 0.6635416666666667 0.6291666666666667 0.051041666666666666 0.049074074074074076
4 0.6098958333333333 0.6134259259259259 0.057291666666666664 0.0787037037037037
8 0.73046875 0.5601851851851852 0.03697916666666667 0.03888888888888889
8 0.68828125 0.5546296296296296 0.0359375 0.037037037037037035
4 0.5736979166666667 0.6574074074074074 0.06302083333333333 0.09259259259259259
4 0.6541666666666667 0.600925925925926 0.05625 0.044444444444444446
4 0.5484375 0.6087962962962963 0.04895833333333333 0.0712962962962963
4 0.578125 0.5837962962962963 0.040625 0.05462962962962963
4 0.5546875 0.5532407407407407 0.0375 0.04351851851851852
4 0.5309895833333333 0.5768518518518518 0.04010416666666667 0.06111111111111111
4 0.6450520833333333 0.5574074074074075 0.04635416666666667 0.053703703703703705
4 0.59375 0.5407407407407407 0.03958333333333333 0.037037037037037035
4 0.6494791666666667 0.5259259259259259 0.03333333333333333 0.022222222222222223
8 0.6041666666666666 0.5166666666666667 0.022916666666666665 0.022222222222222223
4 0.5723958333333333 0.5203703703703704 0.03125 0.03888888888888889
8 0.5411458333333333 0.5282407407407408 0.021875 0.03611111111111111
4 0.5041666666666667 0.5236111111111111 0.034375 0.062037037037037036
2 0.5692708333333333 0.4625 0.05520833333333333 0.05092592592592592
4 0.6190104166666667 0.5125 0.0265625 0.03425925925925926
4 0.5763020833333333 0.5 0.025520833333333333 0.025925925925925925
4 0.5434895833333333 0.4962962962962963 0.0234375 0.025925925925925925
4 0.6205729166666667 0.537962962962963 0.027604166666666666 0.02962962962962963
4 0.5510416666666667 0.5138888888888888 0.021875 0.02962962962962963
6 0.5364583333333334 0.4689814814814815 0.027083333333333334 0.03611111111111111
8 0.66484375 0.5402777777777777 0.0265625 0.03425925925925926
8 0.5979166666666667 0.5092592592592593 0.019791666666666666 0.025925925925925925
7 0.484765625 0.9182870370370371 0.050776041666666674 0.07268518518518519
6 0.42239583333333336 0.43842592592592594 0.016666666666666666 0.03981481481481482
4 0.5122395833333333 0.5527777777777778 0.0328125 0.04814814814814815
4 0.48046875 0.48935185185185187 0.019270833333333334 0.04351851851851852
4 0.4921875 0.4634259259259259 0.01875 0.032407407407407406
2 0.5005208333333333 0.42314814814814816 0.022916666666666665 0.02962962962962963
4 0.4588541666666667 0.4513888888888889 0.014583333333333334 0.025
8 0.06831770833333332 0.8066388888888889 0.07864583333333333 0.13240740740740742
4 0.09711458333333334 0.6608796296296297 0.017708333333333333 0.07484259259259253
4 0.13399999999999998 0.6365740740740741 0.01422395833333332 0.07562037037037043
4 0.14680729166666667 0.6493055555555556 0.01746354166666665 0.06712962962962964
4 0.18522395833333333 0.5916666666666667 0.014536458333333316 0.05092592592592592
4 0.24289583333333334 0.5270833333333333 0.014255208333333335 0.04675925925925926
4 0.2797395833333333 0.507175925925926 0.013979166666666624 0.04027777777777778
4 0.176640625 0.5780092592592593 0.010906250000000029 0.05324074074074074
4 0.2995260416666667 0.47962962962962963 0.006567708333333281 0.030250000000000016
4 0.32321875 0.4595648148148148 0.005343749999999995 0.024074074074074074
4 0.316796875 0.4594166666666667 0.00604166666666662 0.027472222222222183
4 0.33728125000000003 0.44613888888888886 0.003947916666666629 0.023148148148148147
4 0.331984375 0.44583333333333336 0.005166666666666705 0.02006481481481478
4 0.8970572916666666 0.5661018518518518 0.014395833333333267 0.06944444444444445
4 0.9148489583333334 0.5632685185185186 0.014098958333333418 0.059666666666666715
4 0.876953125 0.543212962962963 0.011796875000000047 0.05555555555555555
4 0.913546875 0.6206296296296296 0.017281249999999915 0.04577777777777783
4 0.8338489583333334 0.5781851851851852 0.017598958333333314 0.04218518518518514
4 0.8117135416666666 0.5820462962962963 0.012692708333333276 0.056074074074074026
4 0.6591145833333333 0.5051666666666667 0.008786458333333276 0.020296296296296364
4 0.4827708333333333 0.8483796296296297 0.04533854166666664 0.0625
4 0.5730572916666666 0.6722222222222223 0.03011458333333342 0.05555555555555555