2 0.34744897959183674 0.7263374485596708 0.6908163265306122 0.4403292181069959
8 0.7234693877551021 0.6491769547325102 0.15306122448979592 0.1646090534979424
8 0.6811224489795918 0.4228395061728395 0.07040816326530612 0.09053497942386832
4 0.7224489795918367 0.3626543209876543 0.09387755102040816 0.06275720164609054
6 0.5607142857142857 0.32664609053497945 0.16428571428571428 0.12037037037037036
4 0.4260816326530612 0.388343621399177 0.1 0.06584362139917696
8 0.30051020408163265 0.3765432098765432 0.10918367346938776 0.0720164609053498
4 0.4326530612244898 0.3410493827160494 0.10408163265306122 0.03189300411522634
4 0.9688775510204082 0.4156378600823045 0.05612244897959184 0.08024691358024691
6 0.9821428571428571 0.31430041152263377 0.03163265306122449 0.07510288065843622
4 0.8219387755102041 0.2664609053497942 0.06020408163265306 0.037037037037037035
4 0.5702448979591838 0.5514300411522634 0.03888775510204071 0.07726337448559661
4 0.6203775510204081 0.5170267489711934 0.031061224489795973 0.10104938271604941
4 0.6980918367346939 0.5269135802469136 0.03978571428571429 0.08610082304526755
4 0.655765306122449 0.5419444444444445 0.030408163265306078 0.07373456790123464
4 0.6826224489795919 0.7197325102880658 0.054775510204081695 0.1489609053497942
4 0.19276530612244897 0.4936316872427984 0.036061224489795894 0.08403292181069953
4 0.3380102040816326 0.440216049382716 0.02512244897959184 0.0697942386831276
4 0.3185510204081633 0.4432407407407407 0.022806122448979615 0.06676954732510286
4 0.2901938775510204 0.45209876543209876 0.0255204081632653 0.07781893004115224
4 0.27003061224489794 0.4619341563786008 0.024030612244897914 0.08235596707818925
4 0.23112244897959183 0.4732818930041152 0.02741836734693878 0.08992798353909462
4 0.20955102040816329 0.4813374485596708 0.026306122448979563 0.08365226337448554
4 0.2435 0.43809670781893 0.025163265306122475 0.05587448559670788
4 0.2171530612244898 0.4190329218106996 0.026306122448979563 0.03649176954732513
4 0.2396734693877551 0.3973559670781893 0.01931632653061225 0.03369341563786008
4 0.3729081632653061 0.4198662551440329 0.02768367346938775 0.08235596707818925
4 0.5413163265306122 0.3809670781893004 0.025918367346938868 0.05963991769547328
4 0.4901428571428571 0.37916666666666665 0.022428571428571447 0.06517489711934159
4 0.5907959183673469 0.3675925925925926 0.02066326530612245 0.07545267489711938
4 0.6150204081632653 0.35202674897119346 0.020653061224489806 0.05769547325102885
4 0.6634591836734695 0.3251440329218107 0.021102040816326596 0.051790123456790155
4 0.9235714285714286 0.5944238683127572 0.02468367346938781 0.1098765432098765
4 0.949234693877551 0.5318827160493828 0.04029591836734695 0.10310699588477369
4 0.8681020408163266 0.5789917695473251 0.04638775510204085 0.09894032921810707