4 0.19713541666666667 0.9101851851851852 0.1234375 0.16296296296296298
4 0.3924479166666667 0.9194444444444444 0.23489583333333333 0.15185185185185185
4 0.5390625 0.8875 0.22395833333333334 0.20092592592592592
4 0.8325520833333333 0.9402777777777778 0.2859375 0.10277777777777777
4 0.22708333333333333 0.7356481481481482 0.18333333333333332 0.14907407407407408
8 0.20755208333333333 0.4300925925925926 0.030729166666666665 0.058333333333333334
7 0.14956770833333335 0.47886111111111107 0.024130208333333354 0.031175925925925992
7 0.17057291666666666 0.4305 0.0171875 0.024175925925925938
4 0.32890625 0.5055555555555555 0.04739583333333333 0.07962962962962963
4 0.38776041666666666 0.5083333333333333 0.04635416666666667 0.08148148148148149
4 0.44036458333333334 0.5078703703703704 0.0421875 0.08796296296296297
4 0.5291666666666667 0.537962962962963 0.053125 0.08148148148148149
4 0.5671875 0.5074074074074074 0.053125 0.08148148148148149
4 0.5572916666666666 0.4597222222222222 0.036458333333333336 0.08055555555555556
4 0.49921875 0.49212962962962964 0.04114583333333333 0.0712962962962963
4 0.51875 0.425 0.030208333333333334 0.04814814814814815
8 0.5411458333333333 0.40046296296296297 0.01875 0.03425925925925926
4 0.47942708333333334 0.3925925925925926 0.025520833333333333 0.05925925925925926
4 0.46197916666666666 0.3560185185185185 0.022916666666666665 0.03796296296296296
4 0.49505208333333334 0.4583333333333333 0.03697916666666667 0.05185185185185185
4 0.5307291666666667 0.44305555555555554 0.021875 0.04537037037037037
4 0.33828125 0.46574074074074073 0.0390625 0.06296296296296296
4 0.38515625 0.46296296296296297 0.04114583333333333 0.05185185185185185
8 0.3765625 0.43333333333333335 0.022916666666666665 0.04814814814814815
4 0.40703125 0.42824074074074076 0.03697916666666667 0.075
4 0.4515625 0.43148148148148147 0.03125 0.05555555555555555
4 0.4513020833333333 0.47314814814814815 0.04010416666666667 0.06666666666666667
4 0.4427083333333333 0.4134259259259259 0.028125 0.06574074074074074
6 0.43723958333333335 0.3680555555555556 0.0234375 0.05648148148148148
8 0.5197916666666667 0.39305555555555555 0.022916666666666665 0.032407407407407406
6 0.50546875 0.3597222222222222 0.024479166666666666 0.04351851851851852
4 0.50390625 0.3902777777777778 0.0203125 0.03425925925925926
4 0.41041666666666665 0.33935185185185185 0.015625 0.030555555555555555
6 0.4005208333333333 0.34953703703703703 0.017708333333333333 0.032407407407407406
4 0.4041666666666667 0.38564814814814813 0.030208333333333334 0.04722222222222222
6 0.3421875 0.4074074074074074 0.035416666666666666 0.06481481481481481
4 0.3690104166666667 0.3902777777777778 0.019270833333333334 0.03425925925925926
4 0.37161458333333336 0.34629629629629627 0.0203125 0.03333333333333333
6 0.08567708333333333 0.4148148148148148 0.0953125 0.10925925925925926
4 0.7730833333333333 0.6585648148148148 0.03481250000000007 0.13194444444444445
4 0.154390625 0.6028796296296296 0.027114583333333366 0.0720185185185185
4 0.36066145833333335 0.6162592592592592 0.020671875000000027 0.05555555555555555
4 0.17059375000000002 0.4058611111111111 0.012067708333333312 0.027777777777777776
4 0.14773958333333334 0.4531851851851852 0.016125000000000018 0.03600925925925925
4 0.294125 0.6188240740740741 0.0172239583333333 0.09567592592592586
4 0.8426614583333334 0.8395092592592592 0.04233333333333344 0.12345370370370363
4 0.8908281250000001 0.8495370370370371 0.04665624999999996 0.14351851851851852
4 0.9724114583333333 0.8510833333333333 0.04662499999999999 0.14351851851851852
4 0.9346614583333334 0.8865740740740741 0.03188541666666656 0.09104629629629622
4 0.5806354166666666 0.9495370370370371 0.04215104166666658 0.10092592592592593
4 0.6928593749999999 0.5662037037037037 0.01658854166666662 0.08981481481481482
4 0.7045781249999999 0.5523148148148148 0.0110104166666666 0.07314814814814814
4 0.6090208333333333 0.5231481481481481 0.01662500000000004 0.07407407407407407
4 0.680359375 0.49953703703703706 0.016593750000000067 0.07314814814814814
4 0.6582291666666666 0.5120370370370371 0.018166666666666723 0.07407407407407407
4 0.7328489583333333 0.4840555555555555 0.012369791666666666 0.05452777777777787
4 0.61409375 0.4603888888888889 0.01154166666666659 0.06173148148148155
4 0.5670677083333333 0.39737962962962964 0.00951041666666678 0.04269444444444446
4 0.6006250000000001 0.41100925925925924 0.012968750000000048 0.024694444444444408
4 0.642140625 0.4812222222222223 0.010348958333333276 0.06326851851851845
4 0.6328854166666668 0.4812222222222223 0.008614583333333314 0.06018518518518518
4 0.6265208333333334 0.4727407407407407 0.008041666666666695 0.0668703703703704
4 0.27711458333333333 0.5025277777777778 0.019802083333333324 0.07238888888888895
4 0.2548697916666667 0.4318148148148148 0.014130208333333331 0.057240740740740786
4 0.20681770833333332 0.39267592592592593 0.013671875 0.026092592592592546
4 0.15143229166666666 0.4027777777777778 0.014640625000000008 0.05471296296296299
4 0.25936458333333334 0.33964814814814814 0.008921874999999998 0.031148148148148137
4 0.19782291666666665 0.35606481481481483 0.010838541666666639 0.03366666666666668
4 0.46363541666666663 0.5471388888888888 0.01594270833333328 0.06565740740740748
4 0.4878177083333333 0.6334166666666667 0.01885937500000002 0.05808333333333335