4 0.7872395833333333 0.8356481481481481 0.1140625 0.30092592592592593
4 0.5598958333333334 0.8296296296296296 0.19895833333333332 0.18333333333333332
4 0.23313020833333328 0.720212962962963 0.18177083333333333 0.13240740740740742
4 0.2953125 0.9356481481481481 0.26666666666666666 0.11574074074074074
6 0.8880208333333334 0.42777777777777776 0.09583333333333334 0.1111111111111111
8 0.9197916666666667 0.5736111111111111 0.057291666666666664 0.11388888888888889
4 0.9703125 0.48194444444444445 0.052083333333333336 0.05092592592592592
4 0.4127604166666667 0.5212962962962963 0.0546875 0.08333333333333333
4 0.4239583333333333 0.4699074074074074 0.034375 0.075
4 0.4513020833333333 0.5527777777777778 0.0546875 0.08148148148148149
4 0.53984375 0.5199074074074074 0.044270833333333336 0.08425925925925926
4 0.5986979166666667 0.5263888888888889 0.0484375 0.0824074074074074
4 0.6533854166666667 0.5157407407407407 0.0453125 0.08148148148148149
4 0.6419270833333334 0.47638888888888886 0.04010416666666667 0.06018518518518518
4 0.5958333333333333 0.4740740740740741 0.036458333333333336 0.05185185185185185
6 0.6375 0.42268518518518516 0.034375 0.06759259259259259
8 0.6046875 0.45185185185185184 0.022916666666666665 0.05555555555555555
4 0.5734375 0.4425925925925926 0.036458333333333336 0.07962962962962963
6 0.5794270833333334 0.3625 0.019270833333333334 0.032407407407407406
4 0.5765625 0.4 0.03229166666666667 0.04814814814814815
4 0.52890625 0.487962962962963 0.04114583333333333 0.07222222222222222
4 0.48151041666666666 0.5050925925925925 0.0421875 0.0712962962962963
4 0.46328125 0.4398148148148148 0.0296875 0.05185185185185185
4 0.48515625 0.4689814814814815 0.034895833333333334 0.049074074074074076
4 0.5286458333333334 0.4462962962962963 0.036458333333333336 0.05740740740740741
4 0.5372395833333333 0.42824074074074076 0.0296875 0.06388888888888888
8 0.42864583333333334 0.425 0.020833333333333332 0.020370370370370372
8 0.45989583333333334 0.4027777777777778 0.022916666666666665 0.025925925925925925
8 0.44036458333333334 0.41435185185185186 0.019270833333333334 0.03611111111111111
4 0.5182291666666666 0.3699074074074074 0.020833333333333332 0.03611111111111111
6 0.5424479166666667 0.3773148148148148 0.0234375 0.05092592592592592
4 0.5020833333333333 0.40925925925925927 0.026041666666666668 0.05740740740740741
8 0.4986979166666667 0.44675925925925924 0.021354166666666667 0.049074074074074076
6 0.47682291666666665 0.3685185185185185 0.024479166666666666 0.03333333333333333
4 0.75703125 0.38055555555555554 0.027604166666666666 0.040740740740740744
4 0.6986979166666667 0.3527777777777778 0.0265625 0.03333333333333333
4 0.6111979166666667 0.4060185185185185 0.0203125 0.03796296296296296
4 0.61171875 0.3837962962962963 0.0203125 0.017592592592592594
4 0.6091145833333333 0.3587962962962963 0.022395833333333334 0.028703703703703703
8 0.5609375 0.3819444444444444 0.0125 0.032407407407407406
4 0.08722395833333335 0.8935185185185185 0.05082812500000008 0.18210185185185193
4 0.11875520833333333 0.7613148148148149 0.03290104166666671 0.14609259259259258
4 0.16417187500000002 0.8276759259259259 0.04056250000000006 0.17181481481481475
4 0.2625364583333333 0.6033981481481481 0.02659374999999997 0.0915648148148149
4 0.297375 0.5154351851851852 0.0167239583333334 0.07612962962962966
4 0.3313697916666667 0.531888888888889 0.015869791666666563 0.08127777777777775
4 0.379828125 0.4920277777777778 0.013286458333333447 0.06429629629629635
4 0.3176354166666666 0.5036018518518518 0.012088541666666685 0.08025000000000007
4 0.39821874999999995 0.42412962962962963 0.01238541666666677 0.05503703703703698
4 0.45925520833333333 0.9272499999999999 0.046729166666666565 0.1455000000000001
4 0.6761041666666666 0.6276481481481482 0.03416145833333341 0.12037037037037036
4 0.724234375 0.6035092592592592 0.020755208333333285 0.056212962962963
4 0.7631041666666667 0.6223518518518518 0.02039583333333326 0.05820370370370361
4 0.8285729166666668 0.6498055555555555 0.027859374999999888 0.07473148148148151
4 0.705453125 0.5552222222222222 0.02855729166666663 0.09722222222222222
4 0.7698020833333333 0.42989814814814814 0.013703124999999972 0.056879629629629586
4 0.8436614583333333 0.490962962962963 0.01662500000000004 0.0635648148148149
4 0.8440260416666666 0.598212962962963 0.021500000000000106 0.09061111111111102
4 0.9262291666666668 0.6253333333333333 0.02599479166666659 0.09987037037037028
4 0.9805364583333334 0.6203703703703703 0.026015624999999907 0.05820370370370361
4 0.9169166666666667 0.48743518518518514 0.016343750000000056 0.06216666666666676
4 0.8338020833333334 0.42160185185185184 0.00831250000000002 0.05
4 0.8000520833333333 0.38310185185185186 0.008624999999999971 0.033796296296296297
4 0.786515625 0.3766203703703704 0.008552083333333372 0.03287037037037037
4 0.8063020833333333 0.38287037037037036 0.008041666666666695 0.03981481481481482
4 0.7776614583333334 0.375 0.008546874999999924 0.037037037037037035
4 0.04139583333333334 0.9409722222222222 0.049875000000000114 0.11805555555555555
4 0.11238020833333333 0.5828703703703704 0.025901041666666676 0.04722222222222222
4 0.3529583333333334 0.48703703703703705 0.01349479166666659 0.06296296296296296
4 0.12696354166666665 0.549537037037037 0.022786458333333332 0.049074074074074076
4 0.24178645833333334 0.5564814814814815 0.01605729166666663 0.07037037037037037
4 0.24516666666666667 0.49907407407407406 0.019703124999999964 0.06111111111111111
4 0.9492083333333333 0.42226851851851854 0.012020833333333295 0.04434259259259258