8 0.18671875 0.6101851851851852 0.0921875 0.0962962962962963
8 0.04739583333333333 0.7060185185185185 0.084375 0.16574074074074074
8 0.06770833333333333 0.649537037037037 0.08854166666666667 0.1398148148148148
8 0.1484375 0.5532407407407407 0.07708333333333334 0.1287037037037037
8 0.14010416666666667 0.46620370370370373 0.05625 0.0712962962962963
8 0.0703125 0.475462962962963 0.06354166666666666 0.06759259259259259
8 0.024479166666666666 0.4925925925925926 0.04479166666666667 0.03333333333333333
8 0.19322916666666667 0.4300925925925926 0.052083333333333336 0.06388888888888888
8 0.29765625 0.39861111111111114 0.04010416666666667 0.03981481481481482
7 0.3478697916666667 0.7740925925925926 0.03740104166666664 0.13027777777777783
6 0.6229166666666667 0.2935185185185185 0.042708333333333334 0.0962962962962963
4 0.6919270833333333 0.300462962962963 0.0296875 0.03981481481481482
4 0.9497395833333333 0.5092592592592593 0.07760416666666667 0.09444444444444444
4 0.24947916666666667 0.8601851851851852 0.15 0.2518518518518518
4 0.13463541666666667 0.9083333333333333 0.21822916666666667 0.1814814814814815
4 0.15963541666666667 0.7324074074074074 0.1484375 0.16296296296296298
4 0.07630208333333334 0.8523148148148149 0.14635416666666667 0.15648148148148147
4 0.038802083333333334 0.5601851851851852 0.07135416666666666 0.09074074074074075
4 0.20364583333333333 0.562962962962963 0.11145833333333334 0.09259259259259259
4 0.2869791666666667 0.5791666666666667 0.10416666666666667 0.15092592592592594
4 0.40260416666666665 0.5708333333333333 0.090625 0.13055555555555556
2 0.37161458333333336 0.29259259259259257 0.09427083333333333 0.09444444444444444
4 0.23020833333333332 0.4050925925925926 0.06145833333333333 0.04537037037037037
4 0.31614583333333335 0.44537037037037036 0.075 0.07407407407407407
4 0.3880208333333333 0.4685185185185185 0.06666666666666667 0.07592592592592592
8 0.41510416666666666 0.42314814814814816 0.03958333333333333 0.07407407407407407
4 0.4859375 0.4111111111111111 0.0625 0.11666666666666667
6 0.4234375 0.3101851851851852 0.046875 0.06666666666666667
6 0.5216145833333333 0.24027777777777778 0.030729166666666665 0.04537037037037037
4 0.64375 0.24351851851851852 0.020833333333333332 0.02962962962962963
2 0.4903645833333333 0.22592592592592592 0.044270833333333336 0.05740740740740741
4 0.5049479166666667 0.30185185185185187 0.03802083333333333 0.06296296296296296
4 0.34739583333333335 0.3699074074074074 0.05 0.058333333333333334
4 0.32369791666666664 0.3486111111111111 0.03802083333333333 0.030555555555555555
4 0.28880208333333335 0.37175925925925923 0.04739583333333333 0.04351851851851852
4 0.35833333333333334 0.4134259259259259 0.057291666666666664 0.08796296296296297
4 0.4083333333333333 0.3648148148148148 0.04375 0.05
4 0.47239583333333335 0.46944444444444444 0.05625 0.09259259259259259
4 0.4388020833333333 0.512962962962963 0.07135416666666666 0.11666666666666667
4 0.359375 0.675 0.11197916666666667 0.18333333333333332
4 0.298015625 0.6838703703703705 0.03498437500000004 0.10461111111111113
4 0.24765104166666668 0.6892777777777778 0.03597916666666663 0.09185185185185189
4 0.09192708333333334 0.5097222222222222 0.07760416666666667 0.05648148148148148
4 0.5255208333333333 0.3490740740740741 0.03854166666666667 0.08148148148148149
4 0.4395833333333333 0.4125 0.04375 0.06759259259259259
4 0.3450520833333333 0.5208333333333334 0.0796875 0.09537037037037037
2 0.43046875 0.2574074074074074 0.0296875 0.040740740740740744
6 0.5760416666666667 0.23981481481481481 0.023958333333333335 0.06296296296296296
4 0.6791666666666667 0.7041666666666667 0.10208333333333333 0.16944444444444445
4 0.9769635416666667 0.42747222222222225 0.023666666666666693 0.07922222222222228
4 0.9289427083333333 0.4058611111111111 0.024802083333333277 0.07304629629629629
4 0.877734375 0.3410462962962963 0.016104166666666704 0.06275925925925924
4 0.8404166666666666 0.2973240740740741 0.010885416666666713 0.04937962962962967
4 0.8302864583333334 0.2978425925925926 0.009369791666666552 0.046296296296296294
4 0.8173229166666667 0.28785185185185186 0.009739583333333475 0.04520370370370375
4 0.8013958333333334 0.2647037037037037 0.00912499999999999 0.03812962962962958
4 0.7902135416666667 0.26116666666666666 0.008197916666666553 0.035407407407407415
4 0.7784114583333334 0.2472777777777778 0.007296874999999877 0.033768518518518545
4 0.35642187499999994 0.6832037037037038 0.0385989583333334 0.08729629629629627
4 0.2566927083333333 0.35683333333333334 0.015171875000000057 0.039888888888888925
4 0.20041145833333332 0.3650277777777778 0.01314583333333322 0.05912037037037039
4 0.06032812499999996 0.3934722222222222 0.01171875 0.04762037037037033
4 0.08800000000000002 0.41674074074074074 0.017708333333333333 0.04526851851851851
4 0.23083854166666667 0.3518888888888889 0.012437500000000056 0.04945370370370367
4 0.3034791666666667 0.32145370370370374 0.016499999999999914 0.058925925925925916
4 0.22020312499999997 0.4731759259259259 0.08243750000000011 0.0963148148148148
4 0.27176562499999996 0.49632407407407403 0.08245833333333343 0.06700925925925916