4 0.27109375 0.8787037037037037 0.21614583333333334 0.23148148148148148
7 0.3986354166666667 0.9291759259259259 0.060807291666666666 0.1286851851851852
4 0.4778645833333333 0.7351851851851852 0.12135416666666667 0.16111111111111112
4 0.57421875 0.8351851851851851 0.1328125 0.20185185185185187
4 0.6088541666666667 0.6777777777777778 0.1 0.16296296296296298
4 0.5869791666666667 0.6106481481481482 0.096875 0.11574074074074074
8 0.7494791666666667 0.7907407407407407 0.058333333333333334 0.17037037037037037
8 0.6697916666666667 0.5708333333333333 0.04583333333333333 0.10092592592592593
8 0.72734375 0.5425925925925926 0.0359375 0.07407407407407407
6 0.7026041666666667 0.5180555555555556 0.05 0.07314814814814814
6 0.7903645833333334 0.5 0.0640625 0.14444444444444443
6 0.7432291666666667 0.637962962962963 0.103125 0.13148148148148148
4 0.12890625 0.5402777777777777 0.09010416666666667 0.08425925925925926
4 0.7484375 0.48842592592592593 0.03125 0.0712962962962963
4 0.7765625 0.5675925925925925 0.058333333333333334 0.05925925925925926
4 0.8270833333333333 0.43657407407407406 0.03125 0.03981481481481482
4 0.8447916666666667 0.4166666666666667 0.022916666666666665 0.03333333333333333
4 0.8486979166666667 0.5222222222222223 0.034895833333333334 0.06481481481481481
4 0.6692708333333334 0.425 0.04583333333333333 0.040740740740740744
4 0.40369270833333337 0.8619722222222221 0.025453124999999945 0.06885185185185176
4 0.05377083333333333 0.9356481481481481 0.034203124999999994 0.1287037037037037
4 0.11222395833333333 0.8513611111111111 0.018812500000000003 0.1453240740740741
4 0.16253645833333333 0.8849351851851852 0.028812500000000026 0.13838888888888892
4 0.1914375 0.8610833333333333 0.023072916666666644 0.1443981481481482
4 0.23315625 0.7595555555555557 0.019015624999999994 0.0672685185185186
4 0.18375520833333334 0.7317777777777779 0.025416666666666643 0.05800000000000009
4 0.1264114583333333 0.6831574074074074 0.019067708333333325 0.09038888888888878
4 0.06548958333333334 0.6071018518518518 0.015968749999999997 0.045685185185185107
4 0.25242187499999996 0.5653148148148148 0.016927083333333332 0.0713703703703703
4 0.44242708333333336 0.6081481481481481 0.014640624999999947 0.08850925925925919