4 0.21380208333333334 0.8564814814814815 0.10052083333333334 0.17037037037037037
4 0.34921875 0.8712962962962963 0.0890625 0.17592592592592593
4 0.46875 0.8666666666666667 0.09895833333333333 0.1925925925925926
4 0.6721354166666667 0.9236111111111112 0.1234375 0.14351851851851852
4 0.7643229166666666 0.875 0.12864583333333332 0.18333333333333332
4 0.7424479166666667 0.7611111111111111 0.08489583333333334 0.17407407407407408
4 0.6786458333333333 0.7277777777777777 0.057291666666666664 0.1037037037037037
4 0.6486979166666667 0.687037037037037 0.06927083333333334 0.10925925925925926
8 0.5671875 0.7013888888888888 0.046875 0.11203703703703703
4 0.49713541666666666 0.700462962962963 0.0765625 0.12129629629629629
4 0.39609375 0.6944444444444444 0.0828125 0.17962962962962964
8 0.32369791666666664 0.7060185185185185 0.05572916666666667 0.125
4 0.390625 0.5990740740740741 0.07291666666666667 0.11296296296296296
4 0.6072916666666667 0.8379629629629629 0.10208333333333333 0.16296296296296298
4 0.23776041666666667 0.7726851851851851 0.09114583333333333 0.14722222222222223
6 0.25026041666666665 0.6509259259259259 0.0765625 0.1685185185185185
4 0.31223958333333335 0.6023148148148149 0.04635416666666667 0.0824074074074074
4 0.3067708333333333 0.5541666666666667 0.04895833333333333 0.03796296296296296
4 0.31927083333333334 0.5041666666666667 0.042708333333333334 0.07685185185185185
6 0.3841145833333333 0.5106481481481482 0.043229166666666666 0.0787037037037037
6 0.46458333333333335 0.5481481481481482 0.05416666666666667 0.13518518518518519
4 0.5200520833333333 0.5231481481481481 0.0484375 0.08333333333333333
2 0.5130208333333334 0.4185185185185185 0.053125 0.10555555555555556
2 0.50390625 0.34953703703703703 0.04114583333333333 0.0712962962962963
2 0.55234375 0.399537037037037 0.044270833333333336 0.09166666666666666
4 0.3924479166666667 0.45092592592592595 0.0359375 0.046296296296296294
4 0.44427083333333334 0.43333333333333335 0.030208333333333334 0.05185185185185185
4 0.4078125 0.4263888888888889 0.028125 0.049074074074074076
4 0.559375 0.6157407407407407 0.06666666666666667 0.1259259259259259
6 0.5734375 0.6546296296296297 0.057291666666666664 0.09074074074074075
4 0.47578125 0.6611111111111111 0.06614583333333333 0.14629629629629629
4 0.1734375 0.5009259259259259 0.05 0.06666666666666667
4 0.20260416666666667 0.45694444444444443 0.040625 0.041666666666666664
4 0.28156770833333333 0.37867592592592597 0.011312500000000014 0.04065740740740738
4 0.30494791666666665 0.3902777777777778 0.0234375 0.030555555555555555
6 0.6203125 0.5236111111111111 0.05625 0.0787037037037037
4 0.6463541666666667 0.5574074074074075 0.04375 0.05
8 0.7102968749999999 0.6334351851851852 0.06017708333333331 0.08724074074074077
8 0.65625 0.6060185185185185 0.05625 0.062037037037037036
4 0.596875 0.7611111111111111 0.084375 0.12037037037037036
4 0.4973958333333333 0.7916666666666666 0.090625 0.16111111111111112
4 0.15525 0.8986666666666666 0.04388020833333333 0.1635833333333334
4 0.379171875 0.9773703703703703 0.027598958333333336 0.04525925925925936
4 0.10346875 0.4526759259259259 0.013239583333333341 0.05349999999999998
4 0.11909375 0.45112962962962966 0.013229166666666655 0.058638888888888824
4 0.13616145833333335 0.44392592592592595 0.013802083333333333 0.052472222222222184
4 0.980734375 0.8467037037037037 0.03049479166666676 0.1790092592592592
4 0.9480416666666667 0.8333333333333334 0.032239583333333384 0.1646111111111111
4 0.9191145833333334 0.8235555555555556 0.03225520833333325 0.15535185185185182
4 0.97465625 0.95525 0.03686458333333344 0.08949999999999987
4 0.8745625 0.7849814814814815 0.025328125000000055 0.15020370370370373
4 0.8728177083333333 0.6743796296296297 0.025312499999999953 0.0668703703703704
4 0.7434999999999999 0.5987685185185185 0.025937500000000096 0.05349999999999998
4 0.8022291666666667 0.6322037037037037 0.01955729166666676 0.06481481481481481
4 0.7264895833333332 0.4757592592592593 0.015869791666666563 0.05610185185185178
4 0.7136250000000001 0.5571851851851852 0.01771354166666678 0.0599166666666667
4 0.7514531249999999 0.5541944444444444 0.020453124999999992 0.03758333333333326
4 0.6881979166666666 0.5305000000000001 0.01833333333333324 0.07734259259259257
4 0.8395364583333333 0.7058796296296297 0.025052083333333287 0.1111111111111111
4 0.8527083333333334 0.7385648148148148 0.015859374999999905 0.12526851851851847
4 0.15017708333333332 0.44052777777777774 0.011630208333333355 0.05912037037037039
4 0.18128125 0.41583333333333333 0.01292708333333336 0.044407407407407444