6 0.37265625 0.2972222222222222 0.033854166666666664 0.08888888888888889
4 0.2986979166666667 0.33101851851851855 0.028645833333333332 0.04351851851851852
8 0.10390625 0.4935185185185185 0.0640625 0.0962962962962963
4 0.18842708333333333 0.37201851851851847 0.04560416666666664 0.053296296296296244
2 0.05 0.8930555555555556 0.1 0.20092592592592592
8 0.11666666666666667 0.4310185185185185 0.046875 0.03981481481481482
8 0.73515625 0.6453703703703704 0.0828125 0.15925925925925927
8 0.6825520833333333 0.46944444444444444 0.05260416666666667 0.09444444444444444
8 0.6661458333333333 0.43703703703703706 0.046875 0.07777777777777778
8 0.6294270833333333 0.33935185185185185 0.030729166666666665 0.030555555555555555
8 0.6653645833333334 0.3425925925925926 0.030729166666666665 0.040740740740740744
8 0.6286458333333333 0.3787037037037037 0.03229166666666667 0.046296296296296294
4 0.64140625 0.6472222222222223 0.13489583333333333 0.2388888888888889
4 0.5549479166666667 0.4013888888888889 0.05572916666666667 0.07314814814814814
4 0.53828125 0.3300925925925926 0.0390625 0.03796296296296296
4 0.5713541666666667 0.5518518518518518 0.07708333333333334 0.12962962962962962
7 0.5191979166666667 0.5059351851851852 0.0308229166666667 0.06405555555555562
4 0.7673541666666667 0.8796296296296297 0.19929687500000004 0.24074074074074073
4 0.7838541666666666 0.749537037037037 0.071875 0.15648148148148147
4 0.7705729166666667 0.5652777777777778 0.09947916666666666 0.14351851851851852
4 0.6661458333333333 0.5615740740740741 0.09166666666666666 0.11388888888888889
4 0.7552083333333334 0.4583333333333333 0.06666666666666667 0.08518518518518518
4 0.8221614583333333 0.5064722222222222 0.09015104166666674 0.0929444444444445
4 0.812875 0.4229074074074074 0.07379166666666657 0.07031481481481487
4 0.6971354166666667 0.4046296296296296 0.06822916666666666 0.07592592592592592
4 0.5167395833333333 0.4492407407407408 0.05781249999999994 0.09074074074074079
4 0.4908854166666667 0.40370370370370373 0.049479166666666664 0.07037037037037037
4 0.4747395833333333 0.37175925925925923 0.034895833333333334 0.06574074074074074
4 0.5380208333333333 0.33194444444444443 0.03854166666666667 0.03981481481481482
4 0.58984375 0.34629629629629627 0.043229166666666666 0.05
8 0.5919270833333333 0.3162037037037037 0.025520833333333333 0.028703703703703703
8 0.6291666666666667 0.3189814814814815 0.023958333333333335 0.013888888888888888
4 0.51640625 0.30972222222222223 0.03177083333333333 0.03425925925925926
8 0.4856770833333333 0.32175925925925924 0.021354166666666667 0.03796296296296296
4 0.446875 0.3148148148148148 0.03229166666666667 0.06296296296296296
2 0.49973958333333335 0.24722222222222223 0.044270833333333336 0.04814814814814815
4 0.5208333333333334 0.2912037037037037 0.025 0.026851851851851852
6 0.48098958333333336 0.2564814814814815 0.027604166666666666 0.03333333333333333
4 0.34717708333333336 0.26064814814814813 0.01875 0.028703703703703703
4 0.4244791666666667 0.27824074074074073 0.021875 0.041666666666666664
4 0.4359375 0.25324074074074077 0.01875 0.032407407407407406
4 0.47369791666666666 0.3143518518518518 0.022395833333333334 0.03425925925925926
4 0.49947916666666664 0.3472222222222222 0.036458333333333336 0.046296296296296294
4 0.5234375 0.36944444444444446 0.036458333333333336 0.05
4 0.5604166666666667 0.36157407407407405 0.04583333333333333 0.03796296296296296
4 0.5776041666666667 0.30324074074074076 0.029166666666666667 0.021296296296296296
2 0.44375 0.21064814814814814 0.025 0.030555555555555555
8 0.02734375 0.5981481481481481 0.05364583333333333 0.08703703703703704
4 0.9231770833333334 0.5097222222222222 0.13489583333333333 0.14537037037037037
4 0.9046875 0.6837962962962963 0.18645833333333334 0.24351851851851852
4 0.86953125 0.825 0.22864583333333333 0.3
4 0.036348958333333334 0.681074074074074 0.025979166666666664 0.137861111111111
4 0.017541666666666667 0.7026759259259259 0.028880208333333334 0.1316851851851852
4 0.08032291666666666 0.4357037037037037 0.014390624999999997 0.048351851851851875
4 0.08263541666666667 0.393 0.01786458333333334 0.04732407407407409
4 0.100453125 0.38425925925925924 0.013156249999999996 0.053703703703703705
4 0.18220833333333333 0.3219166666666667 0.01555208333333334 0.047527777777777815
4 0.22108854166666667 0.27566666666666667 0.012067708333333312 0.037759259259259235
4 0.12197395833333333 0.38189814814814815 0.015229166666666672 0.056175925925925886
4 0.24973958333333332 0.2561759259259259 0.00713541666666669 0.03009259259259259
4 0.5171666666666667 0.4608611111111111 0.02168750000000005 0.051342592592592634
4 0.5481770833333334 0.4583333333333333 0.020255208333333267 0.053027777777777764
4 0.8845885416666667 0.42298148148148146 0.018838541666666705 0.04798148148148153
4 0.8495572916666667 0.4015185185185185 0.01601041666666655 0.0437685185185185
4 0.8486145833333333 0.34300925925925924 0.01601041666666655 0.05976851851851848
4 0.8310989583333334 0.34932407407407406 0.014124999999999943 0.06397222222222225
4 0.7837552083333333 0.3762592592592593 0.019822916666666638 0.04713888888888886
4 0.7383854166666667 0.34837962962962965 0.01811979166666665 0.03935185185185185
4 0.5758281249999999 0.4590462962962963 0.020760416666666733 0.0448703703703704
4 0.6196875 0.4814537037037037 0.07121875000000012 0.08037037037037033