6 0.5421875 0.9203703703703704 0.15520833333333334 0.15
4 0.29739583333333336 0.7416666666666667 0.10729166666666666 0.1814814814814815
4 0.24583333333333332 0.5962962962962963 0.09583333333333334 0.11666666666666667
4 0.4166666666666667 0.6416666666666667 0.059375 0.11666666666666667
4 0.5864583333333333 0.5648148148148148 0.05 0.08703703703703704
4 0.5661458333333333 0.4962962962962963 0.04479166666666667 0.06481481481481481
4 0.42604166666666665 0.45231481481481484 0.03125 0.058333333333333334
4 0.44244791666666666 0.4083333333333333 0.024479166666666666 0.04259259259259259
4 0.3966145833333333 0.4337962962962963 0.0265625 0.04537037037037037
4 0.43854166666666666 0.38287037037037036 0.021875 0.030555555555555555
4 0.5166666666666667 0.38842592592592595 0.022916666666666665 0.03611111111111111
4 0.5783854166666667 0.8231481481481482 0.10885416666666667 0.2074074074074074
4 0.7890625 0.6814814814814815 0.10625 0.11666666666666667
4 0.6830729166666667 0.5101851851851852 0.0546875 0.07037037037037037
4 0.8065104166666667 0.5319444444444444 0.0734375 0.06388888888888888
4 0.6705729166666666 0.43796296296296294 0.0390625 0.037037037037037035
4 0.9328125 0.625 0.11354166666666667 0.10925925925925926
4 0.9325520833333333 0.8949074074074074 0.12760416666666666 0.1935185185185185
4 0.43046875 0.3597222222222222 0.019270833333333334 0.021296296296296296
4 0.4434895833333333 0.35694444444444445 0.0140625 0.021296296296296296
4 0.5541666666666667 0.425462962962963 0.028125 0.04722222222222222
4 0.47994791666666664 0.3972222222222222 0.022395833333333334 0.03333333333333333
8 0.3609375 0.9189814814814815 0.090625 0.16018518518518518
8 0.44296875 0.8175925925925925 0.06614583333333333 0.20555555555555555
8 0.45026041666666666 0.5699074074074074 0.03802083333333333 0.09907407407407408
8 0.45598958333333334 0.4597222222222222 0.0234375 0.058333333333333334
8 0.5442708333333334 0.4009259259259259 0.015625 0.02962962962962963
8 0.50859375 0.4148148148148148 0.0171875 0.044444444444444446
8 0.4856770833333333 0.40925925925925927 0.0171875 0.03518518518518519
8 0.4640625 0.4222222222222222 0.01875 0.044444444444444446
8 0.45625 0.3680555555555556 0.013541666666666667 0.028703703703703703
8 0.4705729166666667 0.36342592592592593 0.011979166666666667 0.030555555555555555
8 0.4861979166666667 0.36898148148148147 0.013020833333333334 0.028703703703703703
8 0.490625 0.36157407407407405 0.0125 0.026851851851851852
8 0.8895833333333333 0.6564814814814814 0.06875 0.12037037037037036
8 0.7877604166666666 0.562037037037037 0.04635416666666667 0.08703703703703704
8 0.74296875 0.5805555555555556 0.049479166666666664 0.0962962962962963
8 0.7424479166666667 0.5115740740740741 0.04114583333333333 0.05648148148148148
8 0.6833333333333333 0.4101851851851852 0.01875 0.037037037037037035
4 0.7174479166666666 0.4787037037037037 0.04739583333333333 0.053703703703703705
4 0.6536458333333334 0.4671296296296296 0.03958333333333333 0.05092592592592592
2 0.6317708333333333 0.37175925925925923 0.04479166666666667 0.06574074074074074
8 0.6049479166666667 0.36203703703703705 0.0109375 0.024074074074074074
8 0.5315104166666667 0.3611111111111111 0.0140625 0.02962962962962963
2 0.45598958333333334 0.3337962962962963 0.019270833333333334 0.04351851851851852
6 0.5153645833333333 0.32592592592592595 0.011979166666666667 0.027777777777777776
4 0.525 0.34444444444444444 0.016666666666666666 0.025925925925925925
4 0.5114583333333333 0.36527777777777776 0.019791666666666666 0.032407407407407406
4 0.5059895833333333 0.34629629629629627 0.0140625 0.027777777777777776
4 0.4856770833333333 0.33796296296296297 0.0140625 0.025925925925925925
4 0.4979166666666667 0.5861111111111111 0.05625 0.1388888888888889
4 0.39296875 0.5462962962962963 0.06302083333333333 0.12407407407407407
6 0.3421875 0.48935185185185187 0.057291666666666664 0.09907407407407408
4 0.40520833333333334 0.3861111111111111 0.026041666666666668 0.03888888888888889
4 0.41354166666666664 0.37083333333333335 0.017708333333333333 0.026851851851851852
4 0.4359375 0.3351851851851852 0.014583333333333334 0.022222222222222223
6 0.496875 0.31203703703703706 0.0125 0.012962962962962963
4 0.6138020833333333 0.6444444444444445 0.07864583333333333 0.16666666666666666
4 0.5401041666666667 0.45185185185185184 0.03229166666666667 0.07407407407407407
4 0.7091145833333333 0.4356481481481482 0.044270833333333336 0.05092592592592592
4 0.9841145833333333 0.7314814814814815 0.030729166666666665 0.07407407407407407
8 0.40625 0.4652777777777778 0.027083333333333334 0.041666666666666664
7 0.38255208333333335 0.46775 0.016145833333333335 0.031175925925925888
7 0.5119791666666667 0.6968240740740741 0.03958333333333333 0.06931481481481472
6 0.8026041666666667 0.4462962962962963 0.08958333333333333 0.10740740740740741
4 0.6072916666666667 0.3861111111111111 0.022916666666666665 0.024074074074074074
4 0.8736979166666666 0.5 0.05260416666666667 0.05740740740740741
7 0.6335052083333333 0.4214537037037037 0.013192708333333296 0.02006481481481478
7 0.25169270833333335 0.9745370370370371 0.06588020833333322 0.05092592592592592
4 0.8790781249999999 0.5330277777777778 0.017984375000000104 0.06974999999999994
4 0.9150052083333333 0.5246944444444444 0.014874999999999972 0.06419444444444437
4 0.8143333333333334 0.482712962962963 0.014140625000000047 0.037037037037037035
4 0.6738750000000001 0.6351851851851852 0.02074479166666663 0.10617592592592599
4 0.6905416666666667 0.5962962962962963 0.016583333333333408 0.04691666666666673
4 0.6518333333333334 0.6283981481481481 0.016916666666666677 0.1037037037037037
4 0.6421145833333334 0.5243796296296297 0.015526041666666638 0.08210185185185193
4 0.6330833333333333 0.5259259259259259 0.00877604166666662 0.05432407407407414
4 0.7525104166666666 0.4543240740740741 0.011401041666666601 0.05062037037037033
4 0.7426145833333333 0.43117592592592596 0.010354166666666723 0.04012037037037041
4 0.632890625 0.40247222222222223 0.013135416666666799 0.01975000000000004
4 0.383421875 0.44104629629629627 0.01623958333333325 0.03518518518518519
4 0.3645104166666666 0.3821759259259259 0.00933333333333337 0.03935185185185185
4 0.2590520833333334 0.49745370370370373 0.01608333333333339 0.06712962962962964
4 0.23835416666666673 0.5057407407407408 0.012171874999999943 0.07351851851851861
4 0.3057864583333333 0.4685185185185185 0.010114583333333371 0.06666666666666667
4 0.21582812500000007 0.5351851851851852 0.01658854166666662 0.07314814814814814
4 0.15735937500000005 0.5078703703703704 0.01633854166666661 0.05925925925925926
4 0.20175520833333327 0.5743055555555555 0.021822916666666713 0.08287037037037037
4 0.27739062499999995 0.49421296296296297 0.014302083333333352 0.059722222222222225
4 0.1543645833333334 0.6037037037037037 0.019723958333333277 0.08888888888888889
4 0.14981250000000004 0.7219907407407408 0.019984374999999943 0.11435185185185186
4 0.12455729166666671 0.7508703703703704 0.02049479166666662 0.13600925925925914
4 0.25512499999999994 0.9111111111111111 0.04741145833333344 0.07592592592592592
4 0.07635937499999995 0.8539351851851852 0.030947916666666703 0.1476851851851852
4 0.021031250000000057 0.7263888888888889 0.031187500000000055 0.1425925925925926
4 0.08657291666666668 0.625462962962963 0.029604166666666744 0.09722222222222222
4 0.5105520833333334 0.641537037037037 0.03639583333333339 0.05820370370370361
4 0.9599010416666667 0.479287037037037 0.018598958333333353 0.05019444444444448
4 0.9799947916666666 0.5177037037037037 0.01466666666666659 0.046296296296296294
4 0.932671875 0.5522870370370371 0.013114583333333247 0.044666666666666674
4 0.97371875 0.5661759259259259 0.0137447916666666 0.05283333333333328
4 0.9490572916666667 0.5566481481481481 0.017104166666666743 0.042481481481481585
6 0.4946979166666667 0.46614814814814814 0.03967187500000004 0.07581481481481481