4 0.21510416666666668 0.8310185185185185 0.15625 0.3175925925925926
6 0.559375 0.7675925925925926 0.115625 0.2814814814814815
4 0.6927083333333334 0.7402777777777778 0.12291666666666666 0.24537037037037038
4 0.36640625 0.6263888888888889 0.08489583333333334 0.20833333333333334
8 0.4544270833333333 0.7125 0.07239583333333334 0.2324074074074074
4 0.44765625 0.5402777777777777 0.0671875 0.14537037037037037
4 0.5091145833333334 0.44907407407407407 0.06197916666666667 0.1425925925925926
6 0.38776041666666666 0.41064814814814815 0.0515625 0.14537037037037037
6 0.4453125 0.37083333333333335 0.046875 0.14166666666666666
8 0.48086979166666666 0.33935185185185185 0.023197916666666648 0.06759259259259259
4 0.5208333333333334 0.35324074074074074 0.03854166666666667 0.062037037037037036
8 0.5705729166666667 0.36666666666666664 0.034895833333333334 0.08148148148148149
8 0.628125 0.4652777777777778 0.046875 0.10833333333333334
7 0.6067708333333334 0.41226851851851853 0.025 0.04212962962962963
7 0.6729166666666667 0.5928240740740741 0.03854166666666667 0.0699074074074074
8 0.8385416666666666 0.5662037037037037 0.11354166666666667 0.13425925925925927
4 0.11927083333333334 0.49953703703703706 0.11145833333333334 0.125
8 0.024739583333333332 0.5162037037037037 0.049479166666666664 0.14166666666666666
2 0.07265625 0.3282407407407407 0.1453125 0.18611111111111112
4 0.19270833333333334 0.37546296296296294 0.075 0.10092592592592593
4 0.16067708333333333 0.3416666666666667 0.08177083333333333 0.09444444444444444
8 0.18854166666666666 0.29212962962962963 0.034375 0.05648148148148148
7 0.21809895833333334 0.26458333333333334 0.015364583333333333 0.03009259259259259
4 0.25625 0.29259259259259257 0.04479166666666667 0.053703703703703705
4 0.2950520833333333 0.23564814814814813 0.0234375 0.032407407407407406
4 0.30755208333333334 0.20879629629629629 0.022395833333333334 0.028703703703703703
4 0.5208333333333334 0.30277777777777776 0.03125 0.04814814814814815
8 0.44375 0.2601851851851852 0.01875 0.046296296296296294
8 0.43411458333333336 0.3101851851851852 0.0265625 0.05185185185185185
4 0.39609375 0.3226851851851852 0.04114583333333333 0.04351851851851852
4 0.34140625 0.3449074074074074 0.044270833333333336 0.06944444444444445
4 0.35572916666666665 0.28055555555555556 0.036458333333333336 0.07037037037037037
4 0.41015625 0.24861111111111112 0.0265625 0.05648148148148148
4 0.4609375 0.2935185185185185 0.029166666666666667 0.03333333333333333
4 0.46848958333333335 0.24861111111111112 0.025520833333333333 0.05648148148148148
4 0.5080729166666667 0.2712962962962963 0.033854166666666664 0.044444444444444446
4 0.3794635416666667 0.2206111111111111 0.023515625000000047 0.03469444444444447
4 0.4122395833333333 0.21157407407407408 0.0203125 0.028703703703703703
4 0.47760416666666666 0.21157407407407408 0.01875 0.019444444444444445
6 0.0953125 0.24027777777777778 0.09895833333333333 0.0787037037037037
4 0.8119791666666667 0.937962962962963 0.19166666666666668 0.11481481481481481
4 0.21148958333333334 0.5775462962962963 0.030307291666666635 0.12886111111111118
4 0.18436979166666667 0.5625 0.030749999999999982 0.14043518518518525
4 0.24056249999999998 0.4193703703703704 0.02422395833333333 0.04861111111111111
4 0.2655208333333333 0.3595648148148148 0.017703125000000004 0.0848796296296296
4 0.17090104166666667 0.24837962962962962 0.010890624999999984 0.04398148148148148
4 0.182359375 0.24513888888888888 0.010364583333333321 0.043055555555555555
4 0.19876041666666666 0.20949074074074073 0.010880208333333327 0.04027777777777778
4 0.217640625 0.24004629629629629 0.013734375000000002 0.02175925925925926
4 0.543046875 0.2673611111111111 0.010906250000000029 0.02175925925925926
4 0.6344375 0.36666666666666664 0.009312500000000057 0.05648148148148148
4 0.6102239583333334 0.33773148148148147 0.009843750000000047 0.056018518518518516
4 0.6688177083333334 0.4023148148148148 0.015567708333333267 0.0787037037037037
4 0.6822291666666668 0.4064814814814815 0.014901041666666733 0.06666666666666667
4 0.7035729166666667 0.45410185185185187 0.0225833333333334 0.0822777777777778
4 0.6587916666666668 0.3747685185185185 0.015307291666666601 0.07453703703703704
4 0.7224531249999999 0.44699074074074074 0.017630208333333286 0.07824074074074074
4 0.7486302083333333 0.48032407407407407 0.023630208333333277 0.08935185185185185
4 0.7464270833333334 0.6277592592592592 0.022359374999999914 0.12495370370370375
4 0.7874375 0.7248981481481481 0.0246822916666666 0.13785185185185175
4 0.72859375 0.6236111111111111 0.015854166666666693 0.10555555555555556
4 0.7323697916666667 0.5668981481481481 0.02028125000000003 0.04675925925925926
4 0.8853541666666668 0.6800925925925926 0.02730729166666658 0.12037037037037036
4 0.9551354166666666 0.7362962962962963 0.042375000000000065 0.17074074074074083
4 0.8975937500000001 0.8273148148148148 0.04552083333333338 0.15833333333333333
4 0.6081406250000001 0.37916666666666665 0.014531250000000048 0.03518518518518519
4 0.584046875 0.5411481481481482 0.06929687500000009 0.12757407407407406
4 0.8179114583333333 0.40521296296296294 0.015010416666666752 0.05701851851851856
7 0.674796875 0.5335648148148148 0.038755208333333256 0.06712962962962964
4 0.57178125 0.2873055555555556 0.008619791666666762 0.04847222222222224
4 0.7977083333333332 0.40876851851851853 0.02105208333333337 0.05174074074074074
4 0.2996666666666667 0.5129166666666667 0.07303125000000002 0.1352222222222222
4 0.32356250000000003 0.4220648148148148 0.05488020833333328 0.10073148148148145