4 0.671176840780365 0.9541607898448519 0.3354310887350535 0.08885754583921016
4 0.9002517306482064 0.6276445698166432 0.19320327249842667 0.29619181946403383
4 0.1460037759597231 0.7433004231311706 0.2252989301447451 0.31875881523272215
4 0.0446821900566394 0.344851904090268 0.0868470736312146 0.16784203102961917
4 0.16614222781623664 0.2306064880112835 0.06796727501573317 0.12552891396332863
4 0.19288860918816866 0.13399153737658676 0.048458149779735685 0.09026798307475317
4 0.3247325361862807 0.2447108603667137 0.04782882315921964 0.11706629055007052
4 0.3936438011327879 0.25952045133991536 0.050975456261799876 0.14104372355430184
4 0.45594713656387664 0.2609308885754584 0.05223410950283197 0.14386459802538787
4 0.565449968533669 0.3124118476727786 0.0711139081183134 0.13963328631875882
4 0.5645059786028949 0.16643159379407615 0.042794210195091255 0.08744710860366714
4 0.5258023914411579 0.24118476727785615 0.05349276274386407 0.1156558533145275
4 0.5213971050975457 0.18053596614950634 0.045940843297671494 0.09590973201692525
4 0.33637507866582755 0.1847672778561354 0.0446821900566394 0.08744710860366714
4 0.38955317809943363 0.19040902679830748 0.042794210195091255 0.09026798307475317
4 0.368470736312146 0.08110014104372355 0.02328508495909377 0.05218617771509168
4 0.36595342983008183 0.05148095909732017 0.024543738200125866 0.03526093088857546
4 0.5283196979232222 0.08603667136812412 0.02328508495909377 0.056417489421720736
4 0.5449968533668974 0.1304654442877292 0.03650094398993078 0.07475317348377997
8 0.6356198867212083 0.18335684062059238 0.03650094398993078 0.09590973201692525
8 0.5896790434235368 0.11777150916784203 0.027690371302706105 0.0380818053596615
8 0.5733165512901196 0.10155148095909731 0.02391441157960982 0.05077574047954866
8 0.5500314663310258 0.08603667136812412 0.03146633102580239 0.045133991537376586
8 0.5037759597230963 0.152327221438646 0.028319697923222153 0.0846262341325811
4 0.4685336689741976 0.20944992947813823 0.048458149779735685 0.10860366713681241
4 0.4675896790434235 0.15021156558533144 0.042794210195091255 0.08885754583921016
4 0.49653870358716173 0.08603667136812412 0.03146633102580239 0.07898448519040903
4 0.45594713656387664 0.11706629055007052 0.034612964128382634 0.09590973201692525
4 0.4131529263687854 0.1382228490832158 0.0434235368156073 0.11001410437235543
4 0.408432976714915 0.07968970380818054 0.03650094398993078 0.07757404795486601
6 0.44808055380742606 0.04936530324400564 0.030207677784770296 0.08744710860366714
4 0.47608558842039017 0.03596614950634697 0.024543738200125866 0.06346967559943582
4 0.5418502202643172 0.05571227080394922 0.02391441157960982 0.029619181946403384
8 0.4263687853996224 0.05007052186177715 0.016991818753933293 0.05218617771509168
4 0.49402139710509757 0.02609308885754584 0.012586532410320957 0.03244005641748942
8 0.3766519823788546 0.1530324400564175 0.025802391441157962 0.08321579689703808
6 0.3392070484581498 0.11071932299012693 0.04153555695405916 0.10860366713681241
4 0.08149779735682819 0.4774330042313117 0.11013215859030837 0.17066290550070523
6 0.059786028949024544 0.11283497884344147 0.10824417872876023 0.17489421720733428
7 0.15324103209565765 0.11283497884344147 0.016991818753933293 0.076163610719323
4 0.5732976714915041 0.5850352609308886 0.028904971680302118 0.18451339915373774
4 0.4170862177470107 0.3751904090267983 0.016985525487728137 0.14124118476727784
4 0.358275645059786 0.44376586741889984 0.020157331655128993 0.14126939351198867
4 0.31986154814348644 0.3895204513399154 0.02076777847702958 0.15227080394922426
4 0.24887979861548146 0.4660084626234132 0.025122718691000603 0.1536248236953455
4 0.5881434864694777 0.4776868829337095 0.02870358716173688 0.15229901269393514
4 0.7369855254877281 0.40605077574047954 0.01801762114537452 0.13244005641748938
4 0.470862177470107 0.37892806770098736 0.017551919446192638 0.12052186177715093
4 0.2033606041535557 0.3634978843441467 0.015903083700440517 0.12492242595204509
4 0.22439899307740718 0.4047249647390691 0.017073631214600375 0.126262341325811
4 0.16875393329137822 0.3873060648801129 0.022208936438011324 0.1302256699576869
4 0.7789238514789176 0.5673906911142453 0.03266834487098795 0.17304654442877299
4 0.9747577092511014 0.7126516220028208 0.034147262429200895 0.24847672778561355
4 0.6949716803020768 0.2654160789844852 0.015796098174952745 0.11562764456981667
4 0.7517935808684707 0.3936953455571227 0.016167400881057302 0.1500564174894217
4 0.8309314033983637 0.3408039492242595 0.017111390811831374 0.11478138222849082
4 0.7317369414726244 0.2546121297602257 0.016960352422907374 0.13282087447108606
4 0.7146318439269981 0.24689703808180538 0.01578980490874773 0.11739069111424544
4 0.7613278791692889 0.22595204513399153 0.014782882315921826 0.09313117066290548
4 0.7933920704845815 0.32868829337094496 0.02372561359345489 0.1284767277856135
4 0.6900629326620517 0.1849083215796897 0.012636878539962195 0.06874471086036672
4 0.6772372561359347 0.2114950634696756 0.01409691629955953 0.11324400564174897
4 0.613568281938326 0.2716220028208745 0.06581497797356824 0.13655853314527502
4 0.5970610446821901 0.1746262341325811 0.0411831340465702 0.08362482369534556
4 0.14526117054751417 0.37565585331452744 0.02283826305852739 0.137771509167842
4 0.11519823788546256 0.32373765867418897 0.020056639395846447 0.12796897038081803
4 0.07194461925739458 0.16190409026798308 0.01745752045311517 0.08324400564174896
7 0.19146003775959725 0.5594781382228491 0.04397105097545626 0.07521861777150922
4 0.188980490874764 0.47562764456981665 0.02923222152297045 0.08306064880112833