8 0.9317708333333333 0.7449074074074075 0.07291666666666667 0.14166666666666666
8 0.76328125 0.7273148148148149 0.0609375 0.125
8 0.7510416666666667 0.6486111111111111 0.042708333333333334 0.08425925925925926
8 0.7127604166666667 0.5712962962962963 0.030729166666666665 0.07222222222222222
8 0.8880208333333334 0.6402777777777777 0.0625 0.09351851851851851
8 0.8299479166666667 0.6782407407407407 0.058854166666666666 0.10648148148148148
4 0.5971354166666667 0.5986111111111111 0.04635416666666667 0.0787037037037037
4 0.53984375 0.6037037037037037 0.04635416666666667 0.08518518518518518
4 0.4890625 0.5972222222222222 0.04479166666666667 0.09074074074074075
4 0.525 0.5208333333333334 0.035416666666666666 0.0712962962962963
4 0.5442708333333334 0.5606481481481481 0.036458333333333336 0.06388888888888888
4 0.5901041666666667 0.562037037037037 0.03958333333333333 0.06851851851851852
6 0.5880208333333333 0.5074074074074074 0.036458333333333336 0.07037037037037037
6 0.49947916666666664 0.46111111111111114 0.023958333333333335 0.05925925925925926
4 0.4752604166666667 0.44722222222222224 0.022395833333333334 0.037037037037037035
4 0.3763020833333333 0.5449074074074074 0.03802083333333333 0.0824074074074074
4 0.3619791666666667 0.5930555555555556 0.058333333333333334 0.0824074074074074
4 0.39947916666666666 0.624537037037037 0.05625 0.08055555555555556
4 0.43203125 0.5810185185185185 0.0453125 0.07314814814814814
4 0.48020833333333335 0.5226851851851851 0.03958333333333333 0.05462962962962963
4 0.4796875 0.5652777777777778 0.03958333333333333 0.0712962962962963
4 0.4375 0.5425925925925926 0.035416666666666666 0.046296296296296294
6 0.6052083333333333 0.9175925925925926 0.3541666666666667 0.16296296296296298
8 0.7174479166666666 0.5347222222222222 0.030729166666666665 0.05648148148148148
2 0.8078125 0.5648148148148148 0.10833333333333334 0.12777777777777777
4 0.7875 0.6157407407407407 0.090625 0.09074074074074075
8 0.3463541666666667 0.538425925925926 0.029166666666666667 0.06574074074074074
8 0.38206249999999997 0.49583333333333335 0.023958333333333335 0.025
8 0.4161458333333333 0.4736111111111111 0.027083333333333334 0.023148148148148147
4 0.4192708333333333 0.5060185185185185 0.030208333333333334 0.041666666666666664
4 0.5627604166666667 0.4875 0.021354166666666667 0.03981481481481482
6 0.825 0.5157407407407407 0.08958333333333333 0.0962962962962963
4 0.5645833333333333 0.4875 0.022916666666666665 0.03981481481481482
4 0.5630208333333333 0.44675925925925924 0.021875 0.03425925925925926
4 0.5658854166666667 0.46435185185185185 0.0234375 0.017592592592592594
8 0.515625 0.4638888888888889 0.015625 0.037037037037037035
4 0.45703125 0.48333333333333334 0.0265625 0.05925925925925926
2 0.4830729166666667 0.399537037037037 0.0234375 0.04351851851851852
4 0.5541666666666667 0.42592592592592593 0.015625 0.016666666666666666
2 0.69140625 0.4703703703703704 0.0546875 0.06296296296296296
8 0.6986979166666667 0.5078703703703704 0.0234375 0.04537037037037037
4 0.6682291666666667 0.5393518518518519 0.040625 0.06018518518518518
4 0.6473958333333333 0.48009259259259257 0.034375 0.04351851851851852
8 0.9114583333333334 0.5856481481481481 0.052083333333333336 0.0824074074074074
4 0.6065208333333333 0.9352962962962962 0.0318854166666668 0.10339814814814821
4 0.5019166666666667 0.9154444444444444 0.025328125000000055 0.06370370370370367
4 0.39711979166666667 0.9457685185185185 0.029557291666666666 0.10846296296296305
4 0.46685937499999997 0.7401574074074074 0.02401041666666662 0.10994444444444446
4 0.5859739583333334 0.6748148148148148 0.026109375000000056 0.10671296296296297
4 0.6858385416666667 0.6958333333333333 0.01760416666666676 0.09273148148148157
4 0.8113645833333333 0.7055925925925925 0.01952083333333334 0.0963703703703703
4 0.7044322916666667 0.6515185185185185 0.017609374999999972 0.08874999999999991
4 0.11625000000000002 0.9219537037037038 0.0347499999999999 0.1560833333333335
4 0.010677083333333334 0.9342592592592592 0.021354166666666667 0.13148148148148148
4 0.05719791666666663 0.7585462962962963 0.03231770833333343 0.11762037037037035
4 0.2620416666666666 0.637824074074074 0.01995312499999997 0.08780555555555548
4 0.3226197916666667 0.5418055555555555 0.01068229166666678 0.05653703703703699
4 0.27626041666666673 0.5734166666666667 0.008057291666666562 0.0699074074074074
4 0.26779687500000005 0.5711018518518518 0.008151041666666714 0.07097222222222231
4 0.30439583333333337 0.5542685185185185 0.018281249999999954 0.06723148148148139
4 0.2284947916666667 0.5725185185185185 0.014640625000000067 0.05387962962962968
4 0.17872395833333338 0.6276481481481482 0.017223958333333417 0.0772222222222223
4 0.13676562499999995 0.5832962962962963 0.01139583333333339 0.05548148148148155
4 0.2579322916666667 0.5709166666666667 0.009447916666666601 0.046398148148148056
4 0.24476562500000001 0.5560462962962963 0.010145833333333344 0.04229629629629635
4 0.056578125000000055 0.6749814814814815 0.021130208333333417 0.08786111111111121
4 0.1014375 0.5874537037037038 0.014744791666666639 0.0794629629629629
4 0.06914583333333332 0.608638888888889 0.019234374999999915 0.05488888888888886
4 0.18024479166666663 0.5784537037037037 0.014182291666666676 0.03867592592592591
4 0.8794843750000001 0.7571851851851852 0.017947916666666685 0.11550925925925926
4 0.8342239583333334 0.7613703703703704 0.02353645833333336 0.11960185185185192
4 0.99375 0.663425925925926 0.0125 0.08981481481481482
4 0.791265625 0.6561111111111111 0.011697916666666686 0.048685185185185116
4 0.9557864583333333 0.6501111111111111 0.018833333333333258 0.052064814814814835