8 0.91015625 0.8513888888888889 0.1296875 0.16944444444444445
8 0.19526562500000005 0.9116759259259261 0.13150520833333346 0.15979629629629624
6 0.865625 0.5064814814814815 0.090625 0.10740740740740741
4 0.9440104166666666 0.5597222222222222 0.05364583333333333 0.06018518518518518
4 0.63671875 0.5990740740740741 0.043229166666666666 0.07592592592592592
4 0.5770833333333333 0.6064814814814815 0.04791666666666667 0.07592592592592592
4 0.5270833333333333 0.6074074074074074 0.04375 0.08703703703703704
4 0.4393229166666667 0.6435185185185185 0.0546875 0.09074074074074075
4 0.4010416666666667 0.6138888888888889 0.053125 0.08333333333333333
4 0.40989583333333335 0.5587962962962963 0.035416666666666666 0.0712962962962963
4 0.4666666666666667 0.5939814814814814 0.040625 0.06944444444444445
8 0.4830729166666667 0.5365740740740741 0.021354166666666667 0.05462962962962963
4 0.5153645833333333 0.5722222222222222 0.03802083333333333 0.06666666666666667
4 0.5570937499999999 0.5271851851851852 0.032932291666666676 0.07103703703703707
4 0.6270833333333333 0.5606481481481481 0.03958333333333333 0.06018518518518518
6 0.621875 0.5078703703703704 0.034375 0.06759259259259259
6 0.5630208333333333 0.4564814814814815 0.01875 0.04259259259259259
4 0.5223958333333333 0.5162037037037037 0.028125 0.06574074074074074
4 0.5143229166666666 0.5365740740740741 0.03697916666666667 0.05648148148148148
4 0.471875 0.5574074074074075 0.035416666666666666 0.04814814814814815
4 0.44921875 0.5282407407407408 0.028645833333333332 0.04722222222222222
4 0.48671875 0.49537037037037035 0.0296875 0.053703703703703705
6 0.528125 0.47129629629629627 0.021875 0.05925925925925926
4 0.5596354166666667 0.4847222222222222 0.028645833333333332 0.03981481481481482
4 0.5028645833333333 0.4601851851851852 0.022395833333333334 0.03888888888888889
6 0.46171875 0.4625 0.024479166666666666 0.03796296296296296
8 0.4265625 0.5064814814814815 0.019791666666666666 0.037037037037037035
8 0.4125 0.5157407407407407 0.025 0.024074074074074074
8 0.44583333333333336 0.49675925925925923 0.021875 0.030555555555555555
4 0.4625 0.49583333333333335 0.019791666666666666 0.03796296296296296
4 0.5942916666666667 0.4853703703703704 0.020687500000000133 0.03797222222222221
4 0.5903645833333333 0.44907407407407407 0.0203125 0.03333333333333333
4 0.9916927083333333 0.5760555555555555 0.012624999999999886 0.07274999999999994
4 0.9727239583333334 0.594574074074074 0.01633854166666661 0.07274999999999994
4 0.856671875 0.5462962962962963 0.01629687499999998 0.06216666666666676
4 0.75503125 0.6048703703703704 0.027041666666666703 0.08135185185185176
4 0.8152916666666667 0.5229166666666667 0.01505729166666659 0.055092592592592596
4 0.76946875 0.46435185185185185 0.00983333333333339 0.03425925925925926
4 0.730671875 0.4699074074074074 0.010859374999999952 0.04351851851851852
4 0.8145104166666667 0.45532407407407405 0.00880729166666659 0.04027777777777778
4 0.8056614583333332 0.48194444444444445 0.009848958333333258 0.032407407407407406
4 0.8391197916666667 0.5439814814814815 0.015328124999999915 0.05925925925925926
4 0.8130885416666668 0.66875 0.021031250000000057 0.08101851851851852
4 0.6684270833333333 0.44580555555555557 0.008515624999999952 0.03104629629629627
4 0.705953125 0.5383981481481481 0.013124999999999906 0.05283333333333328
4 0.836015625 0.7001666666666666 0.01954166666666666 0.06372222222222217
4 0.828046875 0.7581666666666668 0.027635416666666638 0.06753703703703709
4 0.74625 0.6639444444444444 0.016468749999999942 0.05119444444444441
4 0.7208125 0.7486388888888889 0.018322916666666817 0.05065740740740744
4 0.6626145833333333 0.6729259259259259 0.01952604166666679 0.051740740740740844
4 0.6802291666666667 0.6862777777777778 0.0161614583333332 0.04357407407407402
4 0.6871197916666667 0.6647592592592593 0.015859374999999905 0.026685185185185128
4 0.4423229166666667 0.6800092592592593 0.022609374999999925 0.09531481481481487
4 0.3528333333333334 0.5743055555555555 0.010645833333333361 0.06805555555555555
4 0.3239322916666667 0.5943333333333334 0.013234374999999925 0.06828703703703703
4 0.33460937500000004 0.5881944444444445 0.012203124999999915 0.06111111111111111
4 0.3098645833333334 0.6012777777777778 0.013770833333333362 0.07893518518518519
4 0.2846770833333333 0.6143518518518518 0.014151041666666704 0.07685185185185185
4 0.30654687499999994 0.6712962962962963 0.022489583333333247 0.05092592592592592
4 0.09873437499999997 0.7976574074074074 0.03086458333333345 0.10948148148148149
4 0.20272916666666668 0.7535370370370371 0.029984375000000084 0.11274074074074074
4 0.25066666666666665 0.7200462962962962 0.024796875000000065 0.09912962962962958
4 0.14574999999999996 0.7126944444444445 0.025062499999999942 0.08442592592592599
4 0.17255729166666664 0.6993425925925926 0.024770833333333304 0.07951851851851861
4 0.11067708333333333 0.6380740740740741 0.026583333333333313 0.051740740740740844
4 0.17500520833333333 0.627175925925926 0.023541666666666572 0.05283333333333328
4 0.22801562499999997 0.6587685185185186 0.013114583333333247 0.07244444444444445
4 0.2319947916666667 0.5906851851851852 0.01985416666666661 0.05065740740740744
4 0.44460937500000003 0.7668888888888888 0.021104166666666656 0.06209259259259254
4 0.47784375 0.7698796296296296 0.020197916666666652 0.05827777777777783
4 0.543578125 0.7352962962962963 0.022921875000000112 0.06862962962962973
4 0.5951927083333334 0.6881851851851852 0.023244791666666723 0.04193518518518515
4 0.6895520833333334 0.7589907407407408 0.021411458333333164 0.06045370370370367
4 0.5779010416666668 0.7276666666666667 0.01739062500000017 0.053379629629629714
4 0.7878854166666667 0.46358333333333335 0.00986979166666681 0.03210185185185181