4 0.328823159219635 0.9541607898448519 0.3354310887350535 0.08885754583921016
4 0.09974826935179358 0.6276445698166432 0.19320327249842667 0.29619181946403383
4 0.8539962240402769 0.7433004231311706 0.2252989301447451 0.31875881523272215
4 0.9553178099433606 0.344851904090268 0.0868470736312146 0.16784203102961917
4 0.8338577721837633 0.2306064880112835 0.06796727501573317 0.12552891396332863
4 0.8071113908118314 0.13399153737658676 0.048458149779735685 0.09026798307475317
4 0.6752674638137193 0.2447108603667137 0.04782882315921964 0.11706629055007052
4 0.606356198867212 0.25952045133991536 0.050975456261799876 0.14104372355430184
4 0.5440528634361234 0.2609308885754584 0.05223410950283197 0.14386459802538787
4 0.43455003146633103 0.3124118476727786 0.0711139081183134 0.13963328631875882
4 0.4354940213971051 0.16643159379407615 0.042794210195091255 0.08744710860366714
4 0.474197608558842 0.24118476727785615 0.05349276274386407 0.1156558533145275
4 0.4786028949024544 0.18053596614950634 0.045940843297671494 0.09590973201692525
4 0.6636249213341724 0.1847672778561354 0.0446821900566394 0.08744710860366714
4 0.6104468219005664 0.19040902679830748 0.042794210195091255 0.09026798307475317
4 0.631529263687854 0.08110014104372355 0.02328508495909377 0.05218617771509168
4 0.6340465701699182 0.05148095909732017 0.024543738200125866 0.03526093088857546
4 0.47168030207677786 0.08603667136812412 0.02328508495909377 0.056417489421720736
4 0.4550031466331026 0.1304654442877292 0.03650094398993078 0.07475317348377997
8 0.3643801132787917 0.18335684062059238 0.03650094398993078 0.09590973201692525
8 0.41032095657646317 0.11777150916784203 0.027690371302706105 0.0380818053596615
8 0.42668344870988045 0.10155148095909731 0.02391441157960982 0.05077574047954866
8 0.4499685336689742 0.08603667136812412 0.03146633102580239 0.045133991537376586
8 0.4962240402769037 0.152327221438646 0.028319697923222153 0.0846262341325811
4 0.5314663310258024 0.20944992947813823 0.048458149779735685 0.10860366713681241
4 0.5324103209565765 0.15021156558533144 0.042794210195091255 0.08885754583921016
4 0.5034612964128382 0.08603667136812412 0.03146633102580239 0.07898448519040903
4 0.5440528634361234 0.11706629055007052 0.034612964128382634 0.09590973201692525
4 0.5868470736312146 0.1382228490832158 0.0434235368156073 0.11001410437235543
4 0.5915670232850849 0.07968970380818054 0.03650094398993078 0.07757404795486601
6 0.5519194461925739 0.04936530324400564 0.030207677784770296 0.08744710860366714
4 0.5239144115796098 0.03596614950634697 0.024543738200125866 0.06346967559943582
4 0.4581497797356828 0.05571227080394922 0.02391441157960982 0.029619181946403384
8 0.5736312146003776 0.05007052186177715 0.016991818753933293 0.05218617771509168
4 0.5059786028949025 0.02609308885754584 0.012586532410320957 0.03244005641748942
8 0.6233480176211453 0.1530324400564175 0.025802391441157962 0.08321579689703808
6 0.6607929515418502 0.11071932299012693 0.04153555695405916 0.10860366713681241
4 0.9185022026431718 0.4774330042313117 0.11013215859030837 0.17066290550070523
6 0.9402139710509755 0.11283497884344147 0.10824417872876023 0.17489421720733428
7 0.8467589679043424 0.11283497884344147 0.016991818753933293 0.076163610719323
4 0.4267023285084959 0.5850352609308886 0.028904971680302118 0.18451339915373774
4 0.5829137822529893 0.3751904090267983 0.016985525487728137 0.14124118476727784
4 0.641724354940214 0.44376586741889984 0.02015733165512914 0.14126939351198867
4 0.6801384518565136 0.3895204513399154 0.02076777847702958 0.15227080394922432
4 0.7511202013845185 0.4660084626234132 0.025122718691000676 0.1536248236953455
4 0.4118565135305224 0.4776868829337095 0.02870358716173688 0.15229901269393514
4 0.2630144745122719 0.40605077574047954 0.01801762114537452 0.13244005641748938
4 0.5291378225298929 0.37892806770098736 0.017551919446192638 0.12052186177715098
4 0.7966393958464444 0.3634978843441467 0.015903083700440517 0.12492242595204504
4 0.7756010069225928 0.4047249647390691 0.017073631214600447 0.126262341325811
4 0.8312460667086217 0.3873060648801129 0.022208936438011306 0.13022566995768695
4 0.22107614852108243 0.5673906911142453 0.03266834487098795 0.17304654442877299
4 0.025242290748898614 0.7126516220028208 0.034147262429200895 0.24847672778561364
4 0.30502831969792327 0.2654160789844852 0.015796098174952745 0.11562764456981667
4 0.24820641913152933 0.3936953455571227 0.016167400881057302 0.1500564174894217
4 0.1690685966016363 0.3408039492242595 0.017111390811831374 0.11478138222849082
4 0.2682630585273757 0.2546121297602257 0.016960352422907374 0.13282087447108606
4 0.2853681560730019 0.24689703808180538 0.01578980490874773 0.11739069111424544
4 0.23867212083071113 0.22595204513399153 0.014782882315921826 0.09313117066290547
4 0.20660792951541848 0.32868829337094496 0.02372561359345489 0.1284767277856135
4 0.3099370673379484 0.1849083215796897 0.012636878539962195 0.06874471086036672
4 0.3227627438640654 0.2114950634696756 0.01409691629955953 0.11324400564174897
4 0.386431718061674 0.2716220028208745 0.06581497797356824 0.13655853314527502
4 0.40293895531780993 0.1746262341325811 0.0411831340465702 0.08362482369534559
4 0.8547388294524859 0.37565585331452744 0.022838263058527354 0.13777150916784195
4 0.8848017621145374 0.32373765867418897 0.020056639395846374 0.1279689703808181
4 0.9280553807426054 0.16190409026798308 0.017457520453115317 0.08324400564174896
7 0.8085399622404028 0.5594781382228491 0.04397105097545619 0.07521861777150922
4 0.811019509125236 0.47562764456981665 0.02923222152297031 0.08306064880112833