4 0.44765625 0.46111111111111114 0.058854166666666666 0.12222222222222222
7 0.07534895833333333 0.5475277777777778 0.04027604166666666 0.054935185185185115
4 0.140625 0.4351851851851852 0.0625 0.09074074074074075
7 0.05321354166666667 0.4660462962962963 0.028296875000000006 0.04937962962962967
7 0.19500520833333335 0.3393055555555555 0.02126041666666669 0.026935185185185215
7 0.161953125 0.346212962962963 0.022963541666666684 0.03535185185185181
8 0.22473958333333333 0.3175925925925926 0.0171875 0.06296296296296296
8 0.37473958333333335 0.3212962962962963 0.024479166666666666 0.05740740740740741
8 0.4822916666666667 0.3125 0.023958333333333335 0.05277777777777778
8 0.5388020833333333 0.2800925925925926 0.0203125 0.041666666666666664
8 0.5520833333333334 0.2875 0.022916666666666665 0.023148148148148147
4 0.3221354166666667 0.4111111111111111 0.050520833333333334 0.08148148148148149
4 0.3841145833333333 0.4203703703703704 0.0515625 0.08888888888888889
4 0.5328125 0.42453703703703705 0.057291666666666664 0.08796296296296297
4 0.5674479166666667 0.38333333333333336 0.05260416666666667 0.08148148148148149
4 0.4513020833333333 0.375 0.04739583333333333 0.07407407407407407
4 0.38697916666666665 0.35694444444444445 0.041666666666666664 0.058333333333333334
4 0.4075520833333333 0.30972222222222223 0.03802083333333333 0.0787037037037037
6 0.3416666666666667 0.29398148148148145 0.035416666666666666 0.075
4 0.3390625 0.3486111111111111 0.042708333333333334 0.06388888888888888
4 0.5002604166666667 0.37222222222222223 0.0453125 0.07037037037037037
4 0.5302083333333333 0.32175925925925924 0.021875 0.04722222222222222
4 0.5174479166666667 0.3023148148148148 0.0296875 0.04722222222222222
4 0.45260416666666664 0.3175925925925926 0.036458333333333336 0.06296296296296296
4 0.44140625 0.29444444444444445 0.0296875 0.06666666666666667
4 0.40208333333333335 0.2708333333333333 0.030208333333333334 0.05462962962962963
4 0.3684895833333333 0.27314814814814814 0.0203125 0.037037037037037035
4 0.4786458333333333 0.2726851851851852 0.029166666666666667 0.062037037037037036
6 0.48411458333333335 0.28935185185185186 0.027604166666666666 0.03981481481481482
4 0.4947916666666667 0.3337962962962963 0.03854166666666667 0.04722222222222222
8 0.51953125 0.2722222222222222 0.025520833333333333 0.037037037037037035
4 0.50234375 0.2689814814814815 0.0203125 0.03796296296296296
4 0.503125 0.23425925925925925 0.025 0.03888888888888889
4 0.46041666666666664 0.23564814814814813 0.022916666666666665 0.041666666666666664
6 0.4359375 0.24861111111111112 0.023958333333333335 0.06388888888888888
4 0.5151041666666667 0.2462962962962963 0.020833333333333332 0.018518518518518517
2 0.4557291666666667 0.18425925925925926 0.021875 0.04814814814814815
2 0.47265625 0.17592592592592593 0.021354166666666667 0.040740740740740744
4 0.47552083333333334 0.19675925925925927 0.013541666666666667 0.026851851851851852
6 0.3984375 0.22916666666666666 0.01875 0.03425925925925926
4 0.36953125 0.22916666666666666 0.025520833333333333 0.03611111111111111
4 0.47552083333333334 0.22870370370370371 0.013541666666666667 0.022222222222222223
6 0.08723958333333333 0.30462962962962964 0.09635416666666667 0.11481481481481481
4 0.11890625 0.8020833333333334 0.04938020833333336 0.19675925925925927
4 0.2321770833333333 0.6053240740740741 0.03397916666666667 0.13194444444444445
4 0.5784583333333334 0.6087962962962963 0.04920833333333334 0.16203703703703703
4 0.7262187499999999 0.5497685185185185 0.03483333333333339 0.11342592592592593
4 0.5114114583333333 0.7303240740740741 0.05053124999999999 0.1875
4 0.5524270833333333 0.8032407407407407 0.03670833333333334 0.16203703703703703
4 0.6486093749999999 0.47883333333333333 0.028822916666666743 0.09787962962962966
4 0.7855416666666667 0.6851851851851852 0.036317708333333344 0.14286111111111108
4 0.7944687500000001 0.5694444444444444 0.040781250000000095 0.0992037037037038
4 0.8275729166666667 0.7056851851851852 0.032583333333333304 0.14947222222222228
4 0.8666354166666667 0.714287037037037 0.03810416666666659 0.14814814814814814
4 0.8629114583333333 0.5634907407407408 0.027687499999999924 0.10317592592592599
4 0.7824583333333333 0.47839814814814813 0.02553645833333344 0.09104629629629622
4 0.8351822916666667 0.5497685185185185 0.026822916666666665 0.07793518518518525
4 0.8369166666666668 0.3854166666666667 0.015536458333333296 0.04398148148148148
4 0.6809114583333333 0.3707592592592593 0.018635416666666772 0.07793518518518515
4 0.6578593749999999 0.36574074074074076 0.01783333333333322 0.0746203703703704
4 0.6433072916666667 0.3600185185185185 0.014947916666666571 0.07298148148148152
4 0.6302916666666667 0.3537592592592593 0.01158333333333322 0.05937037037037037
4 0.6131354166666667 0.3382314814814815 0.010979166666666628 0.06536111111111113
4 0.5797135416666667 0.29378703703703707 0.009093750000000018 0.05285185185185189
4 0.6094375 0.29282407407407407 0.009083333333333362 0.03317592592592596
4 0.5692864583333334 0.282212962962963 0.00994270833333341 0.038962962962963
4 0.21275520833333333 0.26141666666666663 0.01345833333333335 0.046296296296296294
4 0.188109375 0.2441388888888889 0.01068749999999999 0.04136111111111107
4 0.17335416666666664 0.2882685185185185 0.01242708333333334 0.04691666666666663
4 0.01140625 0.38796296296296295 0.019083333333333334 0.06604629629629634
4 0.036744791666666665 0.3712962962962963 0.016296874999999995 0.06728703703703699
4 0.074578125 0.4969166666666666 0.02876562500000001 0.05555555555555555
4 0.052359375 0.4191388888888889 0.026692708333333332 0.04814814814814815
4 0.15985416666666669 0.3186018518518518 0.01508854166666668 0.0319907407407407
4 0.19405729166666666 0.31144444444444447 0.01626041666666668 0.027777777777777776