4 0.41302083333333334 0.6833333333333333 0.171875 0.4388888888888889
4 0.6596354166666667 0.7337962962962963 0.1703125 0.32685185185185184
4 0.7114583333333333 0.3384259259259259 0.10729166666666666 0.2101851851851852
4 0.49166666666666664 0.38287037037037036 0.09583333333333334 0.20462962962962963
4 0.47213541666666664 0.23842592592592593 0.0796875 0.16018518518518518
4 0.37578125 0.17824074074074073 0.07447916666666667 0.13425925925925927
4 0.5252604166666667 0.11712962962962963 0.0578125 0.09907407407407408
8 0.5994791666666667 0.11481481481481481 0.05 0.08518518518518518
4 0.67578125 0.25462962962962965 0.07864583333333333 0.12037037037037036
4 0.603125 0.19027777777777777 0.0625 0.10092592592592593
8 0.6768229166666667 0.17453703703703705 0.0484375 0.0787037037037037
8 0.6385416666666667 0.13055555555555556 0.03854166666666667 0.08888888888888889
8 0.58359375 0.35648148148148145 0.0671875 0.17037037037037037
8 0.32760416666666664 0.38564814814814813 0.06458333333333334 0.1787037037037037
6 0.22734375 0.29305555555555557 0.09322916666666667 0.24166666666666667
4 0.28854166666666664 0.20092592592592592 0.06145833333333333 0.10925925925925926
4 0.3143229166666667 0.13194444444444445 0.05364583333333333 0.08055555555555556
4 0.459375 0.13703703703703704 0.05520833333333333 0.08888888888888889
4 0.5286458333333334 0.19398148148148148 0.059375 0.10648148148148148
4 0.04401041666666667 0.22314814814814815 0.08697916666666666 0.10925925925925926
7 0.13111979166666668 0.05544444444444444 0.02265625 0.03356481481481481
7 0.1796875 0.04780555555555555 0.017708333333333333 0.03402777777777777
7 0.213671875 0.03206481481481482 0.016927083333333332 0.021064814814814814
4 0.31979166666666664 0.0837962962962963 0.046875 0.06574074074074074
4 0.3307291666666667 0.03425925925925926 0.040625 0.06851851851851852
4 0.09348958333333333 0.9449074074074074 0.1859375 0.10462962962962963
4 0.6309895833333333 0.9574074074074074 0.17239583333333333 0.07962962962962963
4 0.5736979166666667 0.10138888888888889 0.0359375 0.0712962962962963
4 0.5208333333333334 0.027777777777777776 0.023958333333333335 0.044444444444444446
6 0.44635416666666666 0.07361111111111111 0.04375 0.12129629629629629
4 0.3578125 0.050462962962962966 0.010416666666666666 0.06018518518518518
4 0.9891666666666666 0.7256944444444444 0.02166666666666662 0.22916666666666666
4 0.9221458333333333 0.3784722222222222 0.036062499999999886 0.15046296296296297
4 0.9527135416666667 0.24722222222222223 0.026927083333333237 0.09074074074074075
4 0.9855208333333334 0.25787037037037036 0.027953125000000037 0.11018518518518519
4 0.8490885416666667 0.2810185185185185 0.020713541666666658 0.1527777777777778
4 0.82096875 0.27546296296296297 0.023848958333333316 0.125
4 0.8019583333333333 0.26481481481481484 0.020213541666666637 0.11666666666666667
4 0.7701927083333333 0.22361111111111112 0.02126562499999996 0.125
4 0.829296875 0.19814814814814816 0.02280729166666665 0.06111111111111111
4 0.8988177083333333 0.3347222222222222 0.030588541666666677 0.13055555555555556
4 0.8696979166666666 0.2717037037037037 0.022369791666666573 0.12326851851851851
4 0.6867708333333333 0.10359259259259258 0.018489583333333334 0.06712962962962964
4 0.738359375 0.1400462962962963 0.015546874999999953 0.05092592592592592
4 0.7505624999999999 0.13599999999999998 0.015869791666666563 0.05787037037037037
4 0.14819791666666668 0.3072962962962963 0.024031249999999994 0.12037037037037036
4 0.11630208333333333 0.261 0.02990104166666665 0.12268518518518519
4 0.977703125 0.6979166666666666 0.02915625000000001 0.22685185185185186
4 0.1300625 0.02257407407407407 0.018765625000000015 0.03356481481481482
4 0.18050520833333333 0.015629629629629625 0.019401041666666667 0.03125
4 0.213703125 0.013888888888888888 0.018083333333333347 0.027777777777777776
4 0.38667708333333334 0.30162037037037037 0.07659374999999997 0.13771296296296298