4 0.6528645833333333 0.9101851851851852 0.1765625 0.16296296296296298
4 0.5216145833333333 0.8305555555555556 0.18177083333333333 0.1925925925925926
4 0.7065104166666667 0.7268518518518519 0.12864583333333332 0.13148148148148148
4 0.7989583333333333 0.7578703703703704 0.121875 0.14166666666666666
4 0.8455729166666667 0.5805555555555556 0.0671875 0.08888888888888889
4 0.4473958333333333 0.5666666666666667 0.05416666666666667 0.0962962962962963
4 0.41067708333333336 0.5416666666666666 0.049479166666666664 0.08888888888888889
4 0.6486979166666667 0.5324074074074074 0.04635416666666667 0.07962962962962963
4 0.5877604166666667 0.5370370370370371 0.0390625 0.08888888888888889
4 0.5372395833333333 0.5328703703703703 0.04010416666666667 0.08611111111111111
4 0.4778645833333333 0.5208333333333334 0.0421875 0.06944444444444445
4 0.4197916666666667 0.4773148148148148 0.0375 0.06759259259259259
4 0.48046875 0.475462962962963 0.034895833333333334 0.03611111111111111
4 0.5260416666666666 0.500462962962963 0.03958333333333333 0.06759259259259259
4 0.5247395833333334 0.462037037037037 0.034895833333333334 0.05740740740740741
4 0.5911458333333334 0.49212962962962964 0.034375 0.05092592592592592
4 0.56875 0.45740740740740743 0.034375 0.07592592592592592
4 0.6388020833333333 0.4930555555555556 0.04114583333333333 0.06018518518518518
6 0.6341145833333334 0.4393518518518518 0.0359375 0.06944444444444445
8 0.6013020833333333 0.4671296296296296 0.021354166666666667 0.05092592592592592
4 0.9638020833333333 0.49953703703703706 0.0578125 0.04722222222222222
6 0.8830729166666667 0.44351851851851853 0.09635416666666667 0.10740740740740741
8 0.4294739583333333 0.43262962962962964 0.03271875000000009 0.0374814814814815
8 0.45651041666666664 0.41944444444444445 0.022395833333333334 0.02962962962962963
4 0.46015625 0.45416666666666666 0.028645833333333332 0.04722222222222222
4 0.44609375 0.4722222222222222 0.024479166666666666 0.044444444444444446
8 0.49453125 0.462037037037037 0.021354166666666667 0.04814814814814815
4 0.5341145833333333 0.4425925925925926 0.030729166666666665 0.06296296296296296
6 0.5401041666666667 0.39537037037037037 0.022916666666666665 0.05185185185185185
4 0.515625 0.38472222222222224 0.020833333333333332 0.03425925925925926
4 0.4981770833333333 0.4236111111111111 0.0265625 0.05462962962962963
6 0.47213541666666664 0.38564814814814813 0.024479166666666666 0.03796296296296296
4 0.4744791666666667 0.4203703703703704 0.017708333333333333 0.03518518518518519
6 0.5760416666666667 0.38055555555555554 0.017708333333333333 0.03333333333333333
4 0.5721354166666667 0.41388888888888886 0.0265625 0.04259259259259259
4 0.6072916666666667 0.41944444444444445 0.01875 0.03333333333333333
4 0.6044270833333333 0.38055555555555554 0.021354166666666667 0.03888888888888889
4 0.9839114583333333 0.7979814814814815 0.03217708333333344 0.08249074074074067
4 0.951546875 0.7104351851851851 0.028380208333333455 0.11615740740740745
4 0.859234375 0.7432685185185185 0.02834375000000004 0.07744444444444454
4 0.8888229166666667 0.7365277777777778 0.021255208333333307 0.05387037037037043
4 0.6746145833333334 0.6317314814814815 0.0292239583333334 0.10353703703703698
4 0.96715625 0.4442037037037037 0.014500000000000075 0.05312037037037037
4 0.829984375 0.4393240740740741 0.008145833333333267 0.048250000000000015
4 0.7995625000000001 0.4117962962962963 0.010328124999999962 0.042888888888888935
4 0.41884895833333335 0.4166666666666667 0.005921874999999943 0.022490740740740707
4 0.37337500000000007 0.4766851851851852 0.009437499999999942 0.05985185185185195
4 0.36248958333333337 0.493712962962963 0.010005208333333352 0.0667962962962964
4 0.3182291666666667 0.5192962962962964 0.011848958333333333 0.07497222222222225
4 0.3434270833333334 0.51075 0.010182291666666761 0.06382407407407413
4 0.0467135416666667 0.9293981481481481 0.048031249999999893 0.1412037037037037
4 0.1729895833333334 0.7760462962962963 0.036364583333333415 0.14467592592592593
4 0.09976041666666664 0.7118055555555556 0.030479166666666658 0.13194444444444445
4 0.3558958333333333 0.7482685185185185 0.03512500000000003 0.11689814814814815
4 0.30515104166666673 0.7071759259259259 0.02594791666666675 0.11342592592592593
4 0.374796875 0.5821759259259259 0.023375000000000055 0.09722222222222222
4 0.48317708333333337 0.5920185185185185 0.025364583333333357 0.09375
4 0.29523437499999994 0.5297037037037038 0.015119791666666771 0.0763888888888889
4 0.307171875 0.5385833333333333 0.014687499999999905 0.07715740740740734
4 0.33190625 0.5150462962962963 0.010359374999999933 0.06867592592592599
4 0.5812604166666666 0.5678981481481482 0.022067708333333276 0.08025000000000007
4 0.7194791666666667 0.48668518518518517 0.01392708333333322 0.061342592592592594