8 0.6286458333333333 0.8949074074074074 0.15625 0.20092592592592592
8 0.4981770833333333 0.5972222222222222 0.10052083333333334 0.1259259259259259
8 0.796875 0.3333333333333333 0.01875 0.046296296296296294
8 0.5588541666666667 0.36944444444444446 0.025 0.053703703703703705
8 0.48880208333333336 0.3439814814814815 0.0234375 0.021296296296296296
8 0.5026041666666666 0.337037037037037 0.01875 0.037037037037037035
8 0.62578125 0.3055555555555556 0.013020833333333334 0.03518518518518519
8 0.521875 0.32407407407407407 0.021875 0.025925925925925925
8 0.66953125 0.37592592592592594 0.022395833333333334 0.053703703703703705
4 0.8619791666666666 0.6949074074074074 0.20520833333333333 0.16203703703703703
6 0.34609375 0.6217592592592592 0.18177083333333333 0.14537037037037037
4 0.3307291666666667 0.8787037037037037 0.265625 0.19074074074074074
4 0.5828125 0.7532407407407408 0.20208333333333334 0.15833333333333333
6 0.7044270833333334 0.3490740740740741 0.0359375 0.07037037037037037
4 0.9598958333333333 0.3638888888888889 0.08020833333333334 0.11666666666666667
4 0.040364583333333336 0.3972222222222222 0.07447916666666667 0.1037037037037037
4 0.7184895833333333 0.44166666666666665 0.04739583333333333 0.07407407407407407
4 0.65390625 0.4486111111111111 0.04635416666666667 0.0824074074074074
4 0.6005208333333333 0.4444444444444444 0.042708333333333334 0.08888888888888889
4 0.5096354166666667 0.4726851851851852 0.05677083333333333 0.0824074074074074
4 0.47239583333333335 0.4412037037037037 0.05 0.08055555555555556
4 0.48385416666666664 0.3939814814814815 0.035416666666666666 0.0824074074074074
4 0.5408854166666667 0.4287037037037037 0.04114583333333333 0.07037037037037037
6 0.6075520833333333 0.3055555555555556 0.024479166666666666 0.06481481481481481
4 0.6354166666666666 0.36666666666666664 0.034375 0.07592592592592592
4 0.74921875 0.2763888888888889 0.024479166666666666 0.03981481481481482
4 0.5635416666666667 0.3296296296296296 0.029166666666666667 0.05740740740740741
4 0.5895833333333333 0.37083333333333335 0.034375 0.058333333333333334
4 0.5997395833333333 0.35138888888888886 0.028645833333333332 0.06388888888888888
4 0.7075520833333333 0.40370370370370373 0.044270833333333336 0.05925925925925926
4 0.5458333333333333 0.39305555555555555 0.03854166666666667 0.05648148148148148
4 0.5111979166666667 0.37824074074074077 0.021354166666666667 0.04537037037037037
4 0.5236979166666667 0.3592592592592593 0.030729166666666665 0.04814814814814815
6 0.5393229166666667 0.2875 0.0234375 0.03611111111111111
4 0.53984375 0.3263888888888889 0.018229166666666668 0.03981481481481482
4 0.5822916666666667 0.29212962962962963 0.020833333333333332 0.041666666666666664
4 0.6403645833333333 0.325 0.027604166666666666 0.05
4 0.67734375 0.3287037037037037 0.0234375 0.03518518518518519
4 0.6815104166666667 0.3060185185185185 0.0234375 0.017592592592592594
4 0.6768229166666667 0.28425925925925927 0.025520833333333333 0.03518518518518519
4 0.6791666666666667 0.29444444444444445 0.021875 0.011111111111111112
4 0.88359375 0.5569444444444445 0.08489583333333334 0.13240740740740742
4 0.0796875 0.9282407407407407 0.15104166666666666 0.13425925925925927
7 0.41328125 0.9574074074074074 0.07760416666666667 0.07592592592592592
4 0.836984375 0.37289814814814815 0.0164791666666666 0.06074074074074076
4 0.7371354166666666 0.5505092592592592 0.022270833333333448 0.10344444444444446
4 0.7076197916666668 0.5260648148148148 0.023604166666666516 0.08795370370370371
4 0.9514322916666667 0.5872962962962963 0.02442708333333338 0.0672685185185186
4 0.9910729166666666 0.5306481481481482 0.01785416666666677 0.04463888888888892
4 0.9275625000000001 0.5138518518518519 0.013796874999999886 0.062333333333333275
4 0.15257812500000004 0.7808055555555555 0.03908333333333332 0.1642685185185186
4 0.23953645833333337 0.7656481481481481 0.036307291666666686 0.08158333333333324
4 0.032895833333333374 0.7278333333333333 0.03436979166666655 0.1356203703703704
4 0.19418749999999996 0.5383425925925925 0.026010416666666696 0.09580555555555557
4 0.3087239583333333 0.5154907407407407 0.02137499999999998 0.07004629629629638
4 0.3973697916666667 0.44119444444444444 0.017244791666666735 0.06948148148148145
4 0.39035416666666667 0.49398148148148147 0.017244791666666735 0.0544444444444444