4 0.7390625 0.850462962962963 0.15416666666666667 0.2935185185185185
4 0.6942708333333333 0.6208333333333333 0.09895833333333333 0.15092592592592594
4 0.33177083333333335 0.861574074074074 0.1375 0.2712962962962963
4 0.4171875 0.47638888888888886 0.053125 0.10092592592592593
4 0.615625 0.4638888888888889 0.05625 0.09074074074074075
4 0.7049479166666667 0.5046296296296297 0.08385416666666666 0.11851851851851852
4 0.5794270833333334 0.5726851851851852 0.07760416666666667 0.13055555555555556
4 0.50390625 0.5837962962962963 0.06510416666666667 0.13425925925925927
4 0.4869791666666667 0.4962962962962963 0.05416666666666667 0.09814814814814815
4 0.30494791666666665 0.44907407407407407 0.0578125 0.06666666666666667
4 0.4934895833333333 0.4222222222222222 0.0453125 0.09814814814814815
4 0.6127604166666667 0.36064814814814816 0.0390625 0.05092592592592592
4 0.6541666666666667 0.4009259259259259 0.052083333333333336 0.06481481481481481
4 0.6109375 0.3236111111111111 0.03125 0.03425925925925926
4 0.2859375 0.4023148148148148 0.06145833333333333 0.06759259259259259
4 0.34348958333333335 0.39166666666666666 0.0453125 0.053703703703703705
4 0.3606770833333333 0.3611111111111111 0.030729166666666665 0.03888888888888889
4 0.38828125 0.3055555555555556 0.025520833333333333 0.022222222222222223
4 0.4549479166666667 0.3175925925925926 0.024479166666666666 0.03888888888888889
4 0.0890625 0.5976851851851852 0.12916666666666668 0.12685185185185185
4 0.0328125 0.5907407407407408 0.06458333333333334 0.10925925925925926
4 0.3190104166666667 0.3685185185185185 0.0296875 0.04259259259259259
4 0.3567708333333333 0.3277777777777778 0.025 0.03518518518518519
4 0.2877604166666667 0.40185185185185185 0.05572916666666667 0.06111111111111111
4 0.045572916666666664 0.7810185185185186 0.09114583333333333 0.18055555555555555
4 0.17916666666666667 0.638425925925926 0.140625 0.19722222222222222
4 0.42213541666666665 0.5935185185185186 0.0734375 0.18703703703703703
8 0.5458333333333333 0.8527777777777777 0.090625 0.23703703703703705
8 0.5697916666666667 0.6796296296296296 0.058333333333333334 0.17962962962962964
8 0.5518229166666667 0.4601851851851852 0.0359375 0.08148148148148149
8 0.5643229166666667 0.41712962962962963 0.028645833333333332 0.06388888888888888
8 0.53515625 0.4078703703703704 0.027604166666666666 0.06944444444444445
8 0.5158854166666667 0.3861111111111111 0.021354166666666667 0.05555555555555555
8 0.44479166666666664 0.4393518518518518 0.029166666666666667 0.07685185185185185
8 0.45677083333333335 0.40046296296296297 0.025 0.06574074074074074
8 0.5309895833333333 0.3611111111111111 0.022395833333333334 0.03518518518518519
4 0.48854166666666665 0.30185185185185187 0.01875 0.03518518518518519
4 0.5283854166666667 0.2791666666666667 0.0171875 0.028703703703703703
2 0.5692708333333333 0.31296296296296294 0.04375 0.09074074074074075
4 0.4783854166666667 0.3300925925925926 0.0234375 0.05277777777777778
4 0.4440104166666667 0.3611111111111111 0.0328125 0.06666666666666667
8 0.5651041666666666 0.37916666666666665 0.023958333333333335 0.025
7 0.6041666666666666 0.4027777777777778 0.017708333333333333 0.05185185185185185
8 0.23619791666666667 0.4726851851851852 0.0484375 0.08425925925925926
8 0.20234375 0.4486111111111111 0.044270833333333336 0.075
8 0.2669270833333333 0.3875 0.0296875 0.06018518518518518
6 0.20052083333333334 0.36898148148148147 0.08645833333333333 0.10462962962962963
7 0.3201510416666667 0.3335185185185185 0.010942708333333329 0.02852777777777773
7 0.29963541666666665 0.3577685185185185 0.011776041666666615 0.03446296296296299
7 0.2830729166666667 0.3541666666666667 0.015104166666666667 0.041666666666666664
7 0.2222083333333333 0.8510277777777778 0.06703645833333335 0.12296296296296293
8 0.17526041666666667 0.48703703703703705 0.0546875 0.09074074074074075
4 0.13072916666666667 0.425462962962963 0.051041666666666666 0.06388888888888888
7 0.1349375 0.9277407407407408 0.10841666666666665 0.10015740740740747
4 0.13704166666666667 0.8756018518518518 0.036583333333333336 0.13545370370370366
4 0.213296875 0.7843240740740741 0.02723437499999998 0.08823148148148145
4 0.1015625 0.9583333333333334 0.03854166666666667 0.08333333333333333
4 0.08424999999999999 0.4815277777777777 0.015932291666666654 0.06526851851851853
4 0.07338541666666668 0.48696296296296293 0.016635416666666666 0.07043518518518513
4 0.054411458333333336 0.4948888888888889 0.015541666666666669 0.0706111111111111
4 0.038890625 0.5003148148148149 0.012546875000000002 0.06152777777777782
4 0.023515624999999995 0.5058425925925926 0.020265625 0.06830555555555554
4 0.10728125 0.4614074074074074 0.009911458333333348 0.06632407407407406
4 0.11839583333333333 0.45446296296296296 0.013713541666666659 0.06952777777777781
4 0.007994791666666666 0.5072592592592593 0.013260416666666667 0.06545370370370375
4 0.007546875 0.45213888888888887 0.013161458333333332 0.042101851851851876
4 0.025567708333333335 0.45 0.013156250000000003 0.039249999999999986
4 0.047901041666666665 0.4451111111111111 0.022557291666666666 0.043703703703703745
4 0.14353125 0.43913888888888886 0.013499999999999979 0.06453703703703707
4 0.15274479166666666 0.4277407407407407 0.015098958333333337 0.06596296296296297
4 0.08900520833333332 0.4477777777777778 0.013427083333333319 0.0632962962962962
4 0.35308854166666664 0.4923796296296296 0.011541666666666709 0.0837592592592593
4 0.3698125 0.4516851851851852 0.010130208333333357 0.06539814814814815
4 0.8616354166666667 0.667537037037037 0.01861458333333322 0.13244444444444442
4 0.8421093749999999 0.6479537037037036 0.019624999999999913 0.12887962962962968
4 0.9368593749999999 0.7752777777777777 0.023234375000000067 0.1470555555555555
4 0.94221875 0.6643148148148148 0.027536458333333277 0.09465740740740743
4 0.9656510416666666 0.6570185185185186 0.02472395833333323 0.1555648148148148
4 0.932453125 0.6132037037037037 0.024036458333333382 0.05083333333333342
4 0.9526302083333333 0.5075925925925926 0.018718750000000027 0.0518611111111111
4 0.8700677083333334 0.48960185185185184 0.019661458333333333 0.05576851851851854
4 0.8465364583333332 0.5102685185185185 0.015666666666666627 0.08570370370370366
4 0.75534375 0.45578703703703705 0.01597395833333337 0.07219444444444446
4 0.778328125 0.43076851851851855 0.013057291666666752 0.07058333333333335
4 0.792046875 0.4346851851851852 0.01165104166666661 0.07699999999999997
4 0.7194947916666667 0.42880555555555555 0.01158333333333322 0.06381481481481478
4 0.84596875 0.42257407407407405 0.012927083333333419 0.051342592592592634
4 0.8600885416666666 0.4654074074074074 0.010713541666666751 0.060083333333333426
4 0.7541927083333333 0.4004907407407407 0.011265625000000057 0.03851851851851854
4 0.7365208333333333 0.4166111111111111 0.013578125000000085 0.07218518518518521
4 0.7073802083333334 0.4004907407407407 0.009786458333333314 0.06700925925925927
6 0.46908854166666664 0.2811203703703704 0.01865104166666664 0.04474074074074079