3 0.65546875 0.8421875 0.1625 0.1953125
3 0.10859375 0.47734375 0.1015625 0.125
3 0.653125 0.24453125 0.0671875 0.0765625
2 0.72109375 0.1703125 0.11875 0.19375
3 0.884375 0.60546875 0.134375 0.153125
6 0.803125 0.12109375 0.128125 0.2234375
3 0.2859375 0.20859375 0.0515625 0.05625
3 0.2109375 0.209375 0.0515625 0.065625
3 0.73203125 0.40390625 0.09375 0.11875
3 0.809375 0.27421875 0.0828125 0.109375
6 0.08671875 0.11796875 0.05625 0.084375
3 0.3078125 0.278125 0.0546875 0.05
3 0.54921875 0.171875 0.0421875 0.0625
3 0.19140625 0.3671875 0.084375 0.109375
3 0.2375 0.1578125 0.0578125 0.065625
3 0.18671875 0.115625 0.034375 0.040625
3 0.1171875 0.09765625 0.0375 0.053125
3 0.265625 0.06328125 0.0390625 0.040625
3 0.28046875 0.08046875 0.04375 0.0453125
3 0.37578125 0.08828125 0.0453125 0.046875
3 0.359375 0.06953125 0.0390625 0.040625
3 0.5 0.15 0.0546875 0.0609375
3 0.50078125 0.1125 0.053125 0.0578125
3 0.54609375 0.12734375 0.05 0.0625
3 0.596875 0.1390625 0.05 0.0671875
3 0.61640625 0.2078125 0.065625 0.071875
6 0.15546875 0.1109375 0.0609375 0.0953125
6 0.84609375 0.79453125 0.259375 0.3328125