3 0.34453125 0.33828125 0.04609375 0.09375
6 0.26953125 0.2953125 0.06796875 0.13515625
3 0.2859375 0.15546875 0.0359375 0.08828125
3 0.4953125 0.9421875 0.08359375 0.11484375
3 0.475 0.3875 0.05234375 0.10703125
3 0.42734375 0.23515625 0.03828125 0.075
3 0.3375 0.18515625 0.0328125 0.06640625
3 0.2375 0.16015625 0.034375 0.07265625
3 0.19140625 0.5125 0.09453125 0.14765625
3 0.12421875 0.70078125 0.115625 0.22421875
3 0.290625 0.0609375 0.028125 0.053125
3 0.33046875 0.1140625 0.028125 0.04453125
3 0.3828125 0.121875 0.0234375 0.0390625
3 0.40234375 0.1640625 0.0375 0.07109375
3 0.36328125 0.059375 0.0265625 0.04375
3 0.3734375 0.084375 0.02421875 0.04375
3 0.325 0.046875 0.0171875 0.028125
3 0.31796875 0.01171875 0.0171875 0.0234375
2 0.1609375 0.7671875 0.31484375 0.465625