2 0.28828125 0.45625 0.1359375 0.4015625
3 0.1484375 0.69765625 0.134375 0.2453125
3 0.4796875 0.4328125 0.0515625 0.1125
3 0.2265625 0.16796875 0.0375 0.0578125
6 0.26875 0.22265625 0.0578125 0.10625
3 0.3890625 0.17890625 0.0296875 0.0359375
3 0.19609375 0.51328125 0.0828125 0.14375
3 0.43515625 0.27265625 0.0421875 0.071875
3 0.375 0.13203125 0.0265625 0.03125
3 0.31953125 0.13125 0.0265625 0.0421875
3 0.31171875 0.0828125 0.0234375 0.034375
3 0.3359375 0.21875 0.034375 0.0625
3 0.3625 0.1078125 0.021875 0.0265625
3 0.2765625 0.0953125 0.0328125 0.0765625
3 0.27578125 0.03125 0.0203125 0.03125
3 0.303125 0.03671875 0.01875 0.0296875
3 0.34765625 0.0640625 0.0265625 0.0453125
3 0.35703125 0.0859375 0.0234375 0.04375