3 0.1625 0.63984375 0.1140625 0.20703125
3 0.4375 0.23671875 0.04296875 0.06484375
3 0.26875 0.28359375 0.040625 0.07578125
3 0.23125 0.415625 0.06953125 0.1359375
3 0.484375 0.62109375 0.06953125 0.18828125
3 0.34375 0.3015625 0.03984375 0.10234375
3 0.29296875 0.20546875 0.03359375 0.059375
3 0.4046875 0.16875 0.02734375 0.0421875
3 0.48515625 0.4515625 0.06171875 0.15390625
3 0.33203125 0.4953125 0.06171875 0.13359375
3 0.23828125 0.16015625 0.03515625 0.05546875
1 0.2484375 0.58203125 0.02578125 0.128125
3 0.371875 0.10234375 0.02109375 0.0234375
3 0.33359375 0.11015625 0.02109375 0.0296875
1 0.028125 0.93984375 0.05546875 0.11953125
3 0.92890625 0.4796875 0.09453125 0.15
3 0.3453125 0.2234375 0.04140625 0.0875
3 0.296875 0.1046875 0.02421875 0.05703125
3 0.38515625 0.125 0.0265625 0.0453125
3 0.340625 0.1375 0.034375 0.0453125
3 0.35078125 0.05703125 0.0203125 0.03515625
3 0.346875 0.01484375 0.0171875 0.02890625
2 0.76953125 0.83671875 0.196875 0.3265625
6 0.4703125 0.3234375 0.07890625 0.18046875