2 0.44921875 0.625 0.54375 0.6890625
2 0.6609375 0.37734375 0.3015625 0.5109375
4 0.67890625 0.07734375 0.0359375 0.1
4 0.83359375 0.35078125 0.0375 0.10625
4 0.125 0.35546875 0.040625 0.121875
4 0.98984375 0.4859375 0.01875 0.134375
4 0.1640625 0.35546875 0.034375 0.1234375
4 0.02265625 0.85625 0.04375 0.153125
4 0.11015625 0.5109375 0.0375 0.125
4 0.78515625 0.3328125 0.025 0.1078125
4 0.77890625 0.06796875 0.034375 0.115625
4 0.07890625 0.7921875 0.0546875 0.165625
4 0.1265625 0.79140625 0.05 0.146875
4 0.07265625 0.63984375 0.0484375 0.15
4 0.11015625 0.6546875 0.0453125 0.1265625
4 0.1515625 0.65703125 0.046875 0.146875
4 0.0265625 0.7046875 0.0421875 0.146875
4 0.04453125 0.46015625 0.0375 0.13125
4 0.0953125 0.48671875 0.0328125 0.13125
4 0.16328125 0.4828125 0.0453125 0.1265625
4 0.0609375 0.38828125 0.025 0.103125
4 0.0125 0.43125 0.025 0.1328125
4 0.08125 0.35625 0.034375 0.115625
4 0.07109375 0.2765625 0.0359375 0.1109375
4 0.78203125 0.21796875 0.0375 0.115625
4 0.74140625 0.27421875 0.0390625 0.1625
4 0.13984375 0.08203125 0.0265625 0.109375
4 0.1609375 0.084375 0.028125 0.1046875
4 0.12734375 0.2140625 0.0328125 0.103125
4 0.159375 0.2046875 0.034375 0.103125
4 0.165625 0.28046875 0.0375 0.10625
4 0.1328125 0.29296875 0.0359375 0.1125
4 0.7078125 0.07734375 0.025 0.10625
4 0.6359375 0.0265625 0.03125 0.053125
4 0.66640625 0.01953125 0.0296875 0.0390625
4 0.8171875 0.0515625 0.0296875 0.103125
4 0.90546875 0.10546875 0.03125 0.1234375
4 0.8265625 0.20625 0.025 0.109375
4 0.87109375 0.31015625 0.0296875 0.125
4 0.8546875 0.128125 0.025 0.096875
4 0.88984375 0.2671875 0.0234375 0.13125