2 0.29609375 0.42734375 0.1640625 0.4078125
3 0.12421875 0.646875 0.1515625 0.253125
3 0.4890625 0.43046875 0.059375 0.115625
3 0.27578125 0.1328125 0.0421875 0.0609375
6 0.31015625 0.19296875 0.065625 0.109375
3 0.434375 0.16640625 0.03125 0.0375
3 0.19765625 0.4703125 0.0921875 0.1484375
3 0.4671875 0.265625 0.046875 0.075
3 0.428125 0.11875 0.028125 0.0328125
3 0.37265625 0.109375 0.0296875 0.04375
3 0.371875 0.0609375 0.025 0.0359375
3 0.3765625 0.1984375 0.0390625 0.0640625
3 0.41875 0.0921875 0.0234375 0.028125
3 0.33515625 0.06796875 0.0375 0.078125
3 0.3421875 0.01015625 0.021875 0.0203125
3 0.36953125 0.01484375 0.0203125 0.0296875
3 0.41015625 0.04765625 0.0296875 0.046875
3 0.41640625 0.0703125 0.0265625 0.0453125