3 0.30546875 0.45859375 0.121875 0.246875
2 0.903125 0.515625 0.19375 0.309375
3 0.29375 0.2921875 0.0640625 0.1046875
3 0.14140625 0.5828125 0.1453125 0.225
3 0.46875 0.6171875 0.0953125 0.196875
3 0.31953125 0.19375 0.046875 0.0765625
3 0.49375 0.45234375 0.084375 0.1625
3 0.38203125 0.2546875 0.04375 0.0734375
6 0.49140625 0.32109375 0.0890625 0.171875
3 0.2890625 0.1265625 0.0421875 0.059375
3 0.45703125 0.16640625 0.040625 0.0578125
3 0.33515625 0.125 0.034375 0.05
3 0.4390625 0.09296875 0.028125 0.0375
3 0.38828125 0.17578125 0.040625 0.0875
3 0.35234375 0.078125 0.03125 0.0546875
3 0.39140625 0.08203125 0.03125 0.053125
3 0.38984375 0.1359375 0.0390625 0.05625
3 0.4265625 0.05859375 0.025 0.04375
3 0.38828125 0.0453125 0.0234375 0.0390625
3 0.384375 0.0109375 0.01875 0.021875
3 0.41015625 0.009375 0.0171875 0.01875
3 0.41875 0.0328125 0.021875 0.0359375
1 0.25234375 0.38359375 0.0390625 0.109375
1 0.3609375 0.16640625 0.025 0.0640625