3 0.375 0.69609375 0.1328125 0.134375
3 0.75546875 0.48046875 0.103125 0.0875
3 0.59453125 0.44140625 0.084375 0.0890625
3 0.4953125 0.38203125 0.0828125 0.0765625
3 0.415625 0.559375 0.109375 0.1171875
3 0.37578125 0.8875 0.1671875 0.1953125
3 0.5765625 0.7 0.1578125 0.175
2 0.09765625 0.63828125 0.1953125 0.2921875
2 0.8625 0.7640625 0.2640625 0.40625
3 0.2609375 0.46484375 0.0984375 0.0984375
3 0.44453125 0.4609375 0.08125 0.0875
3 0.47890625 0.2984375 0.0765625 0.0640625
3 0.58046875 0.2484375 0.0515625 0.04375
3 0.3796875 0.21640625 0.053125 0.0359375
3 0.37890625 0.18828125 0.0515625 0.03125
3 0.46171875 0.21171875 0.046875 0.0328125
3 0.46640625 0.16484375 0.053125 0.0359375
3 0.3953125 0.14921875 0.0671875 0.0421875
3 0.55625 0.2109375 0.059375 0.0375
2 0.665625 0.171875 0.0921875 0.096875
3 0.56875 0.0875 0.046875 0.028125
3 0.55390625 0.16171875 0.0453125 0.0265625
3 0.56015625 0.18125 0.0453125 0.0359375
3 0.33828125 0.32109375 0.0828125 0.0578125
4 0.66484375 0.971875 0.0703125 0.05625
4 0.7859375 0.90703125 0.0515625 0.0484375
4 0.0375 0.79453125 0.065625 0.046875
4 0.159375 0.8140625 0.0578125 0.0453125
4 0.1875 0.684375 0.040625 0.04375
4 0.228125 0.61796875 0.0453125 0.0421875
4 0.24453125 0.70625 0.0609375 0.05
4 0.31015625 0.54296875 0.046875 0.0640625
4 0.2703125 0.53984375 0.0375 0.059375
6 0.35703125 0.378125 0.159375 0.1140625
3 0.47734375 0.08828125 0.0578125 0.0375
3 0.4953125 0.12734375 0.06875 0.046875
3 0.4734375 0.14609375 0.053125 0.0375
4 0.71875 0.33046875 0.021875 0.0484375
4 0.6859375 0.30859375 0.0375 0.0578125
4 0.56015625 0.2859375 0.034375 0.0453125
4 0.93046875 0.2578125 0.025 0.0375
4 0.96328125 0.26328125 0.025 0.040625
4 0.83515625 0.3140625 0.0375 0.046875
4 0.76953125 0.83359375 0.0578125 0.046875
4 0.74140625 0.6859375 0.04375 0.05625
4 0.75234375 0.7359375 0.0578125 0.0765625
4 0.7984375 0.4234375 0.0390625 0.05
4 0.55546875 0.5171875 0.0453125 0.046875
4 0.63984375 0.490625 0.040625 0.04375
4 0.48203125 0.51171875 0.04375 0.046875