3 0.3234375 0.36171875 0.059375 0.1
6 0.24296875 0.3296875 0.0859375 0.14375
3 0.23984375 0.18828125 0.0484375 0.0921875
3 0.55703125 0.9375 0.0984375 0.125
3 0.459375 0.3921875 0.0671875 0.1125
3 0.39140625 0.24765625 0.0484375 0.0796875
3 0.2953125 0.2109375 0.0421875 0.0703125
3 0.19296875 0.2 0.04375 0.0765625
3 0.19609375 0.55546875 0.1140625 0.159375
3 0.15546875 0.75078125 0.1453125 0.2375
3 0.23125 0.09453125 0.0359375 0.05625
3 0.278125 0.14140625 0.034375 0.0484375
3 0.33125 0.1421875 0.028125 0.0421875
3 0.35625 0.18125 0.046875 0.075
3 0.303125 0.0828125 0.0328125 0.046875
3 0.3171875 0.10625 0.0296875 0.046875
3 0.26328125 0.07578125 0.0203125 0.0296875
3 0.2515625 0.0421875 0.0203125 0.025
2 0.20078125 0.7796875 0.3765625 0.440625