2 0.44296875 0.621875 0.5796875 0.7171875
2 0.6671875 0.3859375 0.328125 0.5265625
4 0.70078125 0.0875 0.040625 0.1015625
4 0.840625 0.36875 0.04375 0.1078125
4 0.1328125 0.3359375 0.046875 0.125
4 0.98828125 0.5109375 0.0234375 0.134375
4 0.171875 0.33828125 0.040625 0.125
4 0.015625 0.8296875 0.03125 0.15625
4 0.11015625 0.490625 0.04375 0.1265625
4 0.79375 0.34765625 0.0296875 0.109375
4 0.80078125 0.0828125 0.040625 0.1171875
4 0.0640625 0.76953125 0.0625 0.1671875
4 0.11171875 0.77109375 0.05625 0.1484375
4 0.065625 0.6171875 0.05625 0.1515625
4 0.10234375 0.634375 0.0515625 0.128125
4 0.14375 0.63828125 0.0546875 0.1484375
4 0.0203125 0.6796875 0.040625 0.15
4 0.046875 0.43671875 0.04375 0.134375
4 0.096875 0.465625 0.0390625 0.1328125
4 0.16484375 0.46484375 0.0515625 0.128125
4 0.0671875 0.365625 0.03125 0.1046875
4 0.01640625 0.40546875 0.03125 0.134375
4 0.0890625 0.334375 0.040625 0.11875
4 0.08359375 0.2546875 0.0421875 0.1125
4 0.79609375 0.2328125 0.04375 0.1171875
4 0.753125 0.2875 0.046875 0.1640625
4 0.1625 0.0640625 0.0328125 0.1109375
4 0.1828125 0.0671875 0.0328125 0.10625
4 0.14296875 0.1953125 0.0375 0.10625
4 0.175 0.1875 0.0390625 0.10625
4 0.17734375 0.26328125 0.0421875 0.1078125
4 0.14453125 0.27421875 0.0421875 0.1140625
4 0.7296875 0.0890625 0.03125 0.1078125
4 0.66015625 0.034375 0.034375 0.0546875
4 0.69140625 0.02890625 0.03125 0.040625
4 0.83984375 0.06875 0.034375 0.1046875
4 0.92578125 0.12734375 0.0390625 0.125
4 0.84140625 0.2234375 0.03125 0.1109375
4 0.88046875 0.3296875 0.0359375 0.1265625
4 0.8734375 0.146875 0.03125 0.096875
4 0.9015625 0.28828125 0.0296875 0.1328125