2 0.4640625 0.62734375 0.625 0.7453125
2 0.64453125 0.35859375 0.3609375 0.54375
4 0.62578125 0.05859375 0.0484375 0.103125
4 0.81328125 0.3109375 0.0515625 0.109375
4 0.11015625 0.40234375 0.0546875 0.1265625
4 0.9828125 0.4265625 0.034375 0.134375
4 0.14921875 0.39765625 0.0484375 0.1265625
4 0.06953125 0.91171875 0.0625 0.1578125
4 0.1140625 0.55859375 0.053125 0.128125
4 0.7625 0.29921875 0.0375 0.109375
4 0.72421875 0.0484375 0.0484375 0.096875
4 0.11796875 0.84140625 0.075 0.1703125
4 0.16484375 0.834375 0.0671875 0.1515625
4 0.09296875 0.690625 0.065625 0.1546875
4 0.13203125 0.70078125 0.0609375 0.13125
4 0.1734375 0.6984375 0.065625 0.1515625
4 0.0546875 0.7609375 0.059375 0.1515625
4 0.04296875 0.515625 0.053125 0.1359375
4 0.096875 0.5359375 0.0484375 0.134375
4 0.1640625 0.52421875 0.0609375 0.13125
4 0.05078125 0.44296875 0.0375 0.10625
4 0.0140625 0.490625 0.028125 0.134375
4 0.0671875 0.40859375 0.0484375 0.1203125
4 0.046875 0.33046875 0.0484375 0.1140625
4 0.7453125 0.1859375 0.0515625 0.11875
4 0.71171875 0.24609375 0.0578125 0.165625
4 0.09140625 0.12890625 0.0390625 0.1125
4 0.1125 0.12890625 0.040625 0.1078125
4 0.0953125 0.26171875 0.0453125 0.1078125
4 0.12578125 0.2484375 0.0453125 0.1078125
4 0.14140625 0.32265625 0.05 0.109375
4 0.11015625 0.3390625 0.05 0.115625
4 0.6546875 0.05546875 0.0390625 0.109375
4 0.5765625 0.0203125 0.0375 0.040625
4 0.60625 0.01171875 0.034375 0.0234375
4 0.76015625 0.034375 0.0421875 0.06875
4 0.8546875 0.0609375 0.046875 0.121875
4 0.78828125 0.16875 0.0375 0.1125
4 0.8453125 0.26640625 0.0453125 0.128125
4 0.80703125 0.0875 0.0375 0.0984375
4 0.85859375 0.22109375 0.0390625 0.1328125