3 0.59375 0.8640625 0.13359375 0.175
3 0.11875 0.41015625 0.0828125 0.1125
3 0.6953125 0.275 0.05703125 0.06796875
2 0.775 0.2140625 0.08828125 0.18046875
3 0.86015625 0.6703125 0.1125 0.1359375
6 0.8640625 0.1796875 0.09296875 0.21015625
3 0.33984375 0.17578125 0.04375 0.05
3 0.265625 0.16328125 0.04140625 0.059375
3 0.7453125 0.4453125 0.07578125 0.10703125
3 0.84375 0.33125 0.06640625 0.1
6 0.159375 0.05234375 0.04296875 0.078125
3 0.34921875 0.2484375 0.04765625 0.04296875
3 0.60546875 0.18515625 0.03203125 0.0578125
3 0.21953125 0.315625 0.06875 0.0984375
3 0.30078125 0.1171875 0.04765625 0.05859375
3 0.25859375 0.0671875 0.028125 0.03671875
3 0.19296875 0.0375 0.0296875 0.04921875
3 0.3453125 0.02890625 0.03359375 0.03515625
3 0.35703125 0.0484375 0.0375 0.03984375
3 0.44921875 0.07265625 0.03828125 0.04140625
3 0.4359375 0.0515625 0.0328125 0.0359375
3 0.5609375 0.15546875 0.04609375 0.05390625
3 0.56796875 0.11875 0.04453125 0.0515625
3 0.61015625 0.14140625 0.040625 0.05703125
3 0.6578125 0.1609375 0.03984375 0.06171875
3 0.665625 0.2328125 0.0546875 0.0640625
6 0.228125 0.05703125 0.046875 0.08828125
6 0.78984375 0.85 0.2109375 0.3