3 0.5484375 0.87265625 0.1546875 0.190625
3 0.1328125 0.3640625 0.0953125 0.121875
3 0.72109375 0.30078125 0.065625 0.075
2 0.8078125 0.25 0.109375 0.190625
3 0.83671875 0.71328125 0.128125 0.1484375
6 0.9 0.2265625 0.1171875 0.2203125
3 0.38046875 0.15859375 0.05 0.0546875
3 0.30859375 0.1375 0.0484375 0.0640625
3 0.75 0.47578125 0.0875 0.115625
3 0.86171875 0.37421875 0.078125 0.1078125
6 0.21640625 0.02734375 0.0515625 0.0546875
3 0.38125 0.23203125 0.053125 0.0484375
3 0.64296875 0.2 0.0390625 0.0609375
3 0.24375 0.2828125 0.0796875 0.10625
3 0.34921875 0.09609375 0.0546875 0.0640625
3 0.31328125 0.040625 0.0328125 0.040625
3 0.25078125 0.01484375 0.0359375 0.0296875
3 0.403125 0.01640625 0.0375 0.0328125
3 0.41328125 0.034375 0.0421875 0.04375
3 0.5015625 0.06953125 0.04375 0.0453125
3 0.49140625 0.046875 0.0375 0.0390625
3 0.60234375 0.165625 0.0515625 0.059375
3 0.6140625 0.1296875 0.05 0.05625
3 0.653125 0.1578125 0.046875 0.0609375
3 0.69765625 0.1828125 0.046875 0.065625
3 0.696875 0.2546875 0.0625 0.0703125
6 0.28359375 0.03671875 0.0578125 0.0734375
6 0.74453125 0.86015625 0.2453125 0.2796875