3 0.39921875 0.71015625 0.1265625 0.1296875
3 0.7515625 0.45 0.1 0.0828125
3 0.58671875 0.43046875 0.0796875 0.084375
3 0.48125 0.38359375 0.0796875 0.071875
3 0.4234375 0.56875 0.103125 0.1125
3 0.42421875 0.9 0.159375 0.1875
3 0.60078125 0.6890625 0.15 0.1671875
2 0.1046875 0.68828125 0.20625 0.2828125
2 0.884375 0.71796875 0.23125 0.3953125
3 0.25859375 0.49453125 0.0953125 0.0953125
3 0.440625 0.46796875 0.078125 0.084375
3 0.4546875 0.30234375 0.0734375 0.0609375
3 0.54921875 0.240625 0.0484375 0.0421875
3 0.34609375 0.23359375 0.0515625 0.0328125
3 0.3421875 0.20546875 0.05 0.0296875
3 0.4265625 0.21875 0.0453125 0.03125
3 0.42578125 0.17109375 0.0515625 0.0328125
3 0.353125 0.1640625 0.065625 0.0390625
3 0.5203125 0.20625 0.0578125 0.034375
2 0.625 0.15390625 0.0875 0.09375
3 0.51796875 0.08203125 0.046875 0.0265625
3 0.5125 0.1578125 0.0453125 0.025
3 0.52109375 0.1765625 0.04375 0.034375
3 0.31796875 0.3421875 0.0796875 0.0546875
4 0.721875 0.95078125 0.0671875 0.059375
4 0.83359375 0.86875 0.0484375 0.046875
4 0.0765625 0.8484375 0.0625 0.04375
4 0.20078125 0.853125 0.0546875 0.04375
4 0.2125 0.72109375 0.0375 0.0421875
4 0.2453125 0.65078125 0.04375 0.040625
4 0.27109375 0.7359375 0.0578125 0.046875
4 0.3171875 0.565625 0.04375 0.0625
4 0.27734375 0.5671875 0.034375 0.0578125
6 0.34296875 0.396875 0.1546875 0.10625
3 0.42734375 0.09453125 0.05625 0.0359375
3 0.44921875 0.13046875 0.0671875 0.04375
3 0.43046875 0.15234375 0.0515625 0.034375
4 0.69609375 0.3046875 0.01875 0.046875
4 0.66171875 0.2875 0.034375 0.05625
4 0.53359375 0.2796875 0.0328125 0.04375
4 0.89765625 0.20703125 0.0234375 0.0359375
4 0.93046875 0.209375 0.021875 0.0390625
4 0.81015625 0.27421875 0.034375 0.0453125
4 0.80859375 0.79765625 0.0546875 0.0453125
4 0.7625 0.6546875 0.040625 0.053125
4 0.77890625 0.70390625 0.0546875 0.075
4 0.78671875 0.3875 0.0375 0.0484375
4 0.5578125 0.51015625 0.04375 0.04375
4 0.6375 0.4734375 0.0375 0.0421875
4 0.48359375 0.5140625 0.0421875 0.0453125