3 0.18828125 0.690625 0.1453125 0.221875
3 0.396875 0.25 0.053125 0.0703125
3 0.2375 0.32265625 0.0515625 0.08125
3 0.22109375 0.45859375 0.090625 0.1453125
3 0.503125 0.621875 0.0984375 0.196875
3 0.31484375 0.328125 0.0546875 0.1078125
3 0.24921875 0.24140625 0.0421875 0.0640625
3 0.35390625 0.1875 0.034375 0.0453125
3 0.478125 0.4546875 0.084375 0.1609375
3 0.33359375 0.521875 0.08125 0.1421875
3 0.18828125 0.20546875 0.04375 0.0609375
1 0.2640625 0.6203125 0.0453125 0.13125
3 0.3109375 0.12734375 0.025 0.0265625
3 0.275 0.140625 0.025 0.0328125
1 0.10234375 0.97265625 0.0734375 0.0546875
3 0.9203125 0.4125 0.1171875 0.1625
3 0.30390625 0.25078125 0.0546875 0.0921875
3 0.2375 0.14140625 0.0328125 0.059375
3 0.328125 0.14765625 0.0328125 0.0484375
3 0.2859375 0.1671875 0.040625 0.05
3 0.28359375 0.0859375 0.025 0.0375
3 0.27265625 0.04453125 0.021875 0.03125
2 0.81875 0.790625 0.2453125 0.353125
6 0.44296875 0.33046875 0.10625 0.190625