3 0.4109375 0.71484375 0.1328125 0.134375
3 0.7484375 0.43671875 0.103125 0.0875
3 0.5828125 0.42578125 0.084375 0.0890625
3 0.475 0.384375 0.0828125 0.0765625
3 0.42734375 0.57265625 0.109375 0.1171875
3 0.44453125 0.90234375 0.1671875 0.1953125
3 0.61015625 0.68359375 0.1578125 0.175
2 0.11484375 0.70859375 0.2203125 0.2921875
2 0.88515625 0.696875 0.2296875 0.40625
3 0.25859375 0.50703125 0.0984375 0.0984375
3 0.43828125 0.47109375 0.08125 0.0875
3 0.44453125 0.3046875 0.0765625 0.0640625
3 0.5359375 0.23828125 0.0515625 0.04375
3 0.33203125 0.24140625 0.053125 0.0359375
3 0.3265625 0.2140625 0.0515625 0.03125
3 0.4125 0.22265625 0.046875 0.0328125
3 0.40859375 0.17578125 0.053125 0.0359375
3 0.3359375 0.17265625 0.0671875 0.0421875
3 0.5046875 0.20546875 0.059375 0.0375
2 0.60625 0.14765625 0.0921875 0.096875
3 0.49609375 0.08125 0.046875 0.028125
3 0.49453125 0.1578125 0.0453125 0.0265625
3 0.50390625 0.17578125 0.0453125 0.0359375
3 0.31015625 0.3515625 0.0828125 0.0578125
4 0.7453125 0.9390625 0.0703125 0.0625
4 0.85234375 0.85078125 0.0515625 0.0484375
4 0.0953125 0.8703125 0.065625 0.046875
4 0.21953125 0.86796875 0.0578125 0.0453125
4 0.22421875 0.7359375 0.040625 0.04375
4 0.253125 0.66328125 0.0453125 0.0421875
4 0.284375 0.74765625 0.0609375 0.05
4 0.32109375 0.575 0.046875 0.0640625
4 0.28125 0.57890625 0.0375 0.059375
6 0.33828125 0.40546875 0.159375 0.1140625
3 0.40625 0.09921875 0.0578125 0.0375
3 0.43046875 0.13359375 0.06875 0.046875
3 0.4125 0.15625 0.053125 0.0375
4 0.6859375 0.29453125 0.021875 0.0484375
4 0.65 0.27890625 0.0375 0.0578125
4 0.521875 0.278125 0.034375 0.0453125
4 0.88203125 0.18671875 0.025 0.0375
4 0.91484375 0.18671875 0.025 0.040625
4 0.79765625 0.25859375 0.0375 0.046875
4 0.8234375 0.78125 0.0578125 0.046875
4 0.7703125 0.64140625 0.04375 0.05625
4 0.7890625 0.6890625 0.0578125 0.0765625
4 0.78046875 0.37265625 0.0390625 0.05
4 0.5578125 0.5078125 0.0453125 0.046875
4 0.6359375 0.46640625 0.040625 0.04375
4 0.484375 0.51484375 0.04375 0.046875