2 0.303125 0.41015625 0.196875 0.4140625
3 0.1125 0.61328125 0.1703125 0.2609375
3 0.4953125 0.4296875 0.06875 0.11875
3 0.30859375 0.11484375 0.046875 0.0625
6 0.3375 0.178125 0.0734375 0.1125
3 0.4640625 0.16171875 0.034375 0.0390625
3 0.2015625 0.44453125 0.103125 0.153125
3 0.4875 0.26328125 0.0515625 0.0765625
3 0.4609375 0.11328125 0.0296875 0.034375
3 0.4078125 0.1 0.0328125 0.0453125
3 0.41015625 0.0515625 0.028125 0.0375
3 0.40390625 0.1890625 0.04375 0.0671875
3 0.4546875 0.08671875 0.025 0.0296875
3 0.3734375 0.05546875 0.04375 0.0796875
3 0.3859375 0.00390625 0.025 0.0078125
3 0.4125 0.01015625 0.021875 0.0203125
3 0.45 0.04140625 0.0328125 0.0484375
3 0.45390625 0.06484375 0.0296875 0.046875