3 0.3015625 0.4859375 0.0890625 0.2375
2 0.9125 0.4578125 0.175 0.2875
3 0.26640625 0.32265625 0.05078125 0.0984375
3 0.15625 0.63203125 0.11796875 0.21015625
3 0.48515625 0.6203125 0.06953125 0.1890625
3 0.27890625 0.221875 0.0375 0.071875
3 0.4875 0.45390625 0.06328125 0.1546875
3 0.34921875 0.2734375 0.03515625 0.06953125
6 0.46640625 0.32421875 0.0671875 0.1640625
3 0.2390625 0.159375 0.034375 0.05546875
3 0.4109375 0.17578125 0.03359375 0.053125
3 0.284375 0.1515625 0.028125 0.04609375
3 0.3828125 0.10546875 0.0234375 0.034375
3 0.34453125 0.19453125 0.02890625 0.08359375
3 0.2953125 0.103125 0.02421875 0.0515625
3 0.334375 0.1015625 0.025 0.05078125
3 0.33984375 0.1546875 0.03203125 0.0515625
3 0.365625 0.0734375 0.01953125 0.04140625
3 0.32578125 0.065625 0.01796875 0.03671875
3 0.31796875 0.028125 0.01484375 0.0296875
3 0.34296875 0.02109375 0.0140625 0.02890625
3 0.3546875 0.0484375 0.0171875 0.03359375
1 0.23828125 0.41953125 0.025 0.10625
1 0.315625 0.1890625 0.0171875 0.06171875