3 0.30703125 0.4515625 0.1296875 0.25
2 0.90078125 0.53046875 0.1984375 0.3140625
3 0.30078125 0.28515625 0.0671875 0.10625
3 0.13828125 0.5703125 0.153125 0.228125
3 0.46484375 0.615625 0.1015625 0.1984375
3 0.33046875 0.1875 0.05 0.0765625
3 0.4953125 0.45234375 0.0890625 0.1640625
3 0.390625 0.25078125 0.046875 0.075
6 0.49765625 0.32109375 0.0953125 0.1734375
3 0.30234375 0.11953125 0.04375 0.0609375
3 0.46875 0.165625 0.0421875 0.0578125
3 0.3484375 0.11953125 0.0359375 0.05
3 0.453125 0.09140625 0.0296875 0.0375
3 0.4 0.171875 0.04375 0.0875
3 0.3671875 0.0734375 0.0328125 0.0546875
3 0.40625 0.07890625 0.0328125 0.0546875
3 0.40234375 0.13203125 0.040625 0.05625
3 0.44140625 0.05625 0.0265625 0.04375
3 0.40390625 0.0421875 0.0234375 0.0390625
3 0.40234375 0.009375 0.0203125 0.01875
3 0.428125 0.0078125 0.01875 0.015625
3 0.43515625 0.0296875 0.0234375 0.0359375
1 0.25625 0.375 0.04375 0.109375
1 0.37265625 0.16171875 0.028125 0.0640625