3 0.43359375 0.72265625 0.14375 0.1453125
3 0.740625 0.4109375 0.1109375 0.096875
3 0.575 0.41796875 0.0921875 0.0953125
3 0.46328125 0.3875 0.0890625 0.0828125
3 0.43515625 0.58046875 0.11875 0.1265625
3 0.4875 0.9015625 0.184375 0.196875
3 0.62890625 0.67109375 0.1734375 0.1875
2 0.1390625 0.74765625 0.2453125 0.3078125
2 0.88515625 0.653125 0.2296875 0.425
3 0.26015625 0.53203125 0.1078125 0.1078125
3 0.4359375 0.47734375 0.0890625 0.0953125
3 0.42421875 0.31171875 0.08125 0.0703125
3 0.50859375 0.2359375 0.0546875 0.0484375
3 0.30625 0.2609375 0.0546875 0.040625
3 0.29765625 0.23359375 0.053125 0.0359375
3 0.38359375 0.23359375 0.0484375 0.0375
3 0.37578125 0.18671875 0.0546875 0.040625
3 0.30234375 0.19140625 0.0703125 0.0484375
3 0.47421875 0.20625 0.0625 0.0421875
2 0.56875 0.1390625 0.1 0.1046875
3 0.45234375 0.084375 0.0484375 0.0328125
3 0.45859375 0.16015625 0.046875 0.03125
3 0.46953125 0.17734375 0.0484375 0.040625
3 0.2953125 0.37265625 0.0859375 0.065625
4 0.78984375 0.9109375 0.075 0.06875
4 0.88671875 0.8125 0.0546875 0.053125
4 0.13671875 0.91015625 0.06875 0.053125
4 0.259375 0.8953125 0.0609375 0.0515625
4 0.25 0.76328125 0.04375 0.046875
4 0.271875 0.68828125 0.0484375 0.046875
4 0.3109375 0.76875 0.0640625 0.0546875
4 0.3296875 0.59375 0.0515625 0.0671875
4 0.290625 0.6015625 0.04375 0.0625
6 0.32890625 0.42265625 0.1671875 0.128125
3 0.36484375 0.1109375 0.059375 0.04375
3 0.3921875 0.14296875 0.071875 0.053125
3 0.37734375 0.1671875 0.05625 0.0421875
4 0.66328125 0.2765625 0.0265625 0.05
4 0.62578125 0.26484375 0.0421875 0.0609375
4 0.49921875 0.27734375 0.0390625 0.046875
4 0.846875 0.1484375 0.028125 0.0390625
4 0.8796875 0.1453125 0.028125 0.0421875
4 0.77109375 0.228125 0.0421875 0.05
4 0.85078125 0.74609375 0.0609375 0.053125
4 0.78359375 0.61171875 0.0484375 0.059375
4 0.8078125 0.6578125 0.0640625 0.08125
4 0.765625 0.34375 0.04375 0.053125
4 0.55859375 0.5015625 0.05 0.05
4 0.63125 0.45234375 0.04375 0.046875
4 0.4859375 0.51640625 0.0484375 0.05