3 0.375 0.3140625 0.0609375 0.1
6 0.30859375 0.25859375 0.090625 0.1453125
3 0.34921875 0.1234375 0.05 0.09375
3 0.41875 0.934375 0.1015625 0.128125
3 0.49453125 0.38515625 0.0703125 0.1140625
3 0.47421875 0.2265625 0.05 0.08125
3 0.39453125 0.16171875 0.04375 0.071875
3 0.30078125 0.11953125 0.046875 0.078125
3 0.19375 0.45859375 0.11875 0.1625
3 0.0953125 0.6328125 0.153125 0.240625
3 0.3703125 0.03125 0.0375 0.0578125
3 0.4 0.090625 0.0359375 0.0484375
3 0.45 0.10703125 0.0296875 0.0421875
3 0.4625 0.15234375 0.05 0.0765625
3 0.4421875 0.0421875 0.034375 0.0484375
3 0.44765625 0.06875 0.03125 0.046875
3 0.40625 0.0234375 0.021875 0.03125
2 0.15703125 0.703125 0.3140625 0.5125