3 0.3625 0.32265625 0.05625 0.0984375
6 0.2921875 0.27265625 0.08125 0.1421875
3 0.3234375 0.13515625 0.0453125 0.0921875
3 0.44921875 0.93828125 0.0953125 0.1234375
3 0.48671875 0.38515625 0.0625 0.1125
3 0.45546875 0.22890625 0.0453125 0.078125
3 0.37109375 0.16953125 0.0390625 0.06875
3 0.27421875 0.134375 0.0421875 0.0765625
3 0.19140625 0.48046875 0.109375 0.15625
3 0.10546875 0.66015625 0.1390625 0.234375
3 0.3375 0.04140625 0.0328125 0.05625
3 0.371875 0.0984375 0.0328125 0.046875
3 0.42265625 0.11171875 0.028125 0.040625
3 0.43828125 0.15546875 0.0453125 0.075
3 0.41015625 0.04765625 0.03125 0.046875
3 0.4171875 0.0734375 0.028125 0.0453125
3 0.3734375 0.03125 0.0203125 0.0296875
3 0.36953125 0.00390625 0.0203125 0.0078125
2 0.1578125 0.73046875 0.315625 0.4953125