3 0.2671875 0.71953125 0.103125 0.090625
3 0.45078125 0.3546875 0.06875 0.0640625
2 0.36796875 0.51015625 0.0890625 0.0921875
3 0.33515625 0.5953125 0.0828125 0.078125
3 0.61953125 0.353125 0.0671875 0.0609375
3 0.56328125 0.2453125 0.0546875 0.05
3 0.49609375 0.35 0.0578125 0.0546875
3 0.68828125 0.1921875 0.0515625 0.0484375
3 0.63046875 0.22265625 0.059375 0.0625
3 0.7984375 0.11953125 0.0453125 0.0484375
4 0.89296875 0.5484375 0.0375 0.0578125
3 0.14453125 0.76640625 0.1015625 0.09375
3 0.53515625 0.6421875 0.090625 0.0828125
3 0.30625 0.31796875 0.059375 0.05
3 0.7234375 0.16171875 0.040625 0.046875
3 0.8984375 0.13984375 0.0328125 0.0375
3 0.97890625 0.53125 0.0421875 0.071875
3 0.9828125 0.48359375 0.034375 0.0546875
3 0.1484375 0.28671875 0.0484375 0.040625
3 0.953125 0.67890625 0.09375 0.1171875
4 0.57421875 0.84609375 0.0375 0.06875
4 0.75703125 0.9375 0.0296875 0.046875
4 0.23515625 0.85234375 0.034375 0.059375
4 0.140625 0.98125 0.0375 0.0375