2 0.2609375 0.55 0.078125 0.08359375
3 0.603125 0.29609375 0.04375 0.04140625
3 0.5453125 0.33984375 0.053125 0.04609375
3 0.584375 0.38984375 0.05625 0.0625
3 0.6375 0.25234375 0.05625 0.04609375
3 0.2046875 0.62734375 0.078125 0.07890625
3 0.89375 0.17109375 0.0375 0.04140625
3 0.721875 0.23125 0.05 0.04609375
4 0.884375 0.53359375 0.01875 0.04140625
3 0.3375 0.64765625 0.08125 0.0625
3 0.0765625 0.74140625 0.090625 0.075
3 0.78359375 0.221875 0.0484375 0.04765625
3 0.834375 0.18828125 0.03515625 0.05078125
3 0.44921875 0.2890625 0.04453125 0.0390625
3 0.98203125 0.575 0.0359375 0.0390625
3 0.98515625 0.6203125 0.02890625 0.0546875
3 0.18984375 0.2203125 0.03828125 0.034375
4 0.17421875 0.78515625 0.025 0.05625
4 0.50859375 0.85234375 0.0265625 0.059375
4 0.6703125 0.975 0.02578125 0.04921875