2 0.3421875 0.4953125 0.0828125 0.0875
3 0.6484375 0.3890625 0.0671875 0.05
3 0.28203125 0.57265625 0.08125 0.0703125
3 0.171875 0.67421875 0.096875 0.0796875
3 0.6328125 0.26640625 0.0546875 0.0484375
3 0.70546875 0.25390625 0.05625 0.05625
3 0.54140625 0.35859375 0.053125 0.046875
3 0.44921875 0.63515625 0.084375 0.0703125
3 0.7703125 0.24296875 0.0453125 0.04375
3 0.89296875 0.2015625 0.0421875 0.0390625
4 0.86640625 0.646875 0.03125 0.0640625
4 0.01640625 0.90234375 0.0328125 0.0640625
4 0.15703125 0.77265625 0.021875 0.046875
3 0.04609375 0.684375 0.0921875 0.084375
3 0.2046875 0.20625 0.0328125 0.03125
3 0.8171875 0.21953125 0.04375 0.046875
3 0.9671875 0.65390625 0.0546875 0.06875
3 0.98046875 0.6046875 0.0328125 0.05
3 0.5296875 0.334375 0.0578125 0.0375
3 0.38203125 0.28203125 0.04375 0.0375
4 0.48984375 0.8546875 0.03125 0.0625
4 0.6421875 0.9765625 0.021875 0.046875