2 0.3421875 0.48984375 0.084375 0.090625
3 0.65234375 0.39375 0.06875 0.0515625
3 0.2796875 0.56484375 0.084375 0.0734375
3 0.165625 0.66328125 0.1 0.0828125
3 0.640625 0.271875 0.05625 0.05
3 0.7140625 0.26171875 0.0578125 0.0578125
3 0.54609375 0.359375 0.0546875 0.0484375
3 0.44453125 0.6328125 0.0875 0.0734375
3 0.77890625 0.25234375 0.046875 0.0453125
3 0.903125 0.215625 0.04375 0.040625
4 0.8609375 0.659375 0.0328125 0.0640625
4 0.01015625 0.884375 0.0203125 0.065625
4 0.14765625 0.76015625 0.0234375 0.046875
3 0.04375 0.66875 0.0875 0.0875
3 0.215625 0.19609375 0.034375 0.0328125
3 0.82734375 0.23046875 0.0453125 0.0484375
3 0.9609375 0.66953125 0.05625 0.0703125
3 0.9765625 0.621875 0.034375 0.0515625
3 0.5359375 0.33515625 0.059375 0.040625
3 0.38984375 0.278125 0.0453125 0.0390625
4 0.47734375 0.85390625 0.0328125 0.0625
4 0.62578125 0.97890625 0.0234375 0.0421875