3 0.6140625 0.29140625 0.040625 0.04140625
2 0.2515625 0.55390625 0.078125 0.08359375
3 0.64375 0.25 0.05 0.04140625
3 0.55 0.33984375 0.05625 0.04609375
3 0.5734375 0.38984375 0.065625 0.0625
3 0.1953125 0.63125 0.078125 0.07890625
3 0.325 0.64765625 0.08125 0.0625
3 0.896875 0.16640625 0.0375 0.04140625
4 0.8859375 0.53125 0.015625 0.0375
3 0.72421875 0.22109375 0.04765625 0.034375
3 0.73046875 0.23671875 0.0375 0.03203125
3 0.790625 0.2203125 0.034375 0.028125
3 0.83515625 0.18828125 0.03203125 0.02890625
3 0.0671875 0.7484375 0.08515625 0.0796875
3 0.65 0.6046875 0.0703125 0.0734375
3 0.98203125 0.571875 0.0359375 0.05
3 0.45859375 0.290625 0.06171875 0.04296875
3 0.1921875 0.22578125 0.0375 0.03984375
4 0.17265625 0.7828125 0.02421875 0.0625
4 0.5078125 0.85 0.01953125 0.05859375
4 0.6703125 0.97265625 0.021875 0.05390625