3 0.45859375 0.353125 0.0625 0.0640625
3 0.33984375 0.53125 0.08125 0.078125
3 0.2453125 0.634375 0.096875 0.0796875
3 0.62734375 0.2765625 0.0546875 0.0515625
3 0.390625 0.46328125 0.0828125 0.0828125
3 0.5390625 0.35546875 0.0578125 0.0515625
3 0.76171875 0.2671875 0.0453125 0.0453125
3 0.52421875 0.65546875 0.09375 0.0796875
4 0.8671875 0.65390625 0.0234375 0.0484375
4 0.2796875 0.20625 0.0359375 0.0484375
3 0.8890625 0.22265625 0.0453125 0.0453125
3 0.10859375 0.63515625 0.0953125 0.084375
3 0.9609375 0.67265625 0.0515625 0.065625
3 0.9734375 0.63203125 0.0359375 0.0546875
3 0.9375 0.840625 0.065625 0.075
3 0.35703125 0.265625 0.053125 0.04375
3 0.67421875 0.39375 0.08125 0.059375
3 0.69140625 0.2890625 0.0515625 0.0421875
3 0.70703125 0.2609375 0.0390625 0.0375
3 0.803125 0.2484375 0.046875 0.0390625
3 0.9859375 0.2734375 0.028125 0.0375
4 0.47109375 0.8453125 0.0296875 0.0703125
4 0.14609375 0.75078125 0.03125 0.0640625
4 0.03046875 0.86484375 0.040625 0.065625
4 0.62109375 0.9828125 0.0265625 0.034375