3 0.2296875 0.67109375 0.090625 0.075
3 0.4796875 0.34765625 0.059375 0.05390625
2 0.36875 0.48515625 0.075 0.07890625
3 0.3203125 0.5625 0.071875 0.06640625
3 0.6453125 0.37890625 0.059375 0.05
3 0.6109375 0.2625 0.046875 0.04140625
3 0.525 0.35234375 0.05 0.04609375
3 0.74375 0.23359375 0.04375 0.04140625
3 0.68125 0.25234375 0.05 0.05390625
3 0.865625 0.18359375 0.0375 0.04140625
4 0.8765625 0.62265625 0.028125 0.05390625
3 0.1 0.69375 0.0875 0.07890625
3 0.5078125 0.64609375 0.07890625 0.06875
3 0.34453125 0.284375 0.053125 0.040625
3 0.78359375 0.21015625 0.03359375 0.040625
3 0.96015625 0.22265625 0.0265625 0.0328125
3 0.97421875 0.625 0.05078125 0.0640625
3 0.98203125 0.578125 0.0359375 0.0484375
3 0.1953125 0.2234375 0.04375 0.0328125
3 0.92890625 0.765625 0.11328125 0.09765625
4 0.50703125 0.85390625 0.02578125 0.065625
4 0.66875 0.978125 0.021875 0.04375
4 0.17265625 0.7953125 0.02421875 0.05546875
4 0.053125 0.91640625 0.02734375 0.05703125