3 0.4484375 0.35703125 0.0578125 0.0609375
3 0.3421875 0.5421875 0.078125 0.0734375
3 0.25546875 0.6515625 0.09375 0.0734375
3 0.6109375 0.26875 0.0515625 0.0484375
3 0.38828125 0.47109375 0.078125 0.078125
3 0.52890625 0.353125 0.0546875 0.0484375
3 0.74453125 0.25 0.0421875 0.0421875
3 0.53515625 0.65390625 0.090625 0.0734375
4 0.87734375 0.628125 0.0203125 0.046875
4 0.259375 0.22265625 0.0328125 0.046875
3 0.86875 0.19609375 0.0421875 0.0421875
3 0.11875 0.66171875 0.090625 0.078125
3 0.971875 0.63984375 0.0484375 0.0625
3 0.98125 0.59921875 0.0328125 0.053125
3 0.96015625 0.809375 0.0625 0.0703125
3 0.34140625 0.2765625 0.05 0.040625
3 0.66640625 0.38125 0.078125 0.0546875
3 0.67578125 0.2765625 0.0484375 0.0390625
3 0.68984375 0.246875 0.0375 0.0359375
3 0.784375 0.228125 0.04375 0.0359375
3 0.97109375 0.23984375 0.028125 0.0359375
4 0.4953125 0.84609375 0.025 0.06875
4 0.1640625 0.775 0.0265625 0.0625
4 0.05703125 0.896875 0.0359375 0.0625
4 0.65546875 0.978125 0.0234375 0.04375