2 0.25625 0.5203125 0.0875 0.0921875
3 0.62734375 0.31015625 0.0484375 0.046875
3 0.56484375 0.346875 0.0578125 0.0515625
3 0.596875 0.40078125 0.0640625 0.06875
3 0.66640625 0.27109375 0.0609375 0.053125
3 0.19140625 0.590625 0.0875 0.0875
3 0.93125 0.221875 0.0421875 0.0453125
3 0.753125 0.26015625 0.0546875 0.0515625
4 0.87734375 0.58046875 0.0234375 0.04375
3 0.32109375 0.6265625 0.0875 0.071875
3 0.05 0.68828125 0.0984375 0.0859375
3 0.815625 0.25859375 0.053125 0.053125
3 0.86953125 0.23125 0.040625 0.0546875
3 0.475 0.284375 0.0484375 0.04375
3 0.96953125 0.6328125 0.040625 0.04375
3 0.9671875 0.67890625 0.0359375 0.0578125
3 0.2265625 0.184375 0.0421875 0.0390625
4 0.1421875 0.74296875 0.03125 0.059375
4 0.465625 0.85078125 0.034375 0.0625
4 0.6109375 0.9828125 0.03125 0.034375