2 0.34375 0.5234375 0.0875 0.0921875
3 0.6265625 0.36484375 0.0703125 0.053125
3 0.29765625 0.609375 0.0859375 0.075
3 0.20703125 0.72890625 0.1015625 0.0859375
3 0.58984375 0.24765625 0.0578125 0.0515625
3 0.659375 0.221875 0.059375 0.059375
3 0.515625 0.353125 0.05625 0.05
3 0.4734375 0.6421875 0.0890625 0.0765625
3 0.72109375 0.2 0.0484375 0.046875
3 0.83515625 0.1375 0.0453125 0.0421875
4 0.8859375 0.58125 0.0359375 0.065625
4 0.09296875 0.9734375 0.0390625 0.053125
4 0.209375 0.82734375 0.025 0.0484375
3 0.084375 0.7609375 0.0984375 0.090625
3 0.15859375 0.26171875 0.0359375 0.0328125
3 0.7640625 0.16875 0.046875 0.05
3 0.97890625 0.5703125 0.0421875 0.071875
3 0.98671875 0.51953125 0.0265625 0.0515625
3 0.50078125 0.33125 0.059375 0.0421875
3 0.34609375 0.30546875 0.046875 0.040625
4 0.5515625 0.85078125 0.0359375 0.0640625
4 0.72421875 0.94921875 0.0265625 0.0546875