2 0.4671875 0.4296875 0.084375 0.0875
3 0.603125 0.28828125 0.0609375 0.0546875
4 0.86171875 0.65546875 0.028125 0.053125
3 0.35234375 0.60234375 0.1046875 0.0828125
3 0.71328125 0.28046875 0.059375 0.046875
3 0.31640625 0.396875 0.071875 0.06875
3 0.690625 0.40546875 0.0828125 0.0640625
3 0.40078125 0.49609375 0.0828125 0.075
4 0.8 0.65 0.0234375 0.0484375
3 0.87421875 0.27109375 0.0484375 0.0484375
3 0.6359375 0.31640625 0.053125 0.0453125
3 0.5109375 0.37109375 0.0609375 0.059375
3 0.20390625 0.56953125 0.1046875 0.0953125
3 0.6546875 0.75546875 0.1109375 0.1109375
3 0.05859375 0.61484375 0.1171875 0.1078125
3 0.3453125 0.23515625 0.053125 0.05
3 0.73203125 0.30390625 0.0515625 0.0515625
3 0.78515625 0.28125 0.05625 0.0515625
3 0.096875 0.2 0.0453125 0.046875
3 0.11484375 0.24765625 0.0546875 0.0625
3 0.94609375 0.70546875 0.05625 0.0703125
3 0.95859375 0.665625 0.046875 0.065625
4 0.13828125 0.721875 0.0375 0.059375
4 0.0609375 0.8015625 0.0390625 0.059375
4 0.41484375 0.7453125 0.0375 0.06875
4 0.4390625 0.84609375 0.0390625 0.0609375
4 0.578125 0.9859375 0.0375 0.028125
3 0.99375 0.31484375 0.0125 0.0390625