2 0.4578125 0.43515625 0.075 0.078125
3 0.57265625 0.27578125 0.0546875 0.0484375
4 0.8796875 0.60390625 0.021875 0.0515625
3 0.36875 0.621875 0.096875 0.071875
3 0.68046875 0.253125 0.0546875 0.040625
3 0.30390625 0.4234375 0.065625 0.0625
3 0.675 0.38046875 0.078125 0.053125
3 0.40078125 0.509375 0.075 0.065625
4 0.81796875 0.60703125 0.01875 0.046875
3 0.83828125 0.22109375 0.0421875 0.04375
3 0.609375 0.29921875 0.0484375 0.040625
3 0.49296875 0.3703125 0.05625 0.053125
3 0.21640625 0.61015625 0.0953125 0.084375
3 0.6890625 0.73125 0.1 0.1
3 0.071875 0.6765625 0.121875 0.09375
3 0.31015625 0.259375 0.0484375 0.04375
3 0.703125 0.2734375 0.046875 0.046875
3 0.75234375 0.24296875 0.05 0.0453125
3 0.05859375 0.259375 0.040625 0.0421875
3 0.0828125 0.30390625 0.0484375 0.05625
3 0.9703125 0.64140625 0.0484375 0.065625
3 0.97734375 0.6 0.0390625 0.0609375
4 0.17265625 0.7703125 0.0296875 0.05625
4 0.10703125 0.859375 0.03125 0.05625
4 0.45 0.7546875 0.028125 0.065625
4 0.4875 0.8515625 0.03125 0.0578125
4 0.646875 0.97890625 0.03125 0.0421875
3 0.97578125 0.246875 0.03125 0.034375