2 0.4640625 0.43203125 0.08125 0.084375
3 0.5921875 0.28359375 0.059375 0.053125
4 0.86875 0.6359375 0.025 0.0515625
3 0.35859375 0.61015625 0.1015625 0.078125
3 0.7015625 0.26953125 0.0578125 0.04375
3 0.3109375 0.40625 0.0703125 0.0671875
3 0.68515625 0.39609375 0.08125 0.059375
3 0.40078125 0.50078125 0.0796875 0.071875
4 0.8078125 0.63359375 0.021875 0.0484375
3 0.86171875 0.2515625 0.0453125 0.046875
3 0.6265625 0.309375 0.0515625 0.04375
3 0.50390625 0.3703125 0.059375 0.05625
3 0.2078125 0.58515625 0.1015625 0.0921875
3 0.66796875 0.746875 0.10625 0.10625
3 0.0609375 0.6375 0.121875 0.103125
3 0.33203125 0.24375 0.0515625 0.046875
3 0.721875 0.2921875 0.05 0.05
3 0.7734375 0.26640625 0.0546875 0.05
3 0.08125 0.221875 0.04375 0.0453125
3 0.1015625 0.26796875 0.053125 0.0609375
3 0.95625 0.68203125 0.053125 0.06875
3 0.9671875 0.64140625 0.04375 0.0640625
4 0.15078125 0.740625 0.034375 0.0578125
4 0.07734375 0.82421875 0.0359375 0.0578125
4 0.428125 0.74921875 0.034375 0.0671875
4 0.45703125 0.84921875 0.0359375 0.0609375
4 0.6046875 0.98359375 0.034375 0.0328125
3 0.9890625 0.2890625 0.021875 0.0375