2 0.34453125 0.52890625 0.090625 0.0953125
3 0.621875 0.36015625 0.071875 0.05625
3 0.3015625 0.61640625 0.0875 0.078125
3 0.21484375 0.7390625 0.1046875 0.0890625
3 0.58125 0.24453125 0.059375 0.053125
3 0.65 0.2171875 0.0609375 0.0609375
3 0.5109375 0.353125 0.05625 0.0515625
3 0.478125 0.64296875 0.090625 0.078125
3 0.7109375 0.1921875 0.05 0.0484375
3 0.821875 0.1265625 0.0453125 0.04375
4 0.8890625 0.5671875 0.0375 0.065625
4 0.109375 0.98046875 0.040625 0.0390625
4 0.22109375 0.8375 0.025 0.0484375
3 0.09375 0.77578125 0.1015625 0.09375
3 0.15 0.2734375 0.0359375 0.034375
3 0.75234375 0.159375 0.0484375 0.0515625
3 0.97890625 0.55234375 0.0421875 0.0734375
3 0.9859375 0.503125 0.028125 0.053125
3 0.49453125 0.33125 0.0609375 0.04375
3 0.33984375 0.3109375 0.046875 0.0421875
4 0.5640625 0.84921875 0.0375 0.0640625
4 0.73984375 0.94140625 0.028125 0.05625