2 0.25 0.59375 0.090625 0.0921875
3 0.5953125 0.27421875 0.0484375 0.046875
3 0.6140625 0.234375 0.0515625 0.046875
4 0.89140625 0.48125 0.0234375 0.04375
3 0.559375 0.38203125 0.1046875 0.0828125
3 0.69609375 0.19921875 0.05625 0.05625
3 0.20234375 0.67734375 0.0875 0.0875
3 0.33125 0.67578125 0.0859375 0.075
4 0.21015625 0.82421875 0.03125 0.059375
4 0.55546875 0.8484375 0.0359375 0.0671875
4 0.728125 0.95390625 0.025 0.0453125
3 0.084375 0.80859375 0.1046875 0.0890625
3 0.53125 0.33125 0.0609375 0.0484375
3 0.44375 0.2921875 0.0640625 0.053125
3 0.64765625 0.58125 0.084375 0.090625
3 0.98046875 0.51640625 0.0390625 0.0515625
3 0.75546875 0.18359375 0.0453125 0.04375
3 0.7984375 0.146875 0.040625 0.034375
3 0.853125 0.12265625 0.046875 0.0453125
3 0.92265625 0.16875 0.028125 0.0328125