3 0.628125 0.3 0.04375 0.04375
2 0.2484375 0.53671875 0.084375 0.0890625
3 0.6609375 0.2609375 0.053125 0.0453125
3 0.5609375 0.34375 0.059375 0.05
3 0.58125 0.3953125 0.0703125 0.0671875
3 0.18671875 0.609375 0.0828125 0.084375
3 0.31484375 0.63515625 0.0859375 0.06875
3 0.91953125 0.19453125 0.040625 0.04375
4 0.8828125 0.5578125 0.01875 0.0390625
3 0.74296875 0.2375 0.05 0.0375
3 0.7484375 0.253125 0.0390625 0.034375
3 0.809375 0.24140625 0.0359375 0.0296875
3 0.85625 0.2125 0.034375 0.03125
3 0.05078125 0.71796875 0.090625 0.0859375
3 0.6421875 0.61484375 0.075 0.078125
3 0.97578125 0.60546875 0.0390625 0.053125
3 0.4734375 0.28828125 0.0640625 0.046875
3 0.21171875 0.2046875 0.040625 0.0421875
4 0.15390625 0.759375 0.028125 0.0640625
4 0.48359375 0.85 0.0234375 0.059375
4 0.6359375 0.978125 0.025 0.04375