3 0.20859375 0.63203125 0.1 0.0875
3 0.50078125 0.34609375 0.065625 0.0609375
2 0.371875 0.4671875 0.0859375 0.0890625
3 0.31328125 0.53671875 0.0796875 0.075
3 0.6609375 0.4 0.065625 0.0578125
3 0.64296875 0.28046875 0.0515625 0.046875
3 0.5453125 0.35703125 0.05625 0.053125
3 0.778125 0.2703125 0.0484375 0.046875
3 0.7140625 0.2796875 0.05625 0.0609375
3 0.90625 0.2375 0.0421875 0.046875
4 0.85546875 0.67421875 0.0359375 0.0578125
3 0.0765625 0.6359375 0.096875 0.090625
3 0.4875 0.64609375 0.0875 0.0796875
3 0.37578125 0.26484375 0.0578125 0.046875
3 0.82109375 0.25234375 0.0390625 0.0453125
3 0.9890625 0.28828125 0.021875 0.0359375
3 0.95234375 0.68984375 0.059375 0.0703125
3 0.96640625 0.64453125 0.0421875 0.053125
3 0.23671875 0.18359375 0.0484375 0.0390625
3 0.8875 0.82265625 0.125 0.1125
4 0.4578125 0.8515625 0.034375 0.06875
4 0.6 0.98671875 0.028125 0.0265625
4 0.134375 0.746875 0.03125 0.0578125
4 0.0078125 0.84921875 0.015625 0.0609375